obs, time, Delta, Theta, Alpha1, Alpha2, Beta1, Beta2, Gamma1, Gamma2, Attention, Meditation, Derived, totPwr, class 
1, 4.9, 83002, 10762, 9738, 3193, 798, 3887, 1880, 803, NA, NA, NA, 114063,  4*
2, 5.9, 58914, 48869, 45955, 11955, 11389, 10927, 10965, 5636, NA, NA, NA, 204610,  4*
3, 6.9, 417000, 77549, 16290, 39619, 28043, 6062, 6613, 4604, NA, NA, NA, 595780,  4*
4, 7.9, 4227, 24938, 1880, 7004, 6733, 8979, 3555, 1460, 53, 30, NA, 58776,  4*
5, 8.9, 62753, 41491, 4952, 12171, 5505, 9606, 10208, 697, 61, 29, NA, 147383,  4*
6, 9.9, 1176449, 312119, 51969, 111870, 45786, 26400, 11014, 4701, 56, 30, NA, 1740308,  4*
7, 11.0, 113199, 36986, 63677, 15460, 7839, 7375, 5602, 9330, 53, 54, NA, 259468,  4*
8, 11.9, 762945, 274295, 35216, 47919, 14523, 34730, 16336, 3824, 43, 57, NA, 1189788,  4*
9, 12.9, 146844, 76593, 17589, 4739, 12448, 5198, 2192, 1610, 29, 51, NA, 267213,  4*
10, 13.9, 166054, 119903, 7393, 1921, 6067, 9051, 4122, 1103, 34, 30, NA, 315614,  4*
11, 14.9, 86909, 22673, 4455, 1538, 7269, 3830, 3004, 631, 43, 1, NA, 130309,  4*
12, 15.9, 114849, 42360, 5032, 44181, 5825, 20587, 18340, 3460, 51, 17, NA, 254634,  4*
13, 16.9, 115113, 17528, 8492, 8486, 5960, 4255, 4863, 866, 63, 38, NA, 165563,  4*
14, 17.9, 570371, 75301, 7194, 25231, 24460, 22921, 13839, 3717, 77, 56, NA, 743034,  4*
15, 18.9, 48903, 12536, 14800, 4354, 1396, 3533, 2093, 651, 74, 81, NA, 88266,  4*
16, 19.9, 126916, 60201, 9650, 8642, 63238, 17109, 13771, 1584, 74, 57, NA, 301111,  4*
17, 20.9, 403058, 70562, 8909, 9252, 14568, 11675, 3144, 1345, 74, 43, NA, 522513,  4*
18, 22.0, 23240, 20471, 2781, 11998, 2323, 4002, 1880, 1067, 66, 51, NA, 67762,  4*
19, 22.9, 183458, 83530, 9214, 9601, 6456, 7559, 2687, 1216, 63, 29, NA, 303721,  4*
20, 23.9, 155110, 30109, 11033, 3567, 8466, 5984, 1351, 446, 56, 43, NA, 216066,  4*
21, 24.9, 60471, 15154, 2291, 2235, 1256, 1976, 947, 349, 53, 47, NA, 84679,  4*
22, 25.9, 1059578, 36007, 101122, 13227, 9092, 23134, 15415, 3218, 56, 61, NA, 1260793,  4*
23, 26.9, 144706, 38681, 17389, 15422, 4598, 7477, 3079, 1141, 60, 78, NA, 232493,  4*
24, 27.9, 116077, 16002, 29676, 22299, 32546, 34361, 25581, 9538, 75, 84, NA, 286080,  4*
25, 29.0, 781894, 118677, 20843, 33030, 14827, 39415, 27809, 3713, 84, 88, NA, 1040208,  4*
26, 29.9, 22757, 10306, 16612, 4078, 4807, 7101, 2276, 1477, 90, 83, NA, 69414,  4*
27, 30.9, 186564, 12406, 3727, 1017, 2190, 2422, 477, 454, 93, 69, NA, 209257,  4*
28, 31.9, 35431, 24554, 8745, 10268, 8778, 8527, 3986, 2211, 81, 66, NA, 102500,  4*
29, 32.9, 708599, 144392, 117197, 32724, 29920, 18626, 19588, 3433, 67, 78, NA, 1074479,  4*
30, 33.9, 378186, 12024, 2656, 3755, 2114, 7603, 3701, 2196, 75, 63, NA, 412235,  4*
31, 34.9, 45137, 26725, 6240, 8335, 9720, 8219, 3459, 1383, 80, 66, NA, 109218,  4*
32, 36.0, 538858, 103754, 7858, 52622, 15609, 16363, 12139, 4456, 70, 64, NA, 751659,  4*
33, 36.9, 292666, 49400, 37840, 3003, 6937, 9949, 5690, 3015, 77, 57, NA, 408500,  4*
34, 37.9, 1157856, 34710, 68502, 18153, 12291, 10968, 5645, 1641, 57, 80, NA, 1309766,  4*
35, 38.9, 1000186, 25609, 1564, 10495, 13862, 8704, 5077, 1263, 60, 75, NA, 1066760,  4*
36, 39.9, 105984, 25723, 10162, 823, 5082, 2776, 3511, 700, 56, 69, NA, 154761,  4*
37, 40.9, 5530, 21715, 4319, 5571, 2137, 5803, 2090, 893, 61, 63, NA, 48058,  4*
38, 41.9, 60352, 48930, 10978, 8839, 10701, 5409, 5123, 1370, 60, 43, NA, 151702,  4*
39, 42.9, 261386, 20000, 4132, 5926, 5991, 4661, 3531, 1209, 56, 47, NA, 306836,  4*
40, 43.9, 73395, 36659, 14946, 10364, 8524, 2915, 2947, 2637, 50, 54, NA, 152387,  4*
41, 44.9, 75057, 12707, 8143, 4429, 2393, 4328, 6378, 909, 50, 63, NA, 114344,  4*
42, 45.9, 726125, 15729, 15202, 5169, 9536, 7022, 5689, 591, 61, 74, NA, 785063,  4*
43, 47.0, 22360, 6962, 4515, 5846, 5395, 4771, 3698, 1090, 67, 81, NA, 54637,  4*
44, 47.9, 24129, 21344, 2120, 5103, 2383, 4031, 3275, 782, 81, 70, NA, 63167,  4*
45, 48.9, 93603, 18558, 7664, 1359, 5856, 5607, 3850, 3110, 83, 61, NA, 139607,  4*
46, 49.9, 588815, 65890, 40187, 13276, 5359, 25015, 28560, 2768, 84, 61, NA, 769870,  4*
47, 50.9, 12533, 15301, 1314, 2357, 3974, 7712, 2963, 1025, 90, 41, NA, 47179,  4*
48, 51.9, 35108, 41814, 10860, 29338, 29121, 59156, 12225, 3118, 100, 43, NA, 220740,  4*
49, 52.9, 519809, 38143, 14145, 5163, 23205, 11696, 15284, 2423, 100, 41, NA, 629868,  4*
50, 53.9, 157751, 29444, 8129, 1908, 4942, 5871, 2419, 2858, 97, 29, NA, 213322,  4*
51, 54.9, 274798, 29799, 47149, 18656, 22075, 18761, 4633, 970, 88, 56, NA, 416841,  4*
52, 55.9, 103655, 18312, 775, 4351, 10842, 5389, 3771, 734, 77, 48, NA, 147829,  4*
53, 56.9, 29225, 25022, 5648, 2192, 2112, 3668, 4073, 1644, 69, 47, NA, 73584,  4*
54, 57.9, 18381, 5468, 4516, 4451, 3113, 9589, 4019, 742, 87, 54, NA, 50279,  4*
55, 58.9, 18545, 13168, 5626, 18014, 1565, 3547, 2431, 1085, 78, 57, NA, 63981,  4*
56, 59.9, 12884, 23700, 3709, 2492, 1296, 2684, 2628, 653, 66, 64, NA, 50046,  4*
57, 60.9, 1766207, 28310, 65934, 10195, 16429, 15268, 36986, 6084, 69, 87, NA, 1945413,  4*
58, 61.9, 231957, 23790, 15206, 2046, 10132, 4982, 5129, 531, 50, 84, NA, 293773,  4*
59, 62.9, 313088, 22057, 51001, 31721, 8915, 38277, 21422, 9996, 66, 84, NA, 496477,  4*
60, 63.9, 46082, 60794, 13587, 13008, 6787, 6882, 4060, 3495, 64, 90, NA, 154695,  4*
61, 65.0, 52867, 21487, 2718, 3779, 3734, 8696, 4690, 1219, 74, 63, NA, 99190,  4*
62, 65.9, 66631, 6975, 7225, 2011, 3062, 4236, 1143, 1671, 83, 67, NA, 92954,  4*
63, 66.9, 22044, 82119, 7387, 6708, 2433, 3295, 2245, 1020, 56, 41, NA, 127251,  4*
64, 67.9, 513916, 136821, 16319, 55817, 8740, 19942, 35237, 3922, 57, 44, NA, 790714,  4*
65, 68.9, 58367, 7252, 8159, 11881, 3405, 3025, 6728, 1966, 47, 74, NA, 100783,  4*
66, 69.9, 233231, 293377, 18291, 31503, 12647, 15828, 15714, 10638, 26, 53, NA, 631229,  4*
67, 70.9, 12754, 11396, 5573, 3282, 8761, 3210, 1680, 1204, 43, 64, NA, 47860,  4*
68, 72.0, 59979, 43373, 14152, 6802, 4820, 11474, 9032, 2063, 50, 61, NA, 151695,  4*
69, 72.9, 17740, 17229, 5823, 3141, 2334, 6899, 983, 1560, 61, 43, NA, 55709,  4*
70, 73.9, 73176, 41934, 21490, 8658, 10772, 5192, 1928, 1272, 66, 57, NA, 164422,  4*
71, 74.9, 136166, 13442, 10186, 7563, 3880, 7059, 1794, 926, 69, 67, NA, 181016,  4*
72, 75.9, 1687876, 58187, 17635, 38437, 2375, 11148, 15775, 1383, 63, 78, NA, 1832816,  4*
73, 76.9, 443050, 35541, 4906, 6274, 20745, 20319, 10676, 3104, 67, 64, NA, 544615,  4*
74, 77.9, 22242, 13858, 19389, 4512, 1440, 3947, 2553, 1467, 70, 77, NA, 69408,  4*
75, 78.9, 108066, 5088, 2862, 10043, 3649, 2783, 8272, 1212, 67, 81, NA, 141975,  4*
76, 79.9, 17297, 17828, 16826, 4733, 2488, 3409, 5408, 504, 66, 84, NA, 68493,  4*
77, 80.9, 11950, 15006, 9120, 8112, 5092, 10248, 4805, 1697, 63, 100, NA, 66030,  4*
78, 81.9, 29034, 16605, 945, 5829, 5087, 4395, 4856, 572, 69, 84, NA, 67323,  4*
79, 82.9, 300100, 38132, 40790, 5454, 4766, 14382, 4943, 809, 70, 81, NA, 409376,  4*
80, 83.9, 152614, 20431, 18429, 10208, 6059, 6900, 9298, 3084, 78, 78, NA, 227023,  4*
81, 84.9, 600392, 148410, 23345, 10284, 9943, 10389, 7336, 4490, 57, 64, NA, 814589,  4*
82, 85.9, 294138, 41715, 9591, 10452, 3331, 10746, 14015, 4128, 56, 67, NA, 388116,  4*
83, 86.9, 56301, 44341, 8649, 3251, 3021, 5522, 9664, 1712, 50, 50, NA, 132461,  4*
84, 87.9, 175459, 31696, 4208, 6385, 1300, 6003, 2346, 1235, 48, 37, NA, 228632,  4*
85, 88.9, 168091, 62792, 2117, 8750, 6917, 4500, 1597, 1866, 50, 30, NA, 256630,  4*
86, 90.0, 40740, 51033, 53998, 13233, 12403, 8497, 4246, 844, 40, 44, NA, 184994,  4*
87, 90.9, 479370, 230607, 19213, 38896, 19272, 26125, 23781, 15104, 40, 44, NA, 852368,  4*
88, 91.9, 1852909, 391700, 30199, 59703, 30258, 26413, 23127, 8601, 27, 40, NA, 2422910,  4*
89, 92.9, 18604, 16549, 9507, 4405, 3164, 5033, 4328, 447, 40, 57, NA, 62037,  4*
90, 93.9, 556249, 43974, 71046, 24789, 8179, 30857, 8144, 5615, 51, 57, NA, 748853,  4*
91, 94.9, 95603, 29066, 14763, 10645, 13241, 6554, 7182, 2749, 54, 70, NA, 179803,  4*
92, 95.9, 97257, 15740, 1109, 4845, 4121, 2854, 1551, 354, 66, 75, NA, 127831,  4*
93, 96.9, 126043, 34515, 10630, 2942, 4784, 1010, 1229, 925, 43, 67, NA, 182078,  4*
94, 97.9, 35597, 7457, 886, 425, 1529, 816, 822, 541, 34, 41, NA, 48073,  4*
95, 99.9, 129300, 10673, 3462, 1486, 1537, 3093, 3502, 866, 38, 35, NA, 153919,  4*
96, 100.9, 1338577, 58035, 23961, 12575, 4412, 2486, 3012, 681, 20, 44, NA, 1443739,  4*
97, 101.9, 331483, 12076, 6126, 16054, 10687, 6277, 7023, 1378, 43, 54, NA, 391104,  4*
98, 102.9, 61518, 16149, 15841, 10166, 4791, 6629, 5689, 1021, 50, 80, NA, 121804,  4*
99, 103.9, 442346, 54514, 17200, 18312, 14857, 13907, 8280, 6835, 47, 83, NA, 576251,  4*
100, 104.9, 87572, 54491, 2288, 2382, 3410, 4582, 3527, 887, 60, 56, NA, 159139,  4*
101, 105.9, 81536, 66082, 38007, 2642, 12720, 10117, 11254, 6029, 51, 51, NA, 228387,  4*
102, 106.9, 669134, 137708, 25052, 15033, 17326, 21623, 15631, 6841, 50, 30, NA, 908348,  4*
103, 108.0, 1015450, 197668, 10443, 17322, 14229, 17997, 18150, 8423, 41, 14, NA, 1299682,  4*
104, 108.9, 26770, 16782, 5493, 1810, 1625, 4426, 3214, 814, 51, 35, NA, 60934,  4*
105, 109.9, 48859, 77765, 25301, 7150, 8138, 13783, 3473, 1840, 56, 29, NA, 186309,  4*
106, 110.9, 93016, 40529, 11117, 11557, 11599, 4462, 3125, 2146, 50, 38, NA, 177551,  4*
107, 111.9, 349539, 53301, 58185, 10047, 10793, 14440, 14514, 7567, 54, 66, NA, 518386,  4*
108, 112.9, 345380, 9591, 3438, 3373, 4021, 3265, 2302, 3926, 53, 67, NA, 375296,  4*
109, 113.9, 24548, 16094, 2459, 10022, 6014, 3748, 3050, 4500, 54, 74, NA, 70435,  4*
110, 114.9, 48105, 39956, 34473, 9458, 8560, 18201, 11365, 4855, 67, 78, NA, 174973,  4*
111, 115.9, 301530, 144147, 12517, 14368, 5138, 9646, 4314, 2075, 57, 56, NA, 493735,  4*
112, 116.9, 50458, 14945, 1023, 2463, 7819, 6744, 6134, 1675, 67, 40, NA, 91261,  4*
113, 117.9, 79457, 40915, 9593, 2686, 26190, 10695, 2991, 728, 74, 24, NA, 173255,  4*
114, 118.9, 65699, 35665, 10797, 8065, 11664, 8538, 6771, 598, 69, 16, NA, 147797,  4*
115, 119.9, 326685, 52739, 35056, 10056, 53411, 18845, 11635, 2592, 84, 26, NA, 511019,  4*
116, 120.9, 49238, 67873, 45072, 9551, 14235, 20528, 9585, 7765, 75, 47, NA, 223847,  4*
117, 121.9, 144983, 41462, 2941, 7149, 8381, 4843, 4954, 2025, 66, 50, NA, 216738,  4*
118, 122.9, 184919, 24889, 4679, 3009, 2952, 1077, 1451, 620, 48, 47, NA, 223596,  4*
119, 123.9, 65699, 9911, 10599, 4381, 6998, 4844, 4330, 1407, 48, 54, NA, 108169,  4*
120, 124.9, 130665, 18942, 4486, 2475, 2159, 1685, 2083, 286, 37, 48, NA, 162781,  4*
121, 125.9, 1348695, 294333, 69493, 21401, 36924, 34212, 5085, 10900, 37, 51, NA, 1821043,  4*
122, 126.9, 231462, 80063, 22997, 37417, 68946, 19302, 14137, 7989, 53, 54, NA, 482313,  4*
123, 127.9, 118511, 87257, 8304, 34762, 23479, 16186, 30743, 5120, 48, 44, NA, 324362,  4*
124, 128.9, 608024, 34179, 6404, 3288, 3358, 5179, 4033, 1787, 54, 41, NA, 666252,  4*
125, 129.9, 54099, 4967, 5264, 4232, 1591, 7045, 1274, 987, 70, 54, NA, 79459,  4*
126, 130.9, 258913, 40394, 7583, 5064, 3562, 4401, 3973, 1493, 66, 51, NA, 325383,  4*
127, 131.9, 76620, 14017, 9470, 1837, 1402, 6385, 2913, 1808, 75, 57, NA, 114452,  4*
128, 133.0, 156945, 22903, 10730, 9080, 11484, 22254, 5102, 2184, 91, 64, NA, 240682,  4*
129, 133.9, 142204, 11437, 18444, 18775, 3300, 3407, 10759, 1107, 69, 75, NA, 209433,  4*
130, 134.9, 9010, 88556, 7520, 15484, 15687, 6949, 4416, 1420, 66, 69, NA, 149042,  4*
131, 135.9, 115377, 25926, 18696, 9637, 2315, 12109, 4604, 2013, 64, 69, NA, 190677,  4*
132, 136.9, 18019, 11448, 3860, 1595, 4917, 1444, 687, 620, 43, 66, NA, 42590,  4*
133, 137.9, 428061, 122470, 26205, 43578, 26117, 18314, 19281, 9577, 47, 47, NA, 693603,  4*
134, 138.9, 4912, 8443, 7259, 3090, 1674, 1505, 1337, 232, 48, 64, NA, 28452,  4*
135, 139.9, 163080, 19395, 19682, 3075, 7571, 9864, 4210, 885, 50, 63, NA, 227762,  4*
136, 140.9, 1011346, 12733, 20286, 18803, 7711, 10260, 4164, 1649, 60, 81, NA, 1086952,  4*
137, 141.9, 144663, 20143, 1448, 992, 1824, 960, 1010, 621, 51, 64, NA, 171661,  4*
138, 142.9, 66938, 81679, 11065, 5280, 4641, 6549, 2896, 1805, 51, 44, NA, 180853,  4*
139, 143.9, 1277361, 160944, 28697, 12789, 15160, 34725, 8421, 13437, 48, 30, NA, 1551534,  4*
140, 144.9, 78848, 89226, 28185, 15801, 20594, 26029, 18893, 13539, 47, 13, NA, 291115,  4*
141, 145.9, 41523, 30105, 25821, 18113, 8906, 11349, 6537, 1842, 60, 38, NA, 144196,  4*
142, 146.9, 256433, 13571, 7441, 2631, 2369, 1450, 318, 213, 57, 51, NA, 284426,  4*
143, 147.9, 31198, 25163, 14086, 5940, 8454, 4659, 3109, 1322, 53, 61, NA, 93931,  4*
144, 148.9, 161237, 56187, 4519, 4836, 948, 5320, 3600, 1733, 43, 53, NA, 238380,  4*
145, 149.9, 922344, 71762, 54490, 51413, 13894, 34220, 6654, 4276, 47, 53, NA, 1159053,  4*
146, 151.0, 364543, 52425, 5668, 4454, 7564, 9990, 3497, 1521, 56, 37, NA, 449662,  4*
147, 151.9, 19285, 5548, 16650, 7775, 4093, 4894, 4196, 982, 61, 51, NA, 63423,  4*
148, 152.9, 211164, 36998, 14139, 17228, 6380, 8272, 3300, 2948, 66, 67, NA, 300429,  4*
149, 153.9, 171584, 41295, 4876, 4931, 1524, 4471, 3160, 2540, 56, 51, NA, 234381,  4*
150, 154.9, 102456, 16541, 25606, 7110, 7142, 4148, 2617, 4888, 51, 78, NA, 170508,  4*
151, 155.9, 911546, 228652, 102301, 19834, 39870, 22551, 24214, 4676, 41, 61, NA, 1353644,  4*
152, 156.9, 62240, 7600, 1793, 2161, 3290, 992, 728, 542, 38, 54, NA, 79346,  4*
153, 158.0, 3088512, 76555, 19505, 24719, 18816, 39622, 24921, 8412, 53, 57, NA, 3301062,  4*
154, 158.9, 993730, 146528, 17842, 43711, 18576, 24825, 15109, 13974, 56, 44, NA, 1274295,  4*
155, 159.9, 271286, 55664, 6148, 21067, 12056, 7287, 5005, 2296, 60, 41, NA, 380809,  4*
156, 160.9, 139257, 41013, 18964, 5151, 15937, 23766, 11143, 4965, 75, 40, NA, 260196,  4*
157, 161.9, 497332, 62053, 20823, 11242, 12321, 25216, 30706, 5938, 74, 41, NA, 665631,  4*
158, 162.9, 146819, 14692, 4206, 4452, 5581, 3844, 1301, 1124, 78, 43, NA, 182019,  4*
159, 163.9, 104864, 37808, 4681, 4313, 4708, 8852, 3203, 3946, 87, 35, NA, 172375,  4*
160, 164.9, 92201, 35438, 11436, 3629, 3286, 4752, 8855, 4947, 70, 37, NA, 164544,  4*
161, 165.9, 156881, 10129, 5924, 6748, 7325, 7193, 3568, 913, 74, 41, NA, 198681,  4*
162, 166.9, 40080, 7787, 2211, 7641, 6113, 7978, 4970, 2026, 83, 43, NA, 78806,  4*
163, 167.9, 118819, 18949, 2439, 4756, 4063, 5318, 7267, 5512, 84, 48, NA, 167123,  4*
164, 168.9, 159786, 19502, 9939, 7365, 6360, 5815, 3119, 2777, 91, 54, NA, 214663,  4*
165, 169.9, 300101, 4746, 301, 1054, 1379, 2312, 1228, 391, 93, 40, NA, 311512,  4*
166, 170.9, 2527186, 118473, 27905, 16744, 39962, 21921, 17307, 5700, 78, 30, NA, 2775198,  4*
167, 171.9, 29114, 9623, 8875, 4967, 3980, 9274, 13216, 1319, 84, 43, NA, 80368,  4*
168, 172.9, 125303, 112241, 39172, 31945, 5314, 45703, 48031, 10239, 88, 41, NA, 417948,  4*
169, 173.9, 102971, 24030, 5148, 10838, 992, 16650, 3631, 1849, 90, 53, NA, 166109,  4*
170, 174.9, 547170, 71295, 62612, 11619, 22765, 11573, 23535, 6671, 84, 67, NA, 757240,  4*
171, 176.0, 55864, 44636, 15684, 35964, 23093, 36712, 4737, 3305, 83, 66, NA, 219995,  4*
172, 176.9, 988188, 222236, 61470, 18781, 53018, 23147, 15024, 7338, 69, 60, NA, 1389202,  4*
173, 177.9, 28513, 21830, 16605, 3025, 4262, 6410, 5268, 1657, 56, 64, NA, 87570,  4*
174, 178.9, 355528, 27237, 6857, 474, 2687, 2261, 1967, 959, 53, 50, NA, 397970,  4*
175, 179.9, 1495098, 204830, 41923, 12535, 43839, 30910, 16643, 8040, 41, 37, NA, 1853818,  4*
176, 180.9, 37813, 26768, 10778, 2211, 2287, 2344, 996, 871, 38, 43, NA, 84068,  4
177, 181.9, 137931, 21278, 2674, 4224, 1012, 2232, 908, 1186, 30, 34, NA, 171445,  4
178, 182.9, 1236269, 579294, 31429, 74108, 76715, 13432, 20393, 20708, 17, 27, NA, 2052348,  4
179, 183.9, 96421, 41478, 4747, 2469, 4638, 4888, 2276, 1179, 16, 24, NA, 158096,  4
180, 184.9, 644048, 310863, 6290, 44331, 23511, 34656, 14847, 4573, 21, 11, NA, 1083119,  4
181, 185.9, 68469, 8334, 1430, 218, 3449, 1650, 946, 636, 29, 1, NA, 85132,  4
182, 186.9, 1193463, 13940, 7591, 7739, 5691, 6978, 3489, 2565, 57, 17, NA, 1241456,  4
183, 187.9, 298469, 89337, 26002, 16822, 3863, 6453, 9869, 1248, 48, 30, NA, 452063,  4
184, 188.9, 36554, 10606, 10320, 5768, 7384, 3116, 6720, 2803, 50, 53, NA, 83271,  4
185, 189.9, 6047, 40832, 1057, 2572, 4185, 3343, 2909, 1836, 41, 48, NA, 62781,  4
186, 190.9, 262929, 75129, 21842, 37826, 11568, 39132, 21248, 7781, 43, 44, NA, 477455,  4
187, 191.9, 43183, 28529, 6342, 11040, 5957, 4315, 4897, 1892, 53, 47, NA, 106155,  4
188, 192.9, 359435, 47595, 15965, 15206, 8983, 8093, 4427, 3092, 51, 40, NA, 462796,  4
189, 194.0, 1069197, 41291, 21886, 13098, 7257, 6433, 10148, 2649, 51, 66, NA, 1171959,  4
190, 194.9, 104242, 12323, 186, 4997, 2669, 3790, 4334, 3998, 48, 60, NA, 136539,  4
191, 195.9, 442670, 98694, 1153, 5019, 7052, 6774, 7170, 1115, 44, 37, NA, 569647,  4
192, 196.9, 1476512, 412765, 59647, 30124, 16411, 29507, 32565, 22942, 37, 26, NA, 2080473,  4
193, 197.9, 574993, 122088, 54154, 13340, 15503, 20713, 17429, 4349, 41, 23, NA, 822569,  4
194, 198.9, 266107, 192930, 67239, 15658, 47086, 19227, 13528, 8285, 27, 26, NA, 630060,  4
195, 199.9, 463425, 5684, 7578, 18758, 10775, 9478, 6181, 2557, 44, 60, NA, 524436,  4
196, 200.9, 179797, 11064, 2669, 1450, 4784, 10071, 4160, 1479, 74, 60, NA, 215474,  4
197, 201.9, 101854, 6098, 910, 1600, 1911, 2043, 553, 151, 81, 51, NA, 115120,  4
198, 202.9, 619534, 39147, 20466, 17194, 11402, 25255, 3508, 2150, 100, 56, NA, 738656,  4
199, 203.9, 116561, 40755, 1545, 1602, 2696, 1522, 1348, 1148, 75, 24, NA, 167177,  4
200, 204.9, 205231, 11786, 4318, 3753, 2785, 981, 828, 186, 44, 38, NA, 229868,  4
201, 205.9, 30728, 21634, 17526, 2410, 7237, 4282, 4462, 4479, 37, 48, NA, 92758,  4
202, 206.9, 43815, 3204, 4160, 2484, 8895, 7373, 7277, 2079, 44, 43, NA, 79287,  4
203, 207.9, 406838, 98133, 35530, 41176, 32549, 39880, 22168, 4570, 67, 64, NA, 680844,  4
204, 208.9, 1540411, 236793, 228980, 129345, 20545, 25411, 25146, 8215, 64, 75, NA, 2214846,  4
205, 209.9, 446427, 275751, 43212, 63375, 32766, 74746, 13835, 15512, 74, 67, NA, 965624,  4
206, 210.9, 508835, 116698, 155185, 39062, 41447, 53991, 20797, 2171, 56, 80, NA, 938186,  4
207, 212.0, 37523, 9366, 956, 1920, 4723, 5478, 6337, 8226, 64, 66, NA, 74529,  4
208, 212.9, 32092, 11839, 6697, 9012, 2025, 5443, 6590, 3353, 81, 61, NA, 77051,  4
209, 213.9, 167136, 78543, 4814, 28442, 4878, 7488, 2902, 2828, 69, 64, NA, 297031,  4
210, 215.9, 1415877, 96777, 56549, 34363, 24579, 25541, 10761, 11545, 66, 61, NA, 1675992,  4
211, 216.9, 219501, 44844, 5882, 5941, 7252, 3808, 1229, 515, 44, 64, NA, 288972,  4
212, 217.9, 188183, 76385, 56116, 20805, 18001, 25690, 8609, 8212, 41, 63, NA, 402001,  4
213, 219.0, 990296, 109327, 22008, 15684, 9716, 6823, 5387, 2963, 38, 60, NA, 1162204,  4
214, 219.9, 251129, 27115, 7068, 3217, 4903, 4314, 3336, 1655, 37, 50, NA, 302737,  4
215, 220.9, 683532, 73766, 19409, 25013, 39062, 26994, 55496, 5802, 51, 53, NA, 929074,  4
216, 221.9, 164544, 60374, 26450, 3858, 8217, 7827, 4401, 1107, 43, 48, NA, 276778,  4
217, 222.9, 35411, 10432, 8574, 2702, 2252, 2531, 1839, 1394, 53, 60, NA, 65135,  4
218, 223.9, 504348, 166222, 69028, 31358, 26299, 28803, 17975, 5443, 53, 64, NA, 849476,  4
219, 224.9, 725703, 57748, 12901, 1298, 6442, 3145, 7028, 2099, 34, 60, NA, 816364,  4
220, 225.9, 344520, 3372, 4096, 1403, 953, 1841, 531, 565, 43, 67, NA, 357281,  4
221, 226.9, 1539595, 55214, 28416, 27959, 30239, 42707, 16283, 7266, 56, 61, NA, 1747679,  4
222, 227.9, 225698, 28939, 16730, 28095, 8307, 8992, 14705, 11438, 57, 69, NA, 342904,  4
223, 228.9, 59109, 56794, 43799, 42713, 2595, 7318, 6134, 1410, 60, 91, NA, 219872,  4
224, 229.9, 96643, 35381, 1337, 6649, 1266, 4866, 5976, 6441, 53, 74, NA, 158559,  4
225, 230.9, 151988, 14980, 4617, 9304, 4659, 4120, 1421, 396, 43, 78, NA, 191485,  4
226, 231.9, 9642, 18860, 6386, 9443, 2565, 2493, 4980, 733, 37, 75, NA, 55102,  4
227, 232.9, 52469, 29393, 7462, 8774, 10384, 10277, 4735, 4659, 53, 60, NA, 128153,  4
228, 233.9, 149660, 40519, 11779, 9779, 3182, 4017, 8091, 4337, 47, 69, NA, 231364,  4
229, 234.9, 406737, 63373, 15549, 10444, 12900, 26200, 7983, 11047, 54, 60, NA, 554233,  4
230, 235.9, 525029, 61162, 26235, 23040, 67341, 36328, 17226, 2685, 74, 48, NA, 759046,  4
231, 237.0, 75218, 13370, 7057, 3562, 1462, 1404, 816, 577, 56, 56, NA, 103466,  4
232, 237.9, 40662, 17154, 1386, 2635, 6697, 9266, 2678, 1906, 80, 40, NA, 82384,  4
233, 238.9, 46806, 7427, 8662, 6416, 4828, 8498, 3241, 1679, 83, 53, NA, 87557,  4
234, 239.9, 152686, 1683, 755, 568, 2118, 1243, 937, 434, 87, 51, NA, 160424,  4
235, 240.9, 185191, 231946, 31367, 29088, 11616, 21547, 17168, 11274, 90, 38, NA, 539197,  4
236, 241.9, 14767, 19623, 12941, 3911, 5570, 3340, 2766, 960, 70, 60, NA, 63878,  4
237, 242.9, 1038020, 110735, 38893, 19161, 34202, 38159, 19025, 2634, 64, 50, NA, 1300829,  4
238, 244.0, 297184, 29040, 25556, 33960, 58191, 19615, 17100, 5279, 57, 57, NA, 485925,  4
239, 244.9, 652466, 52824, 27229, 37139, 33971, 22928, 11259, 2971, 67, 70, NA, 840787,  4
240, 245.9, 6660, 10588, 5932, 8287, 3619, 8923, 1894, 1446, 83, 69, NA, 47349,  4
241, 246.9, 13663, 25125, 6125, 7739, 12191, 7704, 4214, 987, 81, 69, NA, 77748,  4
242, 247.9, 614807, 47871, 4867, 5771, 9600, 5889, 2211, 483, 70, 54, NA, 691499,  4
243, 248.9, 485521, 87450, 11059, 2907, 8112, 16920, 15848, 3653, 70, 37, NA, 631470,  4
244, 249.9, 29767, 18996, 4116, 9282, 2098, 4860, 3303, 1325, 61, 35, NA, 73747,  4
245, 250.9, 34225, 114072, 22811, 5685, 11111, 7144, 2728, 1791, 44, 29, NA, 199567,  4
246, 251.9, 36503, 13879, 1230, 3737, 5714, 6170, 2760, 1399, 57, 30, NA, 71392,  4
247, 252.9, 81893, 8822, 3298, 1422, 4745, 8051, 8265, 2134, 74, 38, NA, 118630,  4
248, 253.9, 73810, 35644, 9775, 4773, 5426, 12065, 9606, 6075, 78, 30, NA, 157174,  4
249, 255.0, 868253, 204229, 28237, 17335, 12602, 39983, 13580, 4440, 90, 29, NA, 1188659,  4
250, 255.9, 1993796, 67824, 69131, 16835, 31493, 29877, 24713, 10708, 84, 44, NA, 2244377,  4
251, 256.9, 60695, 9137, 4270, 1488, 1205, 2610, 591, 289, 69, 53, NA, 80285,  4
252, 257.9, 114314, 26796, 69086, 11688, 24399, 20848, 19431, 5617, 67, 67, NA, 292179,  4
253, 258.9, 21701, 29669, 2212, 7977, 1579, 3474, 7009, 2476, 61, 75, NA, 76097,  4
254, 259.9, 19088, 21004, 5700, 3147, 5814, 7695, 2239, 448, 66, 63, NA, 65135,  4
255, 260.9, 874845, 41726, 30153, 86241, 21918, 15753, 9430, 9452, 60, 77, NA, 1089518,  4
256, 262.0, 39922, 14351, 2601, 1180, 2778, 6523, 3370, 2064, 66, 54, NA, 72789,  4
257, 262.9, 791234, 332137, 122129, 21963, 58828, 7064, 9864, 5279, 50, 56, NA, 1348498,  4
258, 263.9, 10488, 14468, 5860, 8578, 3581, 3530, 2488, 3764, 40, 69, NA, 52757,  4
259, 264.9, 65098, 75851, 9406, 2092, 3315, 6133, 11833, 2110, 37, 40, NA, 175838,  4
260, 265.9, 1096181, 287571, 83727, 96994, 24508, 24069, 33835, 12222, 16, 54, NA, 1659107,  4
261, 266.9, 16711, 7434, 3592, 4113, 3922, 6727, 5637, 1188, 51, 57, NA, 49324,  4
262, 267.9, 564117, 51493, 3655, 2212, 4182, 3136, 5254, 518, 43, 35, NA, 634567,  4
263, 269.0, 80726, 8028, 3336, 6078, 1647, 1433, 634, 335, 44, 57, NA, 102217,  4
264, 269.9, 115858, 39892, 7045, 10274, 10198, 5149, 6708, 801, 53, 51, NA, 195925,  4
265, 270.9, 107274, 89308, 6203, 3567, 13009, 8569, 3007, 2703, 35, 30, NA, 233640,  4
266, 271.9, 354802, 79287, 36749, 10308, 24700, 21793, 9612, 16345, 47, 47, NA, 553596,  4
267, 272.9, 3279491, 227476, 120483, 29981, 17369, 23689, 15580, 5534, 44, 40, NA, 3719603,  4
268, 273.9, 13134, 19605, 14213, 4301, 1510, 8860, 2576, 2856, 53, 48, NA, 67055,  4
269, 274.9, 130323, 47125, 126889, 27891, 33307, 21025, 11902, 6883, 54, 83, NA, 405345,  4
270, 276.0, 158609, 15688, 7104, 2202, 2494, 1397, 222, 48, 43, 88, NA, 187764,  4
271, 276.9, 165292, 26409, 5875, 18145, 5018, 3897, 5596, 2397, 47, 90, NA, 232629,  4
272, 277.9, 292397, 18813, 8160, 8028, 2257, 5201, 5843, 1537, 41, 90, NA, 342236,  4
273, 278.9, 38632, 49616, 10504, 16449, 7325, 8962, 2610, 3353, 43, 74, NA, 137451,  4
274, 280.0, 47823, 6831, 5304, 7504, 2796, 5395, 7183, 1584, 60, 80, NA, 84420,  4
275, 280.9, 760210, 407351, 70454, 23817, 42833, 52273, 13728, 5801, 61, 63, NA, 1376467,  4
276, 281.9, 60500, 25697, 5228, 3459, 6587, 8545, 9372, 1482, 66, 51, NA, 120870,  4
277, 282.9, 63793, 51597, 8198, 2865, 3972, 9736, 8332, 1779, 69, 40, NA, 150272,  4
278, 283.9, 38368, 71512, 6036, 4398, 5272, 4924, 4351, 2069, 53, 17, NA, 136930,  4
279, 285.9, 465917, 54845, 7072, 36005, 8350, 23321, 15270, 1812, 63, 30, NA, 612592,  4
280, 286.9, 729808, 328537, 41883, 91858, 34102, 44166, 24366, 4061, 53, 37, NA, 1298781,  4
281, 287.9, 63250, 28399, 9492, 6165, 11993, 7646, 5730, 1429, 54, 44, NA, 134104,  4
282, 288.9, 204367, 6775, 3432, 2213, 1514, 2475, 591, 189, 67, 61, NA, 221556,  4
283, 289.9, 1675828, 204490, 80130, 7540, 76262, 21702, 19071, 3898, 54, 54, NA, 2088921,  4
284, 290.9, 2117877, 104076, 39692, 13981, 10680, 33290, 17969, 2966, 64, 54, NA, 2340531,  4
285, 291.9, 137346, 35971, 13030, 11503, 826, 10153, 3257, 2276, 63, 60, NA, 214362,  4
286, 292.9, 23545, 19687, 5599, 2402, 3318, 5188, 5940, 1386, 63, 51, NA, 67065,  4
287, 293.9, 41540, 13280, 1423, 2021, 1033, 1860, 761, 1322, 67, 48, NA, 63240,  4
288, 294.9, 74562, 8656, 5599, 6850, 2654, 8375, 6537, 1229, 74, 56, NA, 114462,  4
289, 295.9, 79475, 45098, 43238, 10789, 25347, 24444, 15931, 6765, 78, 57, NA, 251087,  4
290, 296.9, 131491, 27310, 6570, 5848, 4601, 4781, 3823, 2073, 74, 60, NA, 186497,  4
291, 298.0, 31244, 35949, 35197, 4400, 4185, 5741, 3090, 1806, 69, 77, NA, 121612,  4
292, 298.9, 38768, 70919, 7388, 4660, 2724, 7688, 4921, 1856, 53, 57, NA, 138924,  4
293, 299.9, 2972496, 146625, 34492, 13313, 111735, 22135, 25959, 16719, 47, 43, NA, 3343474,  4
294, 300.9, 242380, 40365, 8621, 7857, 2740, 7900, 7934, 1998, 48, 43, NA, 319795,  4
295, 301.9, 767790, 165169, 44319, 41189, 41200, 30439, 11949, 26363, 53, 34, NA, 1128418,  4
296, 302.9, 1084393, 71961, 24992, 33742, 11252, 17504, 7316, 3946, 56, 50, NA, 1255106,  4
297, 303.9, 1384128, 161859, 85534, 8349, 31458, 22280, 12534, 12032, 53, 61, NA, 1718174,  4
298, 304.9, 64723, 159442, 32847, 9970, 6502, 15657, 6573, 2358, 47, 56, NA, 298072,  4
299, 305.9, 277298, 116217, 12165, 15194, 2132, 12296, 5926, 1217, 43, 50, NA, 442445,  4
300, 306.9, 220433, 11365, 12633, 2425, 3129, 13793, 4250, 2583, 60, 48, NA, 270611,  4
301, 307.9, 794252, 115897, 10164, 37795, 37366, 31879, 16315, 12821, 67, 43, NA, 1056489,  4
302, 308.9, 1002978, 242972, 16478, 12583, 29543, 18835, 21295, 11946, 66, 34, NA, 1356630,  4
303, 309.9, 767724, 761621, 26220, 31275, 44538, 30282, 13945, 5679, 56, 20, NA, 1681284,  4
304, 310.9, 75170, 58484, 49113, 29073, 5866, 26404, 27691, 29342, 44, 24, NA, 301143,  4
305, 311.9, 488530, 39637, 10189, 10493, 11655, 8119, 4367, 1631, 40, 29, NA, 574621,  4
306, 312.9, 174627, 86180, 8132, 19044, 21631, 8703, 6882, 3302, 43, 40, NA, 328501,  4
307, 313.9, 68064, 21491, 9047, 10027, 4922, 9728, 5681, 3357, 63, 63, NA, 132317,  4
308, 314.9, 666148, 105625, 10482, 23928, 20191, 9156, 4251, 3328, 51, 48, NA, 843109,  4
309, 315.9, 30136, 49799, 6593, 15134, 7505, 9946, 3090, 1629, 51, 47, NA, 123832,  4
310, 316.9, 1109921, 291928, 26312, 45638, 36668, 13557, 8044, 1896, 43, 44, NA, 1533964,  4
311, 317.9, 149625, 34530, 37534, 64571, 9699, 34141, 7514, 4196, 43, 56, NA, 341810,  4
312, 318.9, 95338, 5622, 358, 2107, 748, 698, 1456, 311, 47, 60, NA, 106638,  4
313, 319.9, 619834, 73868, 5351, 36254, 18428, 46669, 16800, 6926, 57, 60, NA, 824130,  4
314, 320.9, 220820, 44568, 3866, 6769, 7273, 4271, 11399, 2153, 66, 60, NA, 301119,  4
315, 321.9, 21755, 15256, 15275, 2951, 7698, 6412, 2718, 595, 63, 50, NA, 72660,  4
316, 322.9, 5536, 14696, 4300, 8633, 6215, 2890, 4241, 493, 66, 54, NA, 47004,  4
317, 323.9, 466135, 133369, 22837, 24254, 28460, 25467, 10744, 6505, 54, 53, NA, 717771,  4
318, 324.9, 130916, 20188, 9721, 3375, 8458, 3221, 2974, 386, 54, 61, NA, 179239,  4
319, 325.9, 9764, 11299, 8545, 7126, 8087, 3770, 2581, 1700, 51, 63, NA, 52872,  4
320, 326.9, 16796, 11246, 468, 3790, 3521, 3306, 2244, 1107, 57, 53, NA, 42478,  4
321, 327.9, 7543, 9629, 7983, 1470, 3981, 4935, 3669, 1214, 64, 61, NA, 40424,  4
322, 328.9, 200255, 44104, 9233, 12920, 4282, 4470, 3031, 1812, 61, 63, NA, 280107,  4
323, 329.9, 821121, 71423, 13233, 6140, 4374, 5700, 5571, 4196, 53, 50, NA, 931758,  4
324, 330.9, 76101, 27819, 13349, 4378, 11630, 4015, 3191, 3000, 44, 56, NA, 143483,  4
325, 331.9, 24455, 6967, 5852, 7680, 5652, 4954, 1235, 924, 43, 61, NA, 57719,  4
326, 332.9, 42543, 54805, 18501, 7778, 4558, 3786, 2237, 2710, 41, 61, NA, 136918,  4
327, 333.9, 1201391, 414120, 111192, 20824, 37851, 58263, 47313, 8821, 47, 63, NA, 1899775,  4
328, 334.9, 122753, 7268, 13026, 22061, 28971, 14375, 11609, 3118, 61, 67, NA, 223181,  4
329, 335.9, 85523, 9181, 10539, 11491, 6613, 11094, 5740, 2145, 64, 67, NA, 142326,  4
330, 336.9, 185152, 25850, 23465, 4034, 10247, 32715, 13201, 3987, 93, 67, NA, 298651,  4
331, 337.9, 60758, 28032, 14569, 46408, 9331, 26458, 9931, 2080, 100, 83, NA, 197567,  4
332, 338.9, 55908, 52455, 13139, 30241, 6570, 4884, 3672, 1571, 83, 83, NA, 168440,  4
333, 339.9, 839947, 54506, 72292, 36911, 22464, 18249, 11657, 6250, 70, 88, NA, 1062276,  4
334, 341.0, 1785169, 156736, 12351, 13025, 9944, 19245, 12689, 11556, 53, 75, NA, 2020715,  4
335, 341.9, 238635, 14278, 3048, 2976, 3140, 2024, 612, 158, 41, 61, NA, 264871,  4
336, 342.9, 37784, 11358, 38474, 3426, 8010, 4802, 3836, 1772, 48, 74, NA, 109462,  4
337, 343.9, 348721, 90995, 25763, 18291, 9576, 22091, 11361, 10827, 51, 60, NA, 537625,  4
338, 344.9, 476844, 74433, 17338, 8887, 5962, 59046, 13391, 5171, 69, 61, NA, 661072,  4
339, 345.9, 82688, 92689, 21314, 13496, 66582, 17185, 11127, 10655, 70, 57, NA, 315736,  4
340, 346.9, 875864, 264549, 11414, 46022, 28327, 14756, 19587, 4239, 64, 30, NA, 1264758,  4
341, 347.9, 257242, 16467, 4553, 3166, 5395, 2423, 7982, 1985, 61, 30, NA, 299213,  4
342, 348.9, 62599, 13398, 10483, 5422, 7456, 7849, 3418, 1187, 53, 44, NA, 111812,  4
343, 349.9, 27480, 12548, 9602, 2303, 5426, 8107, 808, 1101, 63, 54, NA, 67375,  4
344, 350.9, 307312, 44843, 7066, 7888, 3037, 3404, 1761, 504, 66, 60, NA, 375815,  4
345, 351.9, 401667, 77431, 11685, 17529, 7725, 19115, 13452, 6851, 70, 56, NA, 555455,  4
346, 352.9, 44172, 51752, 16979, 17891, 7522, 7626, 5395, 1699, 57, 56, NA, 153036,  4
347, 353.9, 1294396, 135189, 48941, 46147, 15018, 21382, 18743, 10325, 43, 57, NA, 1590141,  4
348, 354.9, 100242, 8208, 5152, 1832, 5078, 1974, 1176, 344, 53, 63, NA, 124006,  4
349, 355.9, 53256, 54494, 12918, 5602, 1279, 7602, 2544, 1212, 48, 63, NA, 138907,  4
350, 356.9, 103465, 127242, 11886, 4561, 7297, 7950, 3264, 1381, 43, 47, NA, 267046,  4
351, 357.9, 141954, 68905, 26097, 7533, 13409, 8619, 3476, 1300, 43, 43, NA, 271293,  4
352, 358.9, 162112, 161243, 23325, 8657, 12527, 7209, 4001, 1111, 29, 30, NA, 380185,  4
353, 359.9, 18056, 63892, 6106, 14283, 9030, 24477, 9453, 2390, 40, 26, NA, 147687,  4
354, 360.9, 293706, 115531, 14784, 32200, 18881, 15259, 3786, 1950, 47, 37, NA, 496097,  4
355, 361.9, 354044, 333346, 23114, 24181, 27911, 31957, 21937, 11422, 47, 23, NA, 827912,  4
356, 362.9, 649436, 42599, 29965, 13820, 9679, 9587, 8032, 1567, 56, 40, NA, 764685,  4
357, 363.9, 117977, 23368, 10939, 5016, 2808, 6628, 3053, 1307, 51, 48, NA, 171096,  4
358, 364.9, 717041, 405984, 28139, 41201, 47409, 53726, 17866, 10022, 53, 40, NA, 1321388,  4
359, 365.9, 69730, 41982, 5634, 3562, 1454, 7730, 2601, 1519, 60, 43, NA, 134212,  4
360, 366.9, 608480, 76287, 42940, 26065, 35303, 17084, 27795, 6672, 61, 41, NA, 840626,  4
361, 367.9, 17459, 2702, 8214, 1792, 2646, 5341, 5760, 583, 70, 50, NA, 44497,  4
362, 368.9, 46160, 31933, 7508, 9608, 7927, 4066, 6255, 502, 67, 63, NA, 113959,  4
363, 369.9, 399452, 105668, 14877, 24296, 12101, 20193, 29196, 5555, 66, 67, NA, 611338,  4
364, 370.9, 122896, 375322, 78985, 41065, 30712, 21519, 24911, 5242, 54, 60, NA, 700652,  4
365, 371.9, 102007, 23707, 3644, 12432, 4920, 6270, 2001, 1111, 43, 51, NA, 156092,  4
366, 372.9, 78895, 39289, 23137, 6091, 10053, 5997, 4488, 1285, 43, 54, NA, 169235,  4
367, 373.9, 383910, 125177, 119624, 41988, 34186, 24905, 14339, 7461, 38, 67, NA, 751590,  4
368, 374.9, 29448, 18584, 1617, 8085, 4168, 8316, 5855, 1225, 61, 69, NA, 77298,  4
369, 375.9, 148832, 112844, 176347, 43668, 14450, 10679, 23060, 23835, 43, 84, NA, 553715,  4
370, 376.9, 155050, 187796, 27512, 17488, 14167, 39638, 9860, 22893, 50, 69, NA, 474404,  4
371, 377.9, 134438, 4251, 615, 886, 2242, 1344, 882, 792, 61, 51, NA, 145450,  4
372, 378.9, 964952, 218352, 58721, 12447, 39200, 26909, 30540, 5793, 48, 50, NA, 1356914,  4
373, 379.9, 1576151, 123553, 3554, 31210, 13732, 18051, 7261, 1619, 61, 26, NA, 1775131,  4
374, 380.9, 389803, 48269, 34721, 34065, 49448, 26761, 16474, 15566, 64, 40, NA, 615107,  4
375, 381.9, 16672, 9405, 1889, 2792, 4393, 4004, 3061, 982, 67, 47, NA, 43198,  4
376, 382.9, 69639, 19771, 6305, 4031, 3028, 10256, 2815, 1767, 83, 48, NA, 117612,  4
377, 384.0, 17258, 10811, 8060, 3937, 3148, 4693, 4024, 1635, 90, 60, NA, 53566,  4
378, 384.9, 138137, 6143, 5982, 1982, 3564, 3147, 633, 471, 90, 61, NA, 160059,  4
379, 385.9, 106118, 39595, 1533, 2016, 4169, 8541, 1986, 655, 84, 44, NA, 164613,  4
380, 386.9, 18055, 14946, 6074, 4067, 923, 7084, 3593, 1356, 83, 48, NA, 56098,  4
381, 387.9, 43664, 52495, 7748, 3115, 8122, 4387, 7568, 2321, 69, 34, NA, 129420,  4
382, 388.9, 17641, 19033, 5841, 11698, 1213, 6910, 7041, 2586, 67, 34, NA, 71963,  4
383, 389.9, 20033, 8811, 3775, 5314, 4001, 7958, 4606, 2287, 77, 54, NA, 56785,  4
384, 390.9, 12445, 24122, 8210, 1952, 4853, 6506, 6500, 873, 70, 50, NA, 65461,  4
385, 391.9, 55648, 58917, 2272, 14350, 5191, 7489, 4291, 1558, 75, 54, NA, 149716,  4
386, 392.9, 102463, 118259, 14099, 11303, 9672, 6569, 6519, 797, 60, 40, NA, 269681,  4
387, 393.9, 51823, 13465, 2406, 2227, 4055, 12153, 6143, 937, 63, 27, NA, 93209,  4
388, 394.9, 92770, 76830, 12156, 5850, 13724, 9805, 4050, 3648, 57, 23, NA, 218833,  4
389, 395.9, 113366, 23820, 3530, 61305, 22885, 18845, 14592, 12748, 67, 38, NA, 271091,  4
390, 396.9, 21611, 6555, 3859, 1404, 834, 4592, 4445, 1631, 91, 50, NA, 44931,  4
391, 397.9, 98050, 48864, 6224, 10612, 5477, 14990, 3472, 2528, 80, 54, NA, 190217,  4
392, 398.9, 25189, 6759, 3909, 3336, 3513, 4356, 2274, 2236, 91, 67, NA, 51572,  4
393, 399.9, 132954, 27356, 15301, 7075, 2439, 5317, 3937, 2248, 83, 61, NA, 196627,  4
394, 400.9, 30524, 8672, 4360, 6753, 1599, 4834, 3582, 501, 78, 66, NA, 60825,  4
395, 402.0, 7992, 5506, 6410, 1809, 1142, 4036, 4931, 545, 81, 81, NA, 32371,  4
396, 402.9, 4878, 7413, 2102, 1575, 2405, 9181, 2503, 1217, 90, 69, NA, 31274,  4
397, 403.9, 88220, 4755, 389, 826, 2380, 1482, 600, 206, 97, 53, NA, 98858,  4
398, 404.9, 11117, 11285, 6358, 4533, 3314, 7131, 3366, 1193, 100, 48, NA, 48297,  4
399, 405.9, 33872, 7650, 8245, 5654, 5507, 5982, 2249, 1333, 97, 47, NA, 70492,  4
400, 406.9, 471575, 29099, 13546, 41195, 10566, 19651, 13690, 6932, 83, 64, NA, 606254,  4
401, 407.9, 57457, 65787, 5242, 8141, 3763, 5538, 3739, 2446, 69, 67, NA, 152113,  4
402, 408.9, 41936, 4040, 3843, 2805, 13697, 6633, 4098, 1115, 77, 61, NA, 78167,  4
403, 409.9, 174093, 18060, 1500, 10309, 3750, 2793, 7220, 2454, 64, 56, NA, 220179,  4
404, 410.9, 171632, 13988, 3124, 8088, 1752, 5329, 1889, 1392, 63, 48, NA, 207194,  4
405, 411.9, 14652, 9156, 4191, 9406, 2010, 4650, 2636, 833, 77, 67, NA, 47534,  4
406, 412.9, 391986, 95527, 21150, 18253, 20385, 27949, 23786, 4740, 64, 67, NA, 603776,  4
407, 413.9, 532533, 294223, 16390, 15943, 40478, 24660, 20802, 7055, 63, 48, NA, 952084,  4
408, 414.9, 134380, 14815, 3077, 4900, 3579, 2023, 1421, 666, 54, 47, NA, 164861,  4
409, 415.9, 17186, 7771, 4276, 4077, 3883, 5289, 2195, 2591, 57, 40, NA, 47268,  4
410, 416.9, 126457, 12636, 1592, 4156, 1225, 1362, 797, 373, 48, 44, NA, 148598,  4
411, 417.9, 42314, 21974, 12597, 12786, 5329, 4219, 6849, 763, 50, 69, NA, 106831,  4
412, 418.9, 44248, 6620, 3735, 162, 3782, 3992, 1389, 1235, 66, 64, NA, 65163,  4
413, 420.0, 189699, 137750, 14580, 6165, 1190, 9050, 3761, 3939, 48, 50, NA, 366134,  4
414, 420.9, 27865, 34337, 3050, 4606, 2821, 10844, 8900, 2288, 60, 38, NA, 94711,  4
415, 421.9, 60156, 69144, 50564, 7029, 6187, 10096, 4338, 1647, 57, 38, NA, 209161,  4
416, 422.9, 701524, 76139, 44719, 46768, 49377, 25584, 30460, 5989, 48, 47, NA, 980560,  4
417, 423.9, 24894, 5644, 6817, 4484, 7188, 3334, 2573, 1391, 60, 66, NA, 56325,  4
418, 424.9, 24931, 15350, 20818, 5223, 9424, 5273, 4025, 1342, 53, 87, NA, 86386,  4
419, 425.9, 33648, 5235, 10075, 3471, 3302, 7330, 8215, 1098, 69, 88, NA, 72374,  4
420, 427.0, 34556, 47815, 10631, 5414, 4410, 8732, 4943, 3354, 69, 78, NA, 119855,  4
421, 427.9, 12974, 6253, 11708, 3768, 5017, 3999, 2142, 423, 69, 84, NA, 46284,  4
422, 428.9, 68328, 13124, 1319, 343, 3749, 2887, 532, 321, 75, 56, NA, 90603,  4
423, 429.9, 15702, 23111, 5942, 7925, 1620, 8893, 4088, 1330, 67, 47, NA, 68611,  4
424, 430.9, 28413, 7051, 4602, 1004, 915, 1269, 459, 312, 64, 54, NA, 44025,  4
425, 431.9, 10734, 8430, 5679, 2961, 5962, 4590, 5022, 773, 67, 44, NA, 44151,  4
426, 432.9, 15393, 6214, 9079, 5798, 3820, 3631, 8310, 636, 66, 77, NA, 52881,  4
427, 433.9, 28495, 6528, 7606, 2383, 2993, 8379, 5727, 1378, 75, 80, NA, 63489,  4
428, 434.9, 841225, 326733, 32547, 41954, 16878, 24139, 9320, 9950, 67, 67, NA, 1302746,  4
429, 435.9, 62606, 9117, 14524, 8473, 3335, 6451, 3818, 1121, 66, 80, NA, 109445,  4
430, 436.9, 4837, 14508, 9066, 11105, 1276, 7711, 7434, 1527, 69, 77, NA, 57464,  4
431, 437.9, 281136, 139478, 20524, 27840, 30537, 27341, 56752, 4566, 56, 66, NA, 588174,  4
432, 438.9, 348822, 31351, 6484, 2026, 4998, 5704, 1751, 864, 66, 66, NA, 402000,  4
433, 439.9, 83900, 9547, 7652, 1990, 3521, 7027, 3369, 1499, 74, 56, NA, 118505,  4
434, 440.9, 55331, 17181, 9262, 3630, 4260, 7424, 4104, 1601, 74, 48, NA, 102793,  4
435, 441.9, 176560, 9870, 4753, 1986, 10483, 3902, 3139, 1149, 78, 50, NA, 211842,  4
436, 442.9, 23155, 17402, 3919, 1703, 4933, 13161, 8835, 644, 91, 47, NA, 73752,  4
437, 443.9, 15829, 20770, 1604, 5245, 2944, 5584, 2250, 741, 87, 37, NA, 54967,  4
438, 444.9, 10171, 10873, 9891, 3014, 2324, 3005, 2103, 970, 78, 44, NA, 42351,  4
439, 445.9, 30406, 5162, 6589, 861, 6376, 3084, 2945, 886, 80, 51, NA, 56309,  4
440, 446.9, 32100, 6482, 3190, 2629, 3723, 3925, 7260, 935, 75, 63, NA, 60244,  4
441, 447.9, 110399, 53154, 3687, 12724, 10574, 8482, 8141, 2229, 69, 64, NA, 209390,  4
442, 448.9, 27522, 3536, 1953, 4978, 4136, 9600, 7665, 1141, 90, 56, NA, 60531,  4
443, 449.9, 41568, 38362, 12469, 1903, 11010, 10374, 5076, 2382, 88, 48, NA, 123144,  4
444, 450.9, 79325, 24722, 2334, 999, 6280, 11772, 5202, 1220, 90, 27, NA, 131854,  4
445, 451.9, 8904, 12885, 8151, 7608, 2242, 6312, 2772, 4175, 96, 41, NA, 53049,  4
446, 452.9, 34616, 13313, 3847, 9217, 3778, 10753, 3272, 3925, 90, 43, NA, 82721,  4
447, 453.9, 25126, 9643, 8905, 4770, 2671, 5406, 3205, 1173, 90, 57, NA, 60899,  4
448, 454.9, 21428, 80521, 2844, 18373, 19413, 6692, 5918, 1241, 70, 67, NA, 156430,  4
449, 455.9, 129744, 18742, 8597, 2012, 12402, 7101, 3574, 1956, 70, 54, NA, 184128,  4
450, 456.9, 341713, 64735, 16209, 18592, 19676, 12203, 16691, 9650, 57, 53, NA, 499469,  4
451, 457.9, 891245, 115070, 7732, 11403, 3337, 7165, 4470, 1989, 41, 34, NA, 1042411,  4
452, 458.9, 95270, 22636, 7600, 2432, 6311, 10408, 5356, 2010, 57, 37, NA, 152023,  4
453, 459.9, 28489, 51438, 11919, 3009, 2248, 7104, 8306, 1478, 48, 35, NA, 113991,  4
454, 460.9, 53339, 10615, 3098, 8100, 1323, 4188, 3620, 965, 54, 41, NA, 85248,  4
455, 461.9, 42372, 18992, 4246, 8783, 10992, 4001, 7923, 1747, 64, 51, NA, 99056,  4
456, 462.9, 24033, 9255, 6254, 3949, 5656, 4567, 4713, 1777, 61, 60, NA, 60204,  4
457, 463.9, 20955, 9628, 5166, 3338, 2800, 4220, 4469, 3067, 70, 67, NA, 53643,  4
458, 464.9, 40472, 14506, 3564, 1497, 858, 1994, 2559, 328, 63, 57, NA, 65778,  4
459, 465.9, 83318, 82343, 22544, 8749, 9700, 8958, 2564, 554, 60, 56, NA, 218730,  4
460, 466.9, 85770, 22306, 1286, 4899, 6943, 4642, 7275, 1121, 56, 44, NA, 134242,  4
461, 467.9, 9522, 13733, 8132, 8566, 5990, 6693, 3658, 4215, 54, 48, NA, 60509,  4
462, 468.9, 29589, 2538, 8648, 6748, 9291, 5089, 2870, 721, 64, 63, NA, 65494,  4
463, 470.0, 20474, 3782, 9826, 13065, 1711, 4666, 4471, 1201, 74, 84, NA, 59196,  4
464, 470.9, 69278, 7929, 3644, 1303, 1983, 1434, 715, 550, 69, 93, NA, 86836,  4
465, 471.9, 38827, 10514, 1469, 4742, 1715, 4062, 2769, 1143, 69, 84, NA, 65241,  4
466, 472.9, 18987, 9150, 11364, 4687, 4019, 8770, 4186, 1127, 70, 81, NA, 62290,  4
467, 473.9, 9139, 11207, 524, 5948, 2329, 8941, 2891, 3324, 83, 57, NA, 44303,  4
468, 474.9, 51726, 30552, 6189, 4146, 3618, 5996, 4741, 1250, 84, 53, NA, 108218,  4
469, 475.9, 21114, 17203, 7308, 482, 1401, 4769, 1308, 973, 83, 53, NA, 54558,  4
470, 476.9, 7048, 18240, 6619, 3709, 3034, 6056, 4150, 1968, 78, 44, NA, 50824,  4
471, 477.9, 11751, 12729, 541, 3773, 5484, 5880, 2513, 1297, 75, 40, NA, 43968,  4
472, 478.9, 102431, 35554, 7985, 1229, 2130, 8544, 2453, 728, 78, 37, NA, 161054,  4
473, 479.9, 9573, 32659, 2675, 5617, 14068, 4351, 3584, 1677, 74, 27, NA, 74204,  4
474, 480.9, 1233696, 81836, 36728, 6068, 10060, 6252, 5875, 1509, 56, 29, NA, 1382024,  4
475, 481.9, 29684, 7888, 11078, 4764, 1699, 6189, 2558, 1684, 54, 48, NA, 65544,  4
476, 482.9, 49048, 21731, 4599, 4486, 4126, 7725, 4197, 798, 56, 51, NA, 96710,  4
477, 484.0, 39943, 21618, 1985, 2259, 2656, 5266, 10700, 985, 63, 50, NA, 85412,  4
478, 484.9, 178307, 85462, 77377, 49200, 32877, 28513, 7996, 7888, 74, 57, NA, 467620,  4
479, 485.9, 30073, 11843, 12535, 6108, 4437, 7532, 6220, 815, 74, 54, NA, 79563,  4
480, 486.9, 138700, 339408, 31216, 40613, 45472, 44192, 11587, 6656, 63, 50, NA, 657844,  4
481, 487.9, 79329, 29845, 4404, 6080, 1908, 5467, 6843, 1254, 60, 56, NA, 135130,  4
482, 488.9, 91195, 17056, 892, 4105, 5647, 7792, 4647, 1390, 69, 37, NA, 132724,  4
483, 489.9, 700228, 326840, 24282, 16526, 15526, 26418, 31417, 8246, 56, 13, NA, 1149483,  4
484, 490.9, 2163295, 877881, 155248, 87401, 122696, 51027, 42796, 6120, 48, 16, NA, 3506464,  4
485, 491.9, 290970, 119500, 129254, 25328, 9605, 37052, 30125, 7502, 48, 29, NA, 649336,  4
486, 492.9, 112399, 115541, 98479, 40633, 28044, 34332, 14710, 5487, 37, 50, NA, 449625,  4
487, 493.9, 617246, 51277, 8712, 3053, 5020, 4811, 1630, 333, 38, 56, NA, 692082,  4
488, 494.9, 146927, 25206, 8862, 4500, 2123, 2483, 750, 193, 41, 64, NA, 191044,  4
489, 495.9, 161324, 137138, 21169, 38987, 21697, 24248, 20828, 1980, 40, 53, NA, 427371,  4
490, 496.9, 98915, 22680, 6548, 2150, 5896, 8645, 3472, 2741, 47, 38, NA, 151047,  4
491, 497.9, 70151, 14782, 1543, 2999, 3822, 6410, 905, 1721, 61, 38, NA, 102333,  4
492, 498.9, 183484, 11876, 5530, 4351, 9860, 11154, 5479, 1428, 83, 30, NA, 233162,  4
493, 499.9, 32201, 24127, 9110, 3637, 8464, 3713, 4475, 1577, 81, 34, NA, 87304,  4
494, 500.9, 46118, 16341, 1935, 5543, 6960, 3357, 3550, 1719, 75, 35, NA, 85523,  4
495, 501.9, 60031, 36226, 11046, 2748, 5313, 4287, 3083, 908, 61, 40, NA, 123642,  4
496, 502.9, 42421, 6017, 5189, 9040, 7866, 5781, 5929, 1037, 56, 51, NA, 83280,  4
497, 503.9, 35936, 10148, 4588, 3741, 1161, 8120, 2857, 1786, 70, 54, NA, 68337,  4
498, 504.9, 28177, 37584, 14848, 8373, 2458, 10743, 3438, 1245, 74, 61, NA, 106866,  4
499, 505.9, 61651, 32845, 7944, 14565, 2193, 8068, 3322, 472, 78, 66, NA, 131060,  4
500, 506.9, 148641, 23742, 9367, 1464, 2676, 8557, 5364, 2867, 77, 56, NA, 202678,  4
501, 507.9, 120020, 12936, 6170, 4836, 3979, 3556, 1694, 333, 66, 57, NA, 153524,  4
502, 508.9, 479512, 123617, 36900, 28008, 7789, 25670, 9829, 4238, 63, 56, NA, 715563,  4
503, 509.9, 4286, 4933, 2072, 7999, 1484, 3368, 3109, 1389, 67, 64, NA, 28640,  4
504, 510.9, 96276, 55543, 1991, 8690, 6141, 5702, 2127, 2241, 56, 56, NA, 178711,  4
505, 511.9, 23687, 29847, 12617, 12031, 6946, 6456, 2512, 762, 54, 57, NA, 94858,  4
506, 512.9, 70808, 16002, 10394, 1944, 3264, 7315, 1402, 537, 61, 60, NA, 111666,  4
507, 513.9, 14025, 25458, 5306, 7227, 4356, 2710, 4262, 2253, 48, 50, NA, 65597,  4
508, 514.9, 111697, 7555, 3425, 2734, 3848, 7651, 3553, 871, 67, 57, NA, 141334,  4
509, 515.9, 540041, 41365, 35195, 10581, 80711, 20482, 10829, 11605, 77, 51, NA, 750809,  4
510, 516.9, 10210, 39555, 6906, 14041, 5494, 2752, 6948, 1885, 57, 50, NA, 87791,  4
511, 517.9, 21653, 8598, 20678, 10893, 995, 8176, 3203, 1794, 69, 67, NA, 75990,  4
512, 518.9, 37620, 18772, 16779, 4281, 3741, 4523, 2918, 2168, 53, 78, NA, 90802,  4
513, 519.9, 633915, 111149, 25677, 47031, 6340, 16500, 12017, 5889, 43, 83, NA, 858518,  4
514, 520.9, 1358485, 136950, 183327, 64645, 46694, 65917, 19986, 27017, 57, 91, NA, 1903021,  4
515, 521.9, 65761, 57506, 4540, 26209, 19072, 15629, 2637, 2997, 57, 74, NA, 194351,  4
516, 522.9, 476247, 35380, 35101, 47531, 20666, 52274, 14540, 3803, 70, 74, NA, 685542,  4
517, 523.9, 8840, 23687, 4435, 5029, 2839, 7233, 7592, 754, 80, 66, NA, 60409,  4
518, 524.9, 98821, 24207, 7205, 6309, 6178, 10056, 1724, 1518, 81, 54, NA, 156018,  4
519, 525.9, 18576, 12327, 2934, 22213, 13329, 5145, 12899, 1303, 78, 63, NA, 88726,  4
520, 526.9, 25779, 10908, 12330, 4782, 2014, 5135, 5132, 506, 69, 66, NA, 66586,  4
521, 527.9, 58248, 13235, 8878, 5843, 3115, 7254, 4436, 862, 74, 77, NA, 101871,  4
522, 528.9, 92437, 92300, 47991, 68371, 40911, 25195, 15601, 6959, 66, 84, NA, 389765,  4
523, 529.9, 608965, 52409, 9915, 7835, 7513, 3438, 1190, 762, 54, 74, NA, 692027,  4
524, 530.9, 17585, 9777, 11850, 4713, 1675, 5722, 3457, 610, 56, 74, NA, 55389,  4
525, 531.9, 19433, 13792, 6190, 5002, 1523, 8212, 4293, 830, 60, 69, NA, 59275,  4
526, 532.9, 33004, 9270, 9280, 4632, 2655, 6468, 1369, 1001, 67, 69, NA, 67679,  4
527, 533.9, 82473, 52391, 31938, 6413, 4299, 7982, 3012, 2200, 74, 78, NA, 190708,  4
528, 534.9, 35996, 6239, 4059, 2067, 568, 4226, 3569, 1374, 78, 70, NA, 58098,  4
529, 535.9, 4225, 49750, 6279, 3187, 2187, 4541, 6594, 1613, 61, 60, NA, 78376,  4
530, 536.9, 40305, 53774, 22565, 5539, 4266, 17500, 3405, 6742, 60, 51, NA, 154096,  4
531, 537.9, 812392, 116183, 16865, 4132, 5266, 26108, 2577, 4970, 67, 35, NA, 988493,  4
532, 538.9, 84306, 24649, 7175, 3726, 3209, 6264, 6065, 1114, 60, 27, NA, 136508,  4
533, 539.9, 30822, 11812, 10589, 4185, 2534, 6586, 1904, 1964, 74, 43, NA, 70396,  4
534, 540.9, 76474, 82238, 7564, 14265, 5004, 15967, 4576, 1475, 67, 38, NA, 207563,  4
535, 541.9, 35437, 23121, 2854, 23890, 3232, 7829, 2490, 1631, 67, 57, NA, 100484,  4
536, 542.9, 28799, 12556, 3735, 5137, 12398, 6744, 6579, 2051, 75, 56, NA, 77999,  4
537, 543.9, 69076, 22070, 5394, 10199, 17659, 15528, 2388, 558, 80, 47, NA, 142872,  4
538, 544.9, 2313633, 67059, 9388, 16323, 15426, 15967, 14860, 5576, 80, 48, NA, 2458232,  4
539, 545.9, 69951, 49951, 4992, 3477, 7685, 8885, 3636, 2729, 78, 27, NA, 151306,  4
540, 546.9, 107692, 13638, 1442, 2462, 873, 1070, 315, 83, 60, 26, NA, 127575,  4
541, 547.9, 528838, 211309, 16578, 27288, 31568, 30611, 24377, 18117, 44, 17, NA, 888686,  4
542, 548.9, 620387, 58444, 14703, 69055, 21248, 13732, 17679, 2208, 40, 34, NA, 817456,  4
543, 549.9, 114961, 33041, 10726, 13549, 18686, 5343, 16058, 4527, 35, 48, NA, 216891,  4
544, 550.9, 37663, 100950, 74535, 29366, 7412, 12714, 3535, 5327, 35, 61, NA, 271502,  4
545, 551.9, 13176, 7974, 4223, 1596, 3759, 9864, 2031, 1415, 53, 67, NA, 44038,  4
546, 552.9, 319181, 62828, 35229, 28332, 13268, 15071, 6798, 1972, 54, 64, NA, 482679,  4
547, 553.9, 37482, 12505, 2062, 9443, 6791, 13410, 8482, 3368, 75, 63, NA, 93543,  4
548, 554.9, 278542, 10676, 21358, 24242, 26725, 53552, 12715, 23425, 100, 57, NA, 451235,  4
549, 556.0, 22017, 17010, 13501, 4089, 5105, 5368, 2467, 5218, 87, 67, NA, 74775,  4
550, 556.9, 253511, 53116, 6316, 8025, 5212, 7298, 8004, 745, 87, 53, NA, 342227,  4
551, 557.9, 416276, 111305, 14821, 13553, 25809, 20433, 18147, 2965, 69, 44, NA, 623309,  4
552, 558.9, 10188, 8938, 13517, 3989, 7737, 1887, 2238, 2943, 43, 51, NA, 51437,  4
553, 559.9, 20743, 11198, 2523, 8129, 11348, 7282, 7213, 6139, 53, 44, NA, 74575,  4
554, 560.9, 105270, 33471, 32499, 24341, 8700, 80715, 23410, 14515, 75, 53, NA, 322921,  4
555, 561.9, 457137, 81392, 21767, 24816, 12039, 29007, 12424, 9078, 80, 63, NA, 647660,  4
556, 562.9, 83932, 67541, 11186, 4865, 9544, 7268, 4439, 2194, 81, 44, NA, 190969,  4
557, 563.9, 408194, 36154, 57694, 17611, 19886, 28856, 13564, 9584, 80, 54, NA, 591543,  4
558, 564.9, 1137696, 28926, 33838, 9905, 31573, 13499, 7136, 4411, 63, 57, NA, 1266984,  4
559, 565.9, 79659, 40408, 11882, 6839, 6788, 5481, 7673, 1317, 53, 57, NA, 160047,  4
560, 566.9, 112142, 62901, 9818, 64066, 17352, 48216, 9796, 13749, 66, 70, NA, 338040,  4
561, 567.9, 1930045, 437668, 130783, 49892, 43368, 46913, 13102, 10114, 53, 60, NA, 2661885,  4
562, 568.9, 542514, 47487, 46294, 58891, 15658, 14719, 29063, 14020, 47, 69, NA, 768646,  4
563, 569.9, 29562, 20856, 5702, 3726, 3970, 4370, 3473, 887, 51, 66, NA, 72546,  4
564, 570.9, 24380, 63943, 21086, 44051, 17951, 29026, 11539, 4617, 48, 66, NA, 216593,  4
565, 571.9, 243847, 88121, 51793, 15919, 30341, 22065, 15896, 6396, 54, 70, NA, 474378,  4
566, 572.9, 561717, 54214, 29201, 9925, 5429, 6103, 2510, 1054, 50, 61, NA, 670153,  4
567, 573.9, 148251, 13222, 8631, 5682, 2410, 8028, 2834, 1735, 57, 69, NA, 190793,  4
568, 574.9, 460530, 103993, 9681, 18897, 16623, 32135, 18970, 6308, 57, 54, NA, 667137,  4
569, 575.9, 46465, 24103, 1612, 2106, 6292, 12987, 3855, 849, 69, 35, NA, 98269,  4
570, 576.9, 52736, 20462, 12620, 4201, 1048, 6454, 2911, 1357, 80, 37, NA, 101789,  4
571, 577.9, 18115, 8960, 2848, 9978, 3118, 4260, 5030, 1080, 77, 40, NA, 53389,  4
572, 578.9, 111020, 74792, 50731, 38175, 12130, 19556, 17073, 7661, 69, 57, NA, 331138,  4
573, 579.9, 51457, 14138, 2257, 6241, 5219, 8097, 4343, 1910, 67, 74, NA, 93662,  4
574, 580.9, 76119, 14660, 6476, 676, 1667, 4412, 3776, 968, 70, 64, NA, 108754,  4
575, 581.9, 69725, 66298, 14322, 17402, 4696, 8974, 1973, 1236, 63, 57, NA, 184626,  4
576, 582.9, 107850, 28777, 38474, 1698, 4747, 5542, 3774, 4689, 56, 60, NA, 195551,  4
577, 583.9, 16979, 11061, 5085, 8672, 2428, 4193, 2981, 1714, 50, 69, NA, 53113,  4
578, 584.9, 351417, 389023, 43611, 16451, 37497, 21655, 24181, 5453, 34, 60, NA, 889288,  4
579, 585.9, 31337, 33890, 13199, 6409, 10693, 8468, 1588, 1188, 40, 60, NA, 106772,  4
580, 586.9, 20136, 16054, 5209, 1697, 4805, 3788, 7543, 2132, 48, 44, NA, 61364,  4
581, 587.9, 9677, 24000, 6307, 7388, 1872, 4692, 3952, 1366, 44, 38, NA, 59254,  4
582, 588.9, 91621, 47410, 1714, 19028, 3395, 3769, 3877, 1666, 44, 50, NA, 172480,  4
583, 589.9, 14695, 8514, 7801, 3318, 4164, 5252, 3079, 1086, 50, 54, NA, 47909,  4
584, 590.9, 297978, 42858, 37952, 20376, 7950, 37268, 16845, 6308, 60, 66, NA, 467535,  4
585, 591.9, 154777, 45682, 10355, 1731, 6734, 5694, 2702, 1488, 56, 56, NA, 229163,  4
586, 592.9, 73168, 14869, 1907, 8875, 3107, 3383, 5088, 2744, 66, 60, NA, 113141,  4
587, 593.9, 61321, 11906, 13359, 6025, 4457, 4224, 7403, 746, 60, 64, NA, 109441,  4
588, 594.9, 888031, 294825, 12009, 28769, 15768, 27945, 12589, 10707, 43, 43, NA, 1290643,  4
589, 595.9, 706335, 25451, 84318, 42821, 25942, 41900, 16966, 3626, 54, 66, NA, 947359,  4
590, 596.9, 21960, 16668, 5695, 2442, 5223, 4972, 7322, 1297, 57, 61, NA, 65579,  4
591, 597.9, 350784, 72743, 69542, 12446, 13337, 26743, 22120, 4807, 60, 57, NA, 572522,  4
592, 598.9, 56458, 12408, 5534, 10001, 8468, 8605, 4583, 2223, 75, 77, NA, 108280,  4
593, 599.9, 36346, 12295, 3815, 7406, 1565, 5325, 2650, 3458, 74, 64, NA, 72860,  4
594, 600.9, 28678, 23413, 9139, 8663, 7804, 14537, 2697, 1878, 80, 67, NA, 96809,  4
595, 601.9, 700166, 75165, 37412, 13982, 18893, 21724, 13816, 10072, 78, 61, NA, 891230,  4
596, 602.9, 97652, 18672, 2261, 6158, 3465, 2367, 1360, 456, 64, 56, NA, 132391,  4
597, 603.9, 10458, 12697, 2854, 4112, 2978, 12385, 3783, 1806, 77, 48, NA, 51073,  4
598, 604.9, 320070, 77841, 24803, 20408, 25398, 23208, 14446, 4848, 67, 48, NA, 511022,  4
599, 605.9, 42816, 13953, 13877, 8887, 4132, 14215, 3460, 3458, 78, 53, NA, 104798,  4
600, 606.9, 62776, 19661, 4294, 6487, 3950, 4650, 2401, 1397, 83, 53, NA, 105616,  4
601, 607.9, 676893, 69647, 28876, 37893, 38304, 29408, 19156, 10076, 70, 61, NA, 910253,  4
602, 608.9, 16009, 7637, 2351, 885, 5530, 9586, 3067, 602, 90, 50, NA, 45667,  4
603, 609.9, 17952, 11426, 4989, 2649, 1546, 4790, 1539, 1646, 84, 44, NA, 46537,  4
604, 610.9, 465328, 43950, 10145, 2004, 5266, 4965, 1036, 207, 78, 37, NA, 532901,  4
605, 611.9, 51814, 10979, 3077, 7843, 2209, 3176, 3554, 640, 75, 40, NA, 83292,  4
606, 612.9, 164973, 12515, 5567, 3508, 2088, 4323, 4625, 1653, 60, 54, NA, 199252,  4
607, 613.9, 38793, 13765, 4150, 1476, 3100, 5267, 5795, 1188, 60, 48, NA, 73534,  4
608, 614.9, 23002, 6109, 2082, 6919, 4527, 7693, 6882, 1026, 80, 57, NA, 58240,  4
609, 615.9, 11695, 9817, 7566, 2365, 2903, 3706, 3698, 1360, 81, 56, NA, 43110,  4
610, 617.0, 24792, 18368, 2665, 1448, 7389, 5047, 2535, 1110, 83, 41, NA, 63354,  4
611, 617.9, 38511, 44820, 6717, 8824, 5665, 5791, 8600, 2039, 70, 44, NA, 120967,  4
612, 618.9, 476791, 120924, 7152, 39838, 23183, 18246, 7300, 13194, 54, 38, NA, 706628,  4
613, 619.9, 16972, 19390, 11047, 5780, 4920, 5843, 3038, 1396, 53, 40, NA, 68386,  4
614, 620.9, 85391, 42626, 8721, 6085, 11270, 9484, 2238, 1391, 50, 47, NA, 167206,  4
615, 621.9, 82732, 15963, 8512, 4246, 3563, 7583, 1679, 1302, 60, 51, NA, 125580,  4
616, 622.9, 12198, 14100, 2507, 4451, 1094, 4853, 3578, 1823, 67, 53, NA, 44604,  4
617, 623.9, 161886, 95841, 33222, 36603, 12749, 18417, 13346, 4763, 63, 51, NA, 376827,  4
618, 624.9, 20320, 6321, 15672, 3358, 2241, 6856, 4865, 2485, 67, 69, NA, 62118,  4
619, 625.9, 94302, 6421, 4020, 1579, 3162, 1789, 1045, 250, 63, 69, NA, 112568,  4
620, 626.9, 19528, 5894, 14226, 5944, 657, 4922, 2972, 1887, 61, 88, NA, 56030,  4
621, 628.0, 14789, 13248, 20586, 1383, 2118, 4536, 2725, 2801, 63, 96, NA, 62186,  4
622, 628.9, 12057, 3113, 3483, 1281, 1929, 3293, 2267, 1762, 66, 87, NA, 29185,  4
623, 629.9, 38841, 14139, 9547, 3080, 1992, 5431, 2606, 1521, 69, 90, NA, 77157,  4
624, 630.9, 142476, 9897, 2323, 826, 1451, 1421, 1271, 750, 63, 67, NA, 160415,  4
625, 631.9, 23266, 8064, 5184, 5386, 2785, 2447, 3333, 1258, 63, 64, NA, 51723,  4
626, 632.9, 16733, 18240, 19414, 874, 2001, 3140, 3866, 584, 48, 69, NA, 64852,  4
627, 633.9, 321836, 61044, 9797, 8407, 21120, 13895, 12968, 3487, 47, 56, NA, 452554,  4
628, 634.9, 11665, 14379, 1783, 3607, 3105, 5523, 2149, 743, 56, 56, NA, 42954,  4
629, 635.9, 162669, 81854, 2169, 36629, 19099, 19672, 16203, 7006, 57, 44, NA, 345301,  4
630, 636.9, 776121, 60413, 9310, 16009, 14781, 10130, 5326, 1517, 61, 34, NA, 893607,  4
631, 637.9, 7602, 24062, 7331, 13894, 5245, 14205, 4631, 1701, 66, 44, NA, 78671,  4
632, 638.9, 1648013, 273273, 17594, 18214, 35835, 27600, 16236, 9888, 54, 35, NA, 2046653,  4
633, 639.9, 107867, 34490, 57634, 37946, 8235, 25243, 11132, 3023, 56, 51, NA, 285570,  4
634, 640.9, 4917, 13333, 3826, 7683, 6509, 5708, 3697, 1662, 63, 56, NA, 47335,  4
635, 641.9, 22740, 10349, 7431, 7642, 6939, 8681, 2969, 1529, 64, 57, NA, 68280,  4
636, 642.9, 140047, 185341, 39881, 29621, 15894, 23660, 29906, 1607, 63, 70, NA, 465957,  4
637, 643.9, 40809, 20830, 8407, 10021, 24355, 11974, 2144, 704, 67, 54, NA, 119244,  4
638, 644.9, 17568, 13285, 11252, 4920, 4863, 6673, 2500, 507, 67, 60, NA, 61568,  4
639, 645.9, 724195, 51919, 17682, 28441, 17440, 23185, 13734, 2399, 64, 56, NA, 878995,  4
640, 646.9, 105558, 32525, 6195, 3040, 3935, 7789, 8826, 1000, 70, 53, NA, 168868,  4
641, 647.9, 10347, 11495, 17182, 4192, 3704, 10999, 2798, 821, 70, 64, NA, 61538,  4
642, 648.9, 218487, 47301, 19262, 31806, 9310, 32001, 22202, 7461, 75, 63, NA, 387830,  4
643, 649.9, 403688, 53895, 16858, 41131, 21910, 10799, 20399, 4945, 64, 67, NA, 573625,  4
644, 650.9, 12345, 42191, 7047, 5242, 1536, 12619, 4407, 1719, 67, 67, NA, 87106,  4
645, 651.9, 51427, 8076, 20549, 1288, 2551, 5648, 2816, 734, 63, 74, NA, 93089,  4
646, 652.9, 25092, 12973, 8175, 3293, 5667, 5432, 1192, 1812, 60, 69, NA, 63636,  4
647, 653.9, 22022, 14024, 2859, 2308, 3604, 1699, 3053, 1308, 57, 60, NA, 50877,  4
648, 654.9, 102115, 72630, 19891, 4751, 11144, 16657, 16828, 4922, 56, 60, NA, 248938,  4
649, 655.9, 14312, 13921, 7261, 6226, 3330, 4904, 5257, 1032, 56, 51, NA, 56243,  4
650, 656.9, 260541, 323761, 28399, 32949, 21398, 38227, 10088, 8607, 48, 40, NA, 723970,  4
651, 657.9, 30152, 8060, 11281, 6393, 4211, 4996, 3491, 804, 56, 54, NA, 69388,  4
652, 658.9, 38389, 10373, 3096, 8354, 2604, 4939, 3255, 2096, 57, 64, NA, 73106,  4
653, 660.0, 6572, 27393, 1299, 2191, 7679, 10170, 4966, 1580, 63, 40, NA, 61850,  4
654, 660.9, 14757, 2757, 8043, 9653, 1978, 2598, 1327, 573, 66, 69, NA, 41686,  4
655, 661.9, 255856, 67652, 13765, 16533, 14524, 11051, 5139, 1719, 60, 57, NA, 386239,  4
656, 662.9, 86916, 51902, 20690, 6167, 13060, 20045, 25643, 7845, 60, 50, NA, 232268,  4
657, 663.9, 1097356, 159401, 42289, 36765, 22352, 37147, 11548, 5523, 53, 67, NA, 1412381,  4
658, 664.9, 21067, 5929, 5814, 2100, 1348, 5995, 2200, 1219, 63, 53, NA, 45672,  4
659, 665.9, 16593, 34121, 5581, 6277, 3761, 2536, 2020, 1694, 54, 53, NA, 72583,  4
660, 667.0, 621737, 80350, 42609, 16739, 18856, 13095, 10187, 3286, 43, 57, NA, 806859,  4
661, 667.9, 169525, 108204, 33772, 39129, 34745, 19410, 10657, 7067, 38, 61, NA, 422509,  4
662, 668.9, 641805, 206922, 49152, 34866, 21460, 11325, 11846, 5059, 13, 54, NA, 982435,  4
663, 669.9, 18313, 20562, 6732, 4671, 2907, 2902, 4032, 1179, 17, 60, NA, 61298,  4
664, 670.9, 115965, 36206, 1180, 2574, 5379, 4482, 8121, 756, 21, 38, NA, 174663,  4
665, 671.9, 2025781, 95820, 26437, 7170, 12510, 14442, 23199, 6878, 23, 34, NA, 2212237,  4
666, 672.9, 481316, 53946, 28257, 4046, 13808, 22625, 12796, 3998, 43, 34, NA, 620792,  4
667, 673.9, 410169, 239789, 116869, 156207, 59539, 53292, 26676, 15158, 44, 40, NA, 1077699,  4
668, 674.9, 1011864, 103316, 23988, 17089, 19988, 21622, 14116, 15193, 48, 54, NA, 1227176,  4
669, 675.9, 46494, 16264, 592, 663, 3724, 2326, 2511, 595, 50, 37, NA, 73169,  4
670, 676.9, 12873, 10315, 14177, 4323, 2409, 4692, 3265, 814, 44, 48, NA, 52868,  4
671, 677.9, 34713, 22104, 13241, 14694, 3663, 4102, 4202, 1413, 43, 50, NA, 98132,  4
672, 678.9, 110742, 16366, 14436, 6689, 8315, 8244, 2775, 3051, 48, 57, NA, 170618,  4
673, 679.9, 62583, 25774, 8388, 8349, 5210, 6317, 3883, 1301, 48, 81, NA, 121805,  4
674, 680.9, 244333, 33285, 14252, 6488, 7540, 6162, 5739, 1361, 44, 70, NA, 319160,  4
675, 681.9, 16369, 15404, 11272, 6262, 1732, 9790, 3879, 1024, 56, 67, NA, 65732,  4
676, 682.9, 14374, 5298, 9495, 10072, 3435, 5437, 4920, 1624, 56, 78, NA, 54655,  4
677, 683.9, 22647, 13307, 3074, 8489, 7254, 5144, 8025, 580, 60, 78, NA, 68520,  4
678, 685.0, 7148, 7529, 7959, 4934, 3499, 8529, 7617, 871, 75, 81, NA, 48086,  4
679, 685.9, 238422, 73994, 8072, 6452, 17576, 5859, 3783, 1408, 60, 64, NA, 355566,  4
680, 686.9, 117926, 27650, 5143, 3426, 4538, 8338, 7476, 2514, 61, 44, NA, 177011,  4
681, 687.9, 250904, 25883, 6133, 4287, 3603, 8385, 4099, 3321, 63, 38, NA, 306615,  4
682, 688.9, 561407, 200905, 106134, 21338, 21516, 38869, 20143, 29968, 48, 35, NA, 1000280,  4
683, 689.9, 240477, 155719, 18587, 30410, 14628, 13514, 6426, 3345, 48, 40, NA, 483106,  4
684, 690.9, 587207, 57449, 4291, 39562, 43072, 30530, 16237, 10772, 50, 44, NA, 789120,  4
685, 692.0, 87588, 42057, 5204, 2678, 10080, 12594, 2589, 1464, 50, 35, NA, 164254,  4
686, 692.9, 94674, 25256, 6130, 4109, 1558, 14019, 15163, 2128, 63, 27, NA, 163037,  4
687, 693.9, 109882, 20209, 1182, 1970, 598, 1871, 1816, 216, 66, 20, NA, 137744,  4
688, 694.9, 14810, 14223, 3184, 13252, 2294, 3572, 2640, 466, 54, 34, NA, 54441,  4
689, 695.9, 49178, 36011, 2336, 2329, 3751, 10930, 3386, 1879, 56, 29, NA, 109800,  4
690, 696.9, 10187, 11827, 5151, 1155, 6090, 9417, 2629, 2698, 60, 27, NA, 49154,  4
691, 697.9, 213311, 175006, 75817, 30030, 18236, 16212, 31744, 6272, 56, 43, NA, 566628,  4
692, 698.9, 129788, 31263, 10107, 17079, 9397, 9600, 2101, 2226, 60, 38, NA, 211561,  4
693, 699.9, 7580, 10125, 8303, 3798, 3556, 6974, 3812, 957, 61, 56, NA, 45105,  4
694, 700.9, 36976, 7255, 4599, 4620, 2296, 5941, 3222, 797, 56, 67, NA, 65706,  4
695, 701.9, 276101, 6781, 3316, 12474, 4449, 6972, 3787, 2963, 75, 75, NA, 316843,  4
696, 703.0, 344225, 16689, 6649, 3797, 5754, 4946, 7074, 980, 75, 70, NA, 390114,  4
697, 703.9, 159537, 22575, 24188, 7858, 5900, 3817, 2520, 2547, 57, 78, NA, 228942,  4
698, 704.9, 10387, 11218, 15254, 1842, 6252, 9545, 3032, 973, 57, 80, NA, 58503,  4
699, 705.9, 97434, 8868, 4762, 5239, 5243, 6641, 4003, 594, 60, 70, NA, 132784,  4
700, 706.9, 13980, 19490, 4754, 3459, 2190, 9414, 5392, 2262, 66, 66, NA, 60941,  4
701, 707.9, 328941, 31875, 33651, 8949, 6806, 9642, 6430, 1786, 74, 66, NA, 428080,  4
702, 708.9, 9282, 49835, 3007, 4097, 1264, 3734, 4916, 872, 56, 48, NA, 77007,  4
703, 709.9, 14821, 15539, 12704, 2452, 3833, 8605, 4391, 1768, 54, 50, NA, 64113,  4
704, 710.9, 32047, 7684, 3746, 2229, 2393, 7999, 1852, 1462, 61, 51, NA, 59412,  4
705, 711.9, 243095, 31393, 4662, 9356, 1773, 5452, 3106, 631, 60, 40, NA, 299468,  4
706, 712.9, 251638, 34289, 6029, 7486, 2402, 6625, 3337, 1065, 67, 51, NA, 312871,  4
707, 713.9, 851242, 28273, 8107, 11902, 18099, 10302, 4299, 489, 64, 47, NA, 932713,  4
708, 714.9, 11985, 13675, 3063, 7078, 1739, 5621, 6048, 1171, 54, 51, NA, 50380,  4
709, 715.9, 482943, 127416, 21569, 26187, 7555, 24511, 12963, 17272, 56, 48, NA, 720416,  4
710, 717.0, 404941, 331225, 66652, 23820, 29412, 28013, 25391, 8551, 48, 47, NA, 918005,  4
711, 717.9, 1546, 4833, 14925, 5670, 1969, 4914, 3544, 1517, 47, 64, NA, 38918,  4
712, 718.9, 176495, 39959, 5087, 6476, 4966, 12297, 3995, 2538, 47, 54, NA, 251813,  4
713, 719.9, 79522, 7393, 5890, 2162, 1151, 2024, 567, 383, 47, 66, NA, 99092,  4
714, 720.9, 26881, 14411, 5170, 4370, 9766, 3823, 6048, 804, 56, 69, NA, 71273,  4
715, 721.9, 582322, 49764, 29313, 30973, 27423, 17210, 11385, 6699, 54, 57, NA, 755089,  4
716, 722.9, 76913, 8897, 2323, 1465, 3874, 1320, 620, 259, 44, 61, NA, 95671,  4
717, 723.9, 31558, 17945, 12806, 3632, 1578, 3403, 3539, 1140, 41, 61, NA, 75601,  4
718, 724.9, 113990, 46225, 34240, 7533, 7851, 38286, 19069, 8803, 53, 64, NA, 275997,  4
719, 725.9, 59298, 53232, 9340, 2630, 5855, 11364, 1853, 1671, 53, 48, NA, 145243,  4
720, 726.9, 13722, 6314, 10056, 3785, 4825, 6051, 5949, 2375, 64, 60, NA, 53077,  4
721, 728.0, 1376930, 112683, 11005, 35733, 6142, 27986, 14356, 6248, 70, 50, NA, 1591083,  4
722, 728.9, 23247, 5321, 5348, 1119, 4038, 3501, 5526, 1702, 67, 51, NA, 49802,  4
723, 729.9, 16279, 10830, 8177, 2958, 7412, 22333, 3559, 2097, 87, 56, NA, 73645,  4
724, 730.9, 65451, 58941, 3951, 6267, 11676, 6577, 2324, 1181, 74, 37, NA, 156368,  4
725, 731.9, 2287959, 116944, 11987, 63066, 40394, 46480, 9855, 9280, 77, 38, NA, 2585965,  4
726, 732.9, 12266, 8822, 835, 1281, 2234, 13794, 2852, 2328, 90, 17, NA, 44412,  4
727, 733.9, 735113, 154022, 33701, 27307, 10383, 16153, 9330, 1679, 61, 20, NA, 987688,  4
728, 734.9, 18476, 9238, 18463, 4785, 8562, 2201, 4937, 1311, 57, 47, NA, 67973,  4
729, 735.9, 30065, 15103, 3777, 9143, 2872, 8191, 2064, 2390, 57, 50, NA, 73605,  4
730, 736.9, 445414, 76056, 17292, 15383, 7799, 25250, 11395, 7024, 41, 63, NA, 605613,  4
731, 737.9, 35623, 12525, 6325, 3953, 1709, 2973, 2484, 1054, 47, 69, NA, 66646,  4
732, 738.9, 428388, 103685, 65016, 13763, 9535, 74064, 17359, 13849, 64, 57, NA, 725659,  4
733, 739.9, 16989, 22186, 3005, 5636, 3225, 5574, 4229, 1955, 60, 51, NA, 62799,  4
734, 740.9, 485300, 100394, 8067, 17559, 11443, 33305, 11790, 6897, 61, 44, NA, 674755,  4
735, 741.9, 18091, 7243, 7969, 1971, 2254, 6092, 2607, 1489, 70, 44, NA, 47716,  4
736, 742.9, 21032, 9845, 9163, 3971, 3605, 2647, 4242, 1382, 57, 51, NA, 55887,  4
737, 743.9, 83097, 24768, 5903, 5393, 3852, 3920, 2366, 1078, 54, 54, NA, 130377,  4
738, 744.9, 332352, 95658, 15447, 5565, 41868, 24169, 11042, 2326, 50, 53, NA, 528427,  4
739, 745.9, 1205307, 66854, 18694, 12276, 15558, 18531, 6933, 6519, 47, 44, NA, 1350672,  4
740, 746.9, 85667, 4857, 5329, 2949, 5862, 8465, 5093, 1440, 64, 40, NA, 119662,  4
741, 747.9, 30775, 15526, 8391, 7990, 3240, 3826, 6195, 607, 64, 48, NA, 76550,  4
742, 748.9, 2189, 8753, 13473, 5012, 1311, 11759, 2797, 1792, 74, 69, NA, 47086,  4
743, 749.9, 115229, 17131, 3672, 8343, 2332, 7450, 6393, 1769, 75, 74, NA, 162319,  4
744, 750.9, 1082023, 44752, 9533, 12733, 16185, 18512, 14580, 4561, 64, 66, NA, 1202879,  4
745, 751.9, 278844, 120029, 28704, 28737, 51778, 39792, 8071, 8448, 70, 56, NA, 564403,  4
746, 752.9, 80148, 20638, 4683, 948, 1809, 5674, 3199, 2046, 64, 38, NA, 119145,  4
747, 753.9, 11001, 11122, 8148, 4272, 2420, 3849, 1608, 2286, 61, 44, NA, 44706,  4
748, 754.9, 53112, 139781, 6301, 9271, 13465, 28997, 18544, 4384, 57, 30, NA, 273855,  4
749, 755.9, 37919, 51071, 4601, 13016, 4731, 4003, 12061, 3111, 43, 30, NA, 130513,  4
750, 756.9, 16431, 11477, 11565, 2027, 3357, 2928, 2871, 1882, 37, 48, NA, 52538,  4
751, 757.9, 305487, 154089, 11092, 3518, 15036, 26677, 13764, 10641, 37, 23, NA, 540304,  4
752, 758.9, 28090, 24200, 9874, 11945, 9586, 5289, 3021, 2769, 29, 43, NA, 94774,  4
753, 759.9, 596051, 33296, 12790, 8504, 4097, 4224, 1906, 288, 35, 50, NA, 661156,  4
754, 760.9, 849116, 69204, 18693, 29704, 7629, 27158, 15380, 17079, 41, 43, NA, 1033963,  4
755, 761.9, 180662, 9074, 4963, 3741, 5362, 2342, 1187, 300, 40, 64, NA, 207631,  4
756, 762.9, 31481, 11511, 3928, 1142, 1663, 19991, 5587, 1556, 63, 48, NA, 76859,  4
757, 763.9, 138340, 23186, 7847, 4695, 2625, 6679, 3639, 2177, 70, 44, NA, 189188,  4
758, 764.9, 312519, 59459, 2913, 35734, 26318, 47358, 22090, 12371, 80, 40, NA, 518762,  4
759, 765.9, 1656430, 70826, 24792, 8179, 52700, 16738, 20180, 7098, 83, 30, NA, 1856943,  4
760, 766.9, 307613, 134065, 23263, 14015, 15960, 35445, 8331, 6679, 66, 37, NA, 545371,  4
761, 767.9, 3539, 6188, 1254, 4358, 3469, 3789, 4700, 1015, 70, 37, NA, 28312,  4
762, 768.9, 13891, 16130, 2075, 3063, 944, 3015, 3719, 2211, 57, 37, NA, 45048,  4
763, 769.9, 69465, 58257, 15040, 9959, 10661, 10273, 4964, 2054, 53, 40, NA, 180673,  4
764, 770.9, 434864, 128868, 11248, 25785, 40302, 35895, 19026, 6349, 53, 38, NA, 702337,  4
765, 771.9, 18979, 7897, 4915, 4673, 1472, 12844, 5409, 1374, 61, 40, NA, 57563,  4
766, 772.9, 10724, 7273, 3827, 3032, 3231, 8268, 4209, 3775, 78, 43, NA, 44339,  4
767, 773.9, 259774, 40344, 12672, 1612, 5264, 7960, 7607, 2658, 80, 41, NA, 337891,  4
768, 774.9, 23789, 11126, 4237, 3566, 4638, 7124, 4247, 1226, 84, 48, NA, 59953,  4
769, 775.9, 144592, 18136, 5725, 4500, 4754, 6644, 5803, 1295, 74, 43, NA, 191449,  4
770, 776.9, 14232, 18307, 2840, 5397, 5253, 7700, 2862, 1153, 66, 40, NA, 57744,  4
771, 777.9, 34642, 51093, 5018, 8694, 1834, 7557, 3866, 1753, 63, 40, NA, 114457,  4
772, 778.9, 6894, 20645, 7025, 4384, 8538, 8988, 4671, 1791, 61, 38, NA, 62936,  4
773, 779.9, 80122, 12407, 2858, 580, 785, 8685, 9639, 1778, 69, 29, NA, 116854,  4
774, 780.9, 41467, 22475, 1415, 8688, 5748, 12458, 4104, 1216, 70, 27, NA, 97571,  4
775, 781.9, 346227, 350102, 40740, 87460, 34999, 47356, 26926, 4320, 69, 30, NA, 938130,  4
776, 782.9, 8525, 6105, 773, 2215, 3627, 6940, 4075, 993, 81, 24, NA, 33253,  4
777, 783.9, 338570, 160765, 21159, 39056, 26192, 24428, 15497, 6064, 63, 30, NA, 631731,  4
778, 784.9, 113301, 19756, 1846, 3079, 1641, 10927, 12674, 2437, 64, 24, NA, 165661,  4
779, 785.9, 123517, 27005, 10049, 4430, 7318, 7420, 3711, 629, 70, 27, NA, 184079,  4
780, 786.9, 16770, 7304, 9977, 3658, 3074, 4513, 7481, 1179, 57, 48, NA, 53956,  4
781, 787.9, 95332, 35581, 18230, 5525, 4840, 7456, 5486, 2288, 60, 54, NA, 174738,  4
782, 788.9, 139662, 69430, 6993, 30883, 47798, 18783, 27888, 6801, 50, 61, NA, 348238,  4
783, 789.9, 970322, 45263, 2656, 47023, 48100, 7585, 29239, 7903, 41, 64, NA, 1158091,  4
784, 790.9, 102688, 31516, 13296, 12358, 9730, 10720, 14138, 3401, 41, 57, NA, 197847,  4
785, 791.9, 34854, 24585, 6541, 2350, 5409, 11286, 4915, 4236, 51, 48, NA, 94176,  4
786, 792.9, 122537, 11200, 1335, 2035, 1052, 1037, 1525, 596, 41, 48, NA, 141317,  4
787, 793.9, 8489, 8327, 10724, 13439, 3345, 4771, 1698, 1079, 48, 60, NA, 51872,  4
788, 794.9, 1554168, 105191, 25925, 10592, 12367, 55528, 16924, 8501, 54, 48, NA, 1789196,  4
789, 795.9, 231697, 83981, 28832, 15741, 5930, 12438, 5596, 2064, 43, 56, NA, 386279,  4
790, 796.9, 979563, 175586, 16389, 143031, 61402, 29481, 12770, 6965, 44, 64, NA, 1425187,  4
791, 797.9, 440649, 42215, 10390, 33451, 9582, 20260, 16536, 6147, 48, 56, NA, 579230,  4
792, 798.9, 257831, 62060, 22166, 10653, 26543, 8639, 7004, 2658, 35, 63, NA, 397554,  4
793, 799.9, 99787, 20037, 2296, 6302, 5044, 6955, 4821, 1365, 44, 57, NA, 146607,  4
794, 800.9, 12533, 10708, 3273, 8031, 3521, 5112, 2455, 1135, 54, 60, NA, 46768,  4
795, 801.9, 53159, 6782, 5053, 2719, 1925, 2451, 526, 444, 51, 61, NA, 73059,  4
796, 802.9, 114107, 71822, 24276, 72386, 17111, 14709, 22532, 3678, 50, 74, NA, 340621,  4
797, 803.9, 17703, 8812, 5883, 2957, 2989, 5029, 3062, 1038, 51, 80, NA, 47473,  4
798, 804.9, 16388, 5289, 9003, 2803, 2200, 6421, 4957, 2381, 56, 84, NA, 49442,  4
799, 805.9, 77706, 16361, 655, 6451, 4542, 7409, 2461, 1852, 63, 70, NA, 117437,  4
800, 806.9, 10105, 12532, 2998, 5476, 1147, 3948, 4184, 1704, 70, 63, NA, 42094,  4
801, 807.9, 261802, 81833, 16180, 12067, 10698, 9379, 2823, 1245, 60, 56, NA, 396027,  4
802, 808.9, 17030, 32640, 2074, 7835, 1231, 3231, 5411, 1696, 43, 41, NA, 71148,  4
803, 809.9, 194908, 6386, 7570, 4163, 6014, 3967, 2573, 2651, 40, 54, NA, 228232,  4
804, 810.9, 842655, 143286, 36944, 72458, 40406, 29899, 7932, 3695, 34, 54, NA, 1177275,  4
805, 811.9, 48096, 34863, 6598, 6568, 2821, 4919, 4725, 2846, 37, 54, NA, 111436,  4
806, 812.9, 38104, 6890, 4850, 617, 4146, 7884, 5555, 525, 57, 56, NA, 68571,  4
807, 813.9, 17269, 21451, 4683, 3873, 5445, 4106, 3356, 1135, 53, 44, NA, 61318,  4
808, 814.9, 14701, 8742, 1683, 10522, 5673, 5504, 2682, 2702, 61, 47, NA, 52209,  4
809, 815.9, 9172, 11157, 18434, 4370, 3145, 4279, 1867, 1278, 63, 63, NA, 53702,  4
810, 816.9, 116611, 13928, 3756, 4591, 3613, 3037, 1242, 535, 47, 67, NA, 147313,  4
811, 817.9, 21537, 8576, 10846, 4508, 2158, 2442, 4368, 896, 43, 87, NA, 55331,  4
812, 818.9, 116046, 18395, 12842, 9197, 2583, 6130, 5028, 719, 38, 90, NA, 170940,  4
813, 819.9, 107085, 24359, 12863, 10862, 3610, 5953, 4299, 1035, 38, 81, NA, 170066,  4
814, 820.9, 35699, 12369, 8564, 651, 3335, 7802, 5344, 1429, 50, 81, NA, 75193,  4
815, 821.9, 208551, 55104, 9995, 11763, 12164, 31437, 15073, 5007, 63, 60, NA, 349094,  4
816, 822.9, 181361, 30036, 4372, 4787, 5783, 4128, 3402, 1161, 61, 44, NA, 235030,  4
817, 823.9, 9780, 5607, 7258, 8592, 1579, 6712, 4760, 806, 70, 53, NA, 45094,  4
818, 824.9, 16100, 10104, 11822, 3591, 1604, 5392, 3189, 1553, 64, 63, NA, 53355,  4
819, 825.9, 255711, 160962, 78340, 9241, 31901, 13566, 32888, 6966, 43, 70, NA, 589575,  4
820, 826.9, 817219, 185226, 41028, 34637, 33782, 16232, 26711, 8324, 37, 77, NA, 1163159,  4
821, 827.9, 599168, 186497, 24293, 31131, 22104, 21086, 38454, 6772, 23, 56, NA, 929505,  4
822, 828.9, 7514, 6292, 6193, 10541, 4179, 9615, 2375, 2788, 29, 56, NA, 49497,  4
823, 829.9, 55216, 15003, 6619, 1976, 5551, 3950, 4147, 4707, 43, 54, NA, 97169,  4
824, 830.9, 7486, 14430, 4082, 1168, 6302, 10560, 3064, 1868, 64, 47, NA, 48960,  4
825, 831.9, 10377, 16057, 9410, 5605, 4144, 13580, 4229, 1593, 81, 53, NA, 64995,  4
826, 832.9, 105141, 43989, 5541, 5432, 12222, 10719, 4957, 1704, 74, 30, NA, 189705,  4
827, 833.9, 92638, 47783, 6687, 7168, 1014, 6593, 4602, 609, 66, 26, NA, 167094,  4
828, 834.9, 208601, 55426, 3916, 4942, 5015, 10990, 5395, 659, 54, 24, NA, 294944,  4
829, 835.9, 4918, 15254, 13424, 6242, 2441, 3831, 4051, 3084, 40, 34, NA, 53245,  4
830, 836.9, 64703, 25828, 429, 9088, 2848, 4857, 6243, 1003, 37, 40, NA, 114999,  4
831, 837.9, 59771, 8840, 1641, 4029, 3486, 3629, 4133, 2153, 47, 44, NA, 87682,  4
832, 838.9, 283086, 300150, 13491, 22365, 26063, 26358, 13035, 7294, 38, 43, NA, 691842,  4
833, 839.9, 296762, 43680, 1688, 13344, 6168, 11708, 2958, 1497, 44, 26, NA, 377805,  4
834, 840.9, 35972, 43693, 20586, 2379, 2068, 9727, 3724, 749, 44, 30, NA, 118898,  4
835, 841.9, 9223, 12879, 2406, 2474, 3960, 5070, 4357, 3316, 47, 26, NA, 43685,  4
836, 842.9, 117950, 84984, 16477, 13031, 2319, 4003, 2869, 1091, 38, 40, NA, 242724,  4
837, 843.9, 11359, 7808, 20520, 7134, 1445, 4841, 3776, 2801, 35, 64, NA, 59684,  4
838, 844.9, 52537, 23116, 4221, 1345, 2237, 5192, 5960, 1027, 38, 54, NA, 95635,  4
839, 845.9, 65201, 46840, 22887, 7723, 12081, 8472, 10366, 1250, 27, 63, NA, 174820,  4
840, 846.9, 268234, 27424, 10384, 2947, 3577, 7126, 5917, 4862, 44, 63, NA, 330471,  4
841, 847.9, 30286, 27748, 1582, 9887, 2368, 7508, 3528, 2167, 48, 41, NA, 85074,  4
842, 848.9, 19447, 9828, 3715, 10248, 6996, 7004, 2097, 970, 54, 54, NA, 60305,  4
843, 850.0, 720397, 455537, 70034, 52883, 29750, 25301, 19126, 8944, 44, 50, NA, 1381972,  4
844, 850.9, 174231, 254817, 6280, 9853, 23185, 45808, 13058, 14076, 43, 27, NA, 541308,  4
845, 851.9, 57936, 6716, 3828, 9628, 5719, 9017, 6136, 2710, 53, 38, NA, 101690,  4
846, 852.9, 55636, 7341, 15179, 4097, 3507, 5482, 2917, 1922, 48, 47, NA, 96081,  4
847, 853.9, 192548, 29090, 4695, 2934, 1667, 3094, 6465, 1324, 56, 47, NA, 241817,  4
848, 854.9, 12010, 39691, 7517, 837, 4105, 7099, 2784, 1388, 54, 60, NA, 75431,  4
849, 855.9, 94660, 87696, 6694, 4878, 18564, 7598, 2510, 1726, 35, 38, NA, 224326,  4
850, 856.9, 18907, 4443, 21294, 7806, 4375, 5223, 3557, 746, 30, 44, NA, 66351,  4
851, 857.9, 12387, 12719, 3399, 4206, 1650, 8260, 4237, 1167, 50, 50, NA, 48025,  4
852, 858.9, 141256, 109895, 13027, 10988, 6954, 6395, 6378, 1216, 37, 50, NA, 296109,  4
853, 859.9, 361160, 14530, 7075, 1945, 1572, 5008, 4429, 1302, 48, 66, NA, 397021,  4
854, 860.9, 32152, 12949, 23638, 17560, 11255, 15845, 4582, 6656, 54, 57, NA, 124637,  4
855, 861.9, 182510, 7518, 2238, 713, 2394, 1641, 2321, 1081, 43, 54, NA, 200416,  4
856, 862.9, 397108, 40888, 18591, 25496, 12077, 11994, 16799, 8009, 54, 69, NA, 530962,  4
857, 863.9, 1740876, 31003, 36295, 26129, 13437, 25159, 4578, 1999, 57, 80, NA, 1879476,  4
858, 864.9, 256733, 40231, 13090, 2770, 2439, 1948, 608, 747, 37, 66, NA, 318566,  4
859, 865.9, 37736, 26267, 5530, 1271, 6053, 12198, 9573, 1190, 44, 61, NA, 99818,  4
860, 866.9, 14398, 6432, 2335, 3490, 1031, 8492, 11366, 1018, 63, 54, NA, 48562,  4
861, 867.9, 278674, 261973, 32947, 25393, 7298, 33289, 10457, 11450, 53, 37, NA, 661481,  4
862, 868.9, 11653, 15138, 2185, 3571, 1629, 5616, 3577, 1830, 74, 34, NA, 45199,  4
863, 869.9, 49897, 49719, 4344, 7276, 3505, 5883, 1299, 757, 60, 35, NA, 122680,  4
864, 870.9, 68473, 22806, 6174, 8625, 2712, 6309, 4629, 3272, 43, 38, NA, 123000,  4
865, 871.9, 19268, 4235, 4934, 7978, 2400, 9890, 3238, 1142, 60, 53, NA, 53085,  4
866, 872.9, 2988, 5090, 16184, 751, 5463, 6447, 4683, 1563, 61, 67, NA, 43169,  4
867, 873.9, 30402, 24764, 4744, 5094, 3519, 6288, 3816, 964, 67, 70, NA, 79591,  4
868, 874.9, 154646, 12274, 3271, 9788, 5843, 7773, 2556, 2680, 77, 74, NA, 198831,  4
869, 875.9, 7787, 9432, 7011, 3805, 1096, 7571, 2533, 906, 70, 70, NA, 40141,  4
870, 876.9, 9172, 13016, 6696, 5500, 4310, 4546, 3049, 1618, 66, 64, NA, 47907,  4
871, 877.9, 292261, 185732, 12586, 31928, 10655, 20669, 22869, 3662, 60, 60, NA, 580362,  4
872, 878.9, 274071, 94540, 9004, 22135, 45601, 53538, 27642, 6403, 61, 48, NA, 532934,  4
873, 879.9, 133431, 156090, 8596, 15136, 8731, 10087, 6133, 1466, 41, 30, NA, 339670,  4
874, 880.9, 415433, 234617, 190130, 125935, 49839, 169751, 68220, 22393, 47, 35, NA, 1276318,  4
875, 881.9, 897966, 138049, 128874, 58591, 39496, 21511, 20386, 7158, 44, 53, NA, 1312031,  4
876, 882.9, 1170838, 147586, 4981, 4549, 23309, 24937, 15286, 4730, 35, 38, NA, 1396216,  4
877, 883.9, 870245, 163279, 22603, 108825, 22606, 46574, 22950, 24204, 47, 54, NA, 1281286,  4
878, 884.9, 7781, 5715, 3368, 6772, 3871, 5682, 2655, 1013, 48, 54, NA, 36857,  4
879, 885.9, 12971, 12871, 14497, 9120, 6098, 2020, 2818, 1118, 47, 56, NA, 61513,  4
880, 886.9, 269431, 27246, 9627, 2348, 2511, 6724, 3850, 1760, 47, 78, NA, 323497,  4
881, 887.9, 16769, 20338, 8969, 8520, 2436, 5284, 6355, 493, 44, 78, NA, 69164,  4
882, 888.9, 30230, 6280, 10400, 7819, 2011, 5931, 2696, 790, 41, 87, NA, 66157,  4
883, 889.9, 15951, 6636, 11185, 2713, 3863, 4605, 1885, 961, 54, 84, NA, 47799,  4
884, 890.9, 690533, 116980, 930, 32528, 32256, 26865, 19694, 5041, 54, 80, NA, 924827,  4
885, 891.9, 39151, 6277, 5015, 3617, 2272, 7257, 3131, 249, 67, 78, NA, 66969,  4
886, 892.9, 26683, 29277, 34653, 5743, 8380, 6060, 1862, 976, 56, 74, NA, 113634,  4
887, 893.9, 2581592, 206706, 50000, 131995, 55603, 27317, 10095, 7390, 47, 69, NA, 3070698,  4
888, 894.9, 13702, 13120, 10421, 3215, 2303, 2946, 3959, 1816, 40, 84, NA, 51482,  4
889, 895.9, 11355, 20527, 8565, 3053, 3472, 6811, 2071, 1128, 30, 80, NA, 56982,  4
890, 896.9, 34437, 13132, 3692, 1613, 1587, 6133, 2269, 1246, 44, 64, NA, 64109,  4
891, 897.9, 479449, 37585, 22131, 16718, 34685, 50578, 29868, 4890, 67, 56, NA, 675904,  4
892, 898.9, 15368, 17860, 17794, 898, 1627, 4250, 4907, 1125, 69, 57, NA, 63829,  4
893, 900.0, 139203, 38415, 523, 7590, 2502, 4538, 5315, 2123, 61, 50, NA, 200209,  4
894, 900.9, 92024, 38026, 386, 11978, 4623, 11776, 6366, 2618, 57, 48, NA, 167797,  4
895, 901.9, 76179, 72541, 12491, 6211, 11733, 9379, 6121, 2171, 40, 43, NA, 196826,  4
896, 902.9, 9297, 38325, 3137, 7063, 7192, 11430, 2704, 1563, 47, 26, NA, 80711,  4
897, 903.9, 569483, 118496, 16892, 12678, 13205, 29021, 22355, 7779, 53, 26, NA, 789909,  4
898, 904.9, 443427, 32525, 14085, 9839, 8185, 8032, 16655, 20318, 50, 35, NA, 553066,  4
899, 905.9, 10519, 13466, 2852, 3881, 1925, 8144, 8128, 927, 63, 40, NA, 49842,  4
900, 906.9, 61787, 8225, 12603, 4383, 8883, 6824, 3162, 1277, 64, 56, NA, 107144,  4
901, 907.9, 10581, 8869, 5145, 7069, 4677, 6027, 9192, 3034, 67, 67, NA, 54594,  4
902, 908.9, 40538, 13878, 6167, 6018, 6117, 7023, 6961, 1271, 75, 66, NA, 87973,  4
903, 909.9, 14429, 25964, 5929, 3399, 4005, 5418, 4946, 919, 64, 66, NA, 65009,  4
904, 910.9, 31548, 58603, 31556, 10133, 3098, 6595, 6823, 1248, 48, 63, NA, 149604,  4
905, 911.9, 3685021, 195035, 71526, 115267, 38214, 41613, 7649, 3148, 40, 64, NA, 4157473,  4
906, 912.9, 262212, 43200, 35363, 39850, 26079, 19312, 15930, 6685, 35, 74, NA, 448631,  4
907, 913.9, 27436, 11282, 2318, 1178, 1902, 3170, 2641, 594, 38, 69, NA, 50521,  4
908, 914.9, 4801, 10597, 2645, 1316, 3015, 5656, 3233, 1425, 56, 57, NA, 32688,  4
909, 915.9, 2522, 7495, 6528, 5543, 2377, 2567, 4750, 1209, 57, 63, NA, 32991,  4
910, 916.9, 63622, 28989, 1980, 1301, 4269, 2112, 991, 225, 50, 37, NA, 103489,  4
911, 917.9, 5587, 2918, 14609, 7975, 3680, 5470, 2359, 1852, 50, 61, NA, 44450,  4
912, 918.9, 177250, 8026, 2968, 213, 1554, 1604, 1146, 426, 40, 64, NA, 193187,  4
913, 919.9, 8545, 15402, 5923, 1806, 2432, 5037, 4070, 2265, 43, 54, NA, 45480,  4
914, 920.9, 48184, 23166, 7552, 4818, 3732, 2298, 2743, 1929, 43, 74, NA, 94422,  4
915, 921.9, 25284, 4361, 4795, 7074, 2097, 4455, 2546, 710, 47, 64, NA, 51322,  4
916, 922.9, 299779, 26385, 16387, 11718, 14287, 14768, 15722, 13589, 53, 70, NA, 412635,  4
917, 923.9, 3020792, 398538, 44786, 136207, 21643, 34845, 19803, 6379, 40, 74, NA, 3682993,  4
918, 924.9, 17053, 11162, 10236, 4327, 3117, 5963, 2248, 1089, 53, 80, NA, 55195,  4
919, 925.9, 17596, 6575, 9852, 12096, 2368, 7133, 5040, 1540, 51, 81, NA, 62200,  4
920, 926.9, 118177, 18734, 4622, 3826, 2652, 6104, 2396, 5123, 50, 78, NA, 161634,  4
921, 927.9, 9390, 22319, 5413, 6938, 4445, 8923, 4680, 1354, 63, 75, NA, 63462,  4
922, 928.9, 22815, 10137, 3936, 4044, 3951, 3620, 1965, 842, 63, 69, NA, 51310,  4
923, 929.9, 90817, 4239, 1105, 797, 1258, 2663, 545, 249, 69, 50, NA, 101673,  4
924, 930.9, 16691, 6994, 8818, 1796, 1440, 5981, 3646, 1153, 74, 57, NA, 46519,  4
925, 931.9, 701194, 44344, 45143, 22938, 10154, 25379, 16722, 3741, 74, 69, NA, 869615,  4
926, 932.9, 198035, 18142, 24536, 4940, 12710, 4799, 1970, 633, 66, 77, NA, 265765,  4
927, 933.9, 135820, 64690, 5913, 1546, 155, 4057, 3866, 2633, 43, 67, NA, 218680,  4
928, 934.9, 24095, 20974, 1319, 2059, 3450, 3038, 2908, 891, 34, 48, NA, 58734,  4
929, 935.9, 292482, 11678, 7897, 12129, 5086, 3330, 7458, 735, 26, 48, NA, 340795,  4
930, 936.9, 12192, 8378, 10217, 2346, 3211, 8016, 4240, 1477, 40, 44, NA, 50077,  4
931, 937.9, 135447, 12978, 3809, 2875, 3885, 1272, 996, 352, 40, 60, NA, 161614,  4
932, 938.9, 29336, 4599, 696, 295, 1636, 1398, 823, 628, 48, 61, NA, 39411,  4
933, 939.9, 10467, 8760, 3304, 4284, 1556, 4463, 2958, 2264, 57, 53, NA, 38056,  4
934, 940.9, 25416, 10647, 6631, 5122, 2306, 7621, 3765, 1065, 56, 51, NA, 62573,  4
935, 941.9, 116708, 19564, 3750, 3352, 5721, 2297, 644, 274, 60, 47, NA, 152310,  4
936, 942.9, 29912, 7259, 10809, 23186, 3395, 4427, 4258, 1507, 50, 77, NA, 84753,  4
937, 943.9, 26668, 11144, 14114, 3676, 2998, 4038, 4088, 3734, 43, 83, NA, 70460,  4
938, 944.9, 314281, 26071, 1976, 4102, 2735, 8463, 1554, 1445, 40, 67, NA, 360627,  4
939, 945.9, 42270, 8542, 2539, 6128, 7039, 7247, 4183, 2153, 57, 74, NA, 80101,  4
940, 946.9, 761712, 52296, 67472, 5961, 5113, 15777, 25977, 6728, 60, 63, NA, 941036,  4
941, 947.9, 251059, 180790, 6387, 45330, 42686, 22627, 19129, 7454, 54, 44, NA, 575462,  4
942, 948.9, 39411, 19241, 7968, 8043, 4137, 7821, 2455, 3195, 53, 57, NA, 92271,  4
943, 949.9, 565412, 48077, 63906, 11508, 22065, 35122, 12388, 2879, 50, 66, NA, 761357,  4
944, 950.9, 972976, 32399, 9328, 26159, 9352, 30141, 6355, 3719, 61, 57, NA, 1090429,  4
945, 951.9, 10443, 15435, 8623, 10930, 3905, 7012, 2233, 905, 69, 74, NA, 59486,  4
946, 952.9, 112011, 46319, 14152, 1359, 4272, 6483, 2498, 578, 60, 67, NA, 187672,  4
947, 953.9, 182785, 55885, 5073, 7184, 7457, 11443, 3578, 2601, 54, 50, NA, 276006,  4
948, 954.9, 25222, 17319, 9088, 6489, 4216, 6063, 4773, 3625, 44, 51, NA, 76795,  4
949, 955.9, 26314, 15551, 11564, 1990, 4927, 7277, 4344, 578, 48, 47, NA, 72545,  4
950, 956.9, 13876, 10585, 3585, 7940, 3936, 4237, 3914, 1523, 56, 54, NA, 49596,  4
951, 957.9, 49831, 51930, 13939, 13554, 3558, 22862, 18185, 12189, 61, 63, NA, 186048,  4
952, 958.9, 30687, 12075, 11073, 3693, 3718, 5823, 3824, 1599, 64, 66, NA, 72492,  4
953, 959.9, 79852, 62598, 16571, 18600, 12614, 10694, 4752, 1219, 56, 63, NA, 206900,  4
954, 960.9, 41385, 21879, 2903, 8931, 2853, 8240, 3309, 1898, 57, 56, NA, 91398,  4
955, 961.9, 419296, 134973, 12238, 3722, 7126, 28332, 27996, 9563, 53, 43, NA, 643246,  4
956, 962.9, 312861, 53867, 24984, 12805, 24182, 48666, 19612, 7025, 63, 34, NA, 504002,  4
957, 963.9, 810173, 54534, 22957, 9378, 6135, 9055, 6473, 1772, 61, 34, NA, 920477,  4
958, 964.9, 12117, 10448, 16392, 3753, 4651, 8860, 3320, 1763, 63, 44, NA, 61304,  4
959, 965.9, 119968, 22626, 1182, 3116, 3896, 8324, 5331, 883, 69, 47, NA, 165326,  4
960, 966.9, 10730, 9517, 8357, 4192, 913, 3334, 6705, 1626, 57, 60, NA, 45374,  4
961, 967.9, 570389, 163562, 27890, 17559, 12807, 19367, 12657, 3063, 56, 53, NA, 827294,  4
962, 968.9, 99285, 11048, 1268, 1606, 1442, 1933, 1183, 544, 50, 37, NA, 118309,  4
963, 969.9, 15213, 11717, 8201, 7574, 7217, 3988, 4745, 1577, 41, 56, NA, 60232,  4
964, 970.9, 29394, 8757, 3861, 3035, 6250, 4870, 2501, 925, 47, 47, NA, 59593,  4
965, 971.9, 101652, 7912, 1898, 582, 1446, 674, 594, 326, 43, 47, NA, 115084,  4
966, 972.9, 54256, 27021, 19112, 1074, 13863, 10651, 3618, 731, 48, 53, NA, 130326,  4
967, 973.9, 2046942, 133224, 51956, 34305, 40386, 49859, 23312, 4946, 53, 47, NA, 2384930,  4
968, 974.9, 9456, 21390, 7416, 6950, 5099, 9753, 5927, 543, 51, 48, NA, 66534,  4
969, 975.9, 12022, 19589, 2735, 3806, 1939, 8442, 3001, 959, 69, 47, NA, 52493,  4
970, 976.9, 15910, 22686, 2156, 10850, 6258, 13296, 5393, 992, 75, 43, NA, 77541,  4
971, 977.9, 763233, 165116, 92745, 20914, 17628, 19298, 20512, 3657, 61, 48, NA, 1103103,  4
972, 979.0, 61863, 78119, 49126, 9290, 16945, 43164, 15466, 4264, 63, 48, NA, 278237,  4
973, 979.9, 14434, 6116, 18111, 4424, 6551, 4854, 2150, 1845, 54, 67, NA, 58485,  4
974, 980.9, 20892, 8641, 4342, 1268, 479, 1950, 2047, 727, 44, 74, NA, 40346,  4
975, 981.9, 9035, 7212, 8186, 3540, 3217, 5790, 3733, 1552, 61, 77, NA, 42265,  4
976, 982.9, 39375, 9242, 4396, 3101, 1838, 8454, 5015, 1749, 66, 75, NA, 73170,  4
977, 983.9, 91581, 18556, 2782, 4400, 4106, 5590, 3331, 1960, 67, 57, NA, 132306,  4
978, 984.9, 26152, 35972, 13120, 6025, 11632, 3451, 4619, 805, 60, 54, NA, 101776,  4
979, 985.9, 465371, 35302, 10273, 5646, 3597, 3532, 2436, 759, 43, 48, NA, 526916,  4
980, 986.9, 462605, 66303, 15460, 22013, 15970, 21453, 20627, 6357, 35, 48, NA, 630788,  4
981, 987.9, 5427, 14207, 14997, 13372, 1639, 7906, 2868, 766, 34, 64, NA, 61182,  4
982, 988.9, 681418, 142077, 63040, 47097, 31775, 29943, 9027, 17821, 40, 67, NA, 1022198,  4
983, 989.9, 543696, 22815, 86697, 24423, 31650, 32828, 37779, 4697, 53, 81, NA, 784585,  4
984, 990.9, 570978, 29986, 16866, 22847, 15310, 14105, 51090, 3045, 53, 87, NA, 724227,  4
985, 991.9, 54192, 46890, 49101, 24725, 14491, 25352, 17249, 8317, 53, 84, NA, 240317,  4
986, 992.9, 273304, 8715, 2554, 8032, 5476, 7545, 5344, 2167, 66, 83, NA, 313137,  4
987, 993.9, 7621, 7985, 10505, 8397, 4088, 3272, 2612, 1571, 57, 83, NA, 46051,  4
988, 994.9, 8615, 6111, 1288, 6610, 735, 6869, 2837, 1564, 67, 83, NA, 34629,  4
989, 995.9, 24140, 13034, 7412, 3158, 3353, 4108, 3618, 2146, 67, 77, NA, 60969,  4
990, 996.9, 79545, 16868, 8683, 4224, 5063, 5224, 4730, 1963, 60, 77, NA, 126300,  4
991, 997.9, 4420, 15138, 6201, 5074, 2593, 6757, 3144, 1083, 69, 64, NA, 44410,  4
992, 998.9, 16926, 14067, 5131, 5463, 4793, 7910, 4790, 2558, 64, 60, NA, 61638,  4
993, 999.9, 351086, 74475, 10122, 21498, 33925, 19983, 23771, 7629, 64, 53, NA, 542489,  4
994, 1000.9, 104852, 23137, 786, 9961, 2826, 8258, 3680, 2267, 67, 48, NA, 155767,  4
995, 1001.9, 12495, 14877, 3522, 4123, 1305, 6359, 6872, 3335, 69, 43, NA, 52888,  4
996, 1002.9, 36249, 2705, 932, 1095, 1078, 1643, 1495, 132, 69, 43, NA, 45329,  4
997, 1003.9, 17007, 11836, 9382, 5999, 5986, 2442, 2895, 1458, 61, 56, NA, 57005,  4
998, 1004.9, 8904, 21456, 3499, 6161, 1444, 9969, 1637, 1297, 63, 54, NA, 54367,  4
999, 1005.9, 101668, 59603, 9088, 1889, 3696, 4546, 8142, 3700, 47, 47, NA, 192332,  4
1000, 1006.9, 11523, 19360, 13189, 1851, 5001, 6467, 7600, 1121, 40, 48, NA, 66112,  4
1001, 1007.9, 36549, 11558, 2311, 1437, 3345, 6404, 4158, 1177, 56, 29, NA, 66939,  4
1002, 1008.9, 15800, 11382, 4799, 3042, 3529, 3337, 1954, 2691, 51, 37, NA, 46534,  4
1003, 1009.9, 98661, 40769, 3814, 2552, 2865, 6715, 6437, 1320, 60, 35, NA, 163133,  4
1004, 1010.9, 23650, 18855, 4858, 9672, 9268, 4980, 2450, 1997, 56, 34, NA, 75730,  4
1005, 1011.9, 516183, 43407, 13520, 5704, 4772, 3708, 1361, 1073, 35, 43, NA, 589728,  4
1006, 1012.9, 1819053, 53019, 36469, 30970, 43205, 22891, 39776, 5552, 37, 44, NA, 2050935,  4
1007, 1013.9, 8042, 8220, 5129, 4857, 2610, 5380, 5191, 760, 43, 63, NA, 40189,  4
1008, 1014.9, 58414, 5124, 8384, 5760, 7648, 5611, 7112, 2369, 51, 69, NA, 100422,  4
1009, 1015.9, 193622, 24199, 10660, 2585, 3415, 3738, 3936, 804, 56, 69, NA, 242959,  4
1010, 1016.9, 114738, 23331, 63432, 24005, 10809, 26605, 15258, 2318, 57, 80, NA, 280496,  4
1011, 1017.9, 264562, 396407, 11482, 11359, 41427, 18174, 25327, 5242, 38, 53, NA, 773980,  4
1012, 1018.9, 1142284, 453875, 152178, 33674, 19668, 39095, 39325, 7471, 21, 44, NA, 1887570,  4
1013, 1019.9, 363988, 164018, 59222, 15171, 33215, 49490, 6512, 4511, 29, 41, NA, 696127,  4
1014, 1020.9, 777579, 180731, 7943, 12245, 16853, 17715, 17659, 3479, 20, 11, NA, 1034204,  4
1015, 1021.9, 23731, 10756, 3283, 1668, 2589, 5907, 3213, 4447, 43, 27, NA, 55594,  4
1016, 1022.9, 161107, 239193, 9728, 18594, 21069, 44616, 19185, 4323, 51, 11, NA, 517815,  4
1017, 1023.9, 459481, 11153, 8242, 4464, 7402, 3789, 2529, 7143, 50, 20, NA, 504203,  4
1018, 1024.9, 155544, 19409, 1467, 2284, 7892, 8432, 5940, 858, 64, 21, NA, 201826,  4
1019, 1025.9, 135933, 42080, 15991, 5142, 2747, 12590, 2774, 1029, 57, 26, NA, 218286,  4
1020, 1026.9, 80616, 15975, 3849, 3312, 3248, 4963, 3544, 1228, 63, 40, NA, 116735,  4
1021, 1027.9, 667222, 37039, 28386, 27739, 14514, 22864, 10282, 3555, 66, 41, NA, 811601,  4
1022, 1028.9, 55472, 43276, 1854, 4244, 4331, 4070, 6333, 2873, 50, 41, NA, 122453,  4
1023, 1029.9, 33336, 10482, 10371, 6145, 3199, 4305, 3405, 2440, 48, 53, NA, 73683,  4
1024, 1030.9, 211183, 114938, 34245, 23389, 32499, 56015, 20777, 19226, 53, 53, NA, 512272,  4
1025, 1031.9, 29196, 10697, 11133, 4498, 719, 9109, 4717, 568, 56, 54, NA, 70637,  4
1026, 1032.9, 21666, 10891, 5809, 5223, 3899, 4899, 3372, 1884, 67, 70, NA, 57643,  4
1027, 1033.9, 88179, 70240, 9576, 13591, 10030, 9715, 9423, 3367, 63, 56, NA, 214121,  4
1028, 1034.9, 26230, 44180, 13208, 9836, 2934, 4587, 2384, 1054, 47, 61, NA, 104413,  4
1029, 1035.9, 34194, 7632, 7339, 2200, 2167, 6278, 3003, 932, 47, 57, NA, 63745,  4
1030, 1036.9, 317029, 26625, 7057, 5349, 4884, 1885, 1137, 509, 27, 54, NA, 364475,  4
1031, 1037.9, 313025, 34484, 2549, 6861, 4989, 6114, 6799, 2015, 30, 51, NA, 376836,  4
1032, 1038.9, 13478, 23596, 12377, 10043, 7452, 3251, 4060, 1734, 34, 54, NA, 75991,  4
1033, 1039.9, 50320, 16010, 3629, 2929, 1203, 7242, 1878, 1392, 30, 47, NA, 84603,  4
1034, 1040.9, 9432, 41251, 3204, 3277, 5120, 3658, 2525, 1023, 37, 35, NA, 69490,  4
1035, 1041.9, 505463, 109729, 62140, 23459, 5358, 25520, 27868, 6297, 37, 44, NA, 765834,  4
1036, 1042.9, 34511, 7745, 3454, 1523, 4021, 1381, 7252, 1441, 41, 41, NA, 61328,  4
1037, 1043.9, 514515, 68058, 15962, 12554, 16107, 24626, 46830, 12581, 40, 40, NA, 711233,  4
1038, 1044.9, 155516, 60394, 10713, 3659, 8823, 9264, 5051, 2185, 44, 44, NA, 255605,  4
1039, 1045.9, 104036, 40726, 8815, 2265, 2357, 6039, 2617, 3122, 43, 35, NA, 169977,  4
1040, 1046.9, 73918, 3649, 1792, 882, 1945, 1451, 442, 796, 51, 35, NA, 84875,  4
1041, 1047.9, 15134, 4314, 7024, 1972, 5534, 3330, 2940, 792, 51, 47, NA, 41040,  4
1042, 1048.9, 13062, 16724, 3506, 1328, 11771, 6114, 3391, 2148, 60, 41, NA, 58044,  4
1043, 1049.9, 214659, 33774, 12606, 5451, 7860, 2806, 3763, 953, 51, 48, NA, 281872,  4
1044, 1050.9, 17325, 13660, 807, 11958, 1644, 6413, 2164, 788, 51, 53, NA, 54759,  4
1045, 1051.9, 112040, 9227, 1931, 8683, 2892, 4770, 4357, 839, 51, 51, NA, 144739,  4
1046, 1052.9, 47607, 25995, 14771, 2879, 10459, 5900, 4025, 1101, 43, 63, NA, 112737,  4
1047, 1053.9, 1028440, 141985, 49955, 25379, 11515, 11094, 3070, 2246, 43, 64, NA, 1273684,  4
1048, 1054.9, 162223, 14718, 11438, 4990, 4164, 5067, 3315, 838, 37, 66, NA, 206753,  4
1049, 1055.9, 17070, 38067, 9309, 14833, 2894, 3586, 5349, 2172, 21, 66, NA, 93280,  4
1050, 1056.9, 110817, 15586, 9065, 19748, 4751, 1911, 2110, 1838, 8, 80, NA, 165826,  4
1051, 1057.9, 309042, 25154, 25803, 9283, 5718, 8923, 3744, 913, 20, 88, NA, 388580,  4
1052, 1058.9, 93966, 8266, 419, 1918, 1061, 1908, 530, 137, 23, 75, NA, 108205,  4
1053, 1059.9, 56240, 10266, 7336, 3408, 3234, 5163, 3812, 1376, 38, 75, NA, 90835,  4
1054, 1060.9, 1118484, 170332, 58253, 59716, 19753, 17724, 16932, 9547, 43, 64, NA, 1470741,  4
1055, 1061.9, 264887, 74816, 2150, 3009, 3469, 5419, 7380, 1390, 35, 35, NA, 362520,  4
1056, 1062.9, 23738, 19291, 1083, 3272, 4864, 5878, 3022, 526, 38, 29, NA, 61674,  4
1057, 1063.9, 562878, 43754, 17046, 4760, 13547, 17833, 23262, 4556, 38, 23, NA, 687636,  4
1058, 1064.9, 599048, 53874, 12591, 13132, 13307, 14513, 11801, 5345, 50, 16, NA, 723611,  4
1059, 1065.9, 10862, 20308, 3659, 3324, 12096, 5493, 2497, 1043, 61, 27, NA, 59282,  4
1060, 1066.9, 273524, 51452, 26442, 3309, 16412, 23617, 23727, 3952, 63, 37, NA, 422435,  4
1061, 1067.9, 206591, 51672, 8886, 13610, 8798, 10390, 3399, 1188, 56, 37, NA, 304534,  4
1062, 1068.9, 46792, 27900, 3838, 4964, 4605, 6735, 5787, 1963, 56, 34, NA, 102584,  4
1063, 1069.9, 166156, 8818, 5154, 4060, 4628, 5524, 7073, 1083, 61, 43, NA, 202496,  4
1064, 1070.9, 8452, 17531, 4339, 4055, 3671, 5829, 4932, 1253, 57, 43, NA, 50062,  4
1065, 1071.9, 14696, 7138, 7473, 6350, 2163, 2348, 3490, 1104, 56, 57, NA, 44762,  4
1066, 1072.9, 35884, 12935, 1558, 7428, 8023, 3798, 2642, 1570, 56, 63, NA, 73838,  4
1067, 1073.9, 74746, 34996, 1358, 18113, 7436, 4044, 6250, 1780, 41, 63, NA, 148723,  4
1068, 1074.9, 6629, 20809, 5670, 6114, 1666, 4716, 3784, 3496, 37, 64, NA, 52884,  4
1069, 1075.9, 104320, 71754, 4575, 9805, 12917, 6960, 2607, 2599, 30, 43, NA, 215537,  4
1070, 1076.9, 120340, 84291, 20518, 59051, 31226, 25088, 7209, 4043, 29, 48, NA, 351766,  4
1071, 1077.9, 20662, 13908, 10387, 4008, 1829, 6785, 3757, 1861, 43, 54, NA, 63197,  4
1072, 1078.9, 362987, 77046, 15492, 28185, 14244, 15909, 22627, 5872, 43, 53, NA, 542362,  4
1073, 1079.9, 97819, 57267, 16040, 6129, 1968, 4500, 5990, 1562, 38, 61, NA, 191275,  4
1074, 1080.9, 441179, 26797, 13467, 4870, 5208, 9369, 2393, 415, 43, 57, NA, 503698,  4
1075, 1081.9, 103306, 27424, 41996, 8118, 17403, 39056, 21172, 7788, 50, 56, NA, 266263,  4
1076, 1082.9, 1730564, 108521, 35994, 71079, 15326, 23373, 21707, 9644, 47, 63, NA, 2016208,  4
1077, 1083.9, 14431, 5548, 4021, 1755, 3238, 3145, 2866, 784, 64, 67, NA, 35788,  4
1078, 1084.9, 475634, 34110, 1701, 3071, 6608, 9600, 8344, 2913, 66, 51, NA, 541981,  4
1079, 1085.9, 83233, 50582, 3476, 6471, 3194, 13395, 6205, 2254, 57, 37, NA, 168810,  4
1080, 1086.9, 476379, 35174, 25826, 16421, 9399, 33459, 9796, 5229, 75, 34, NA, 611683,  4
1081, 1087.9, 89771, 10006, 7370, 2062, 2971, 2868, 1314, 114, 67, 35, NA, 116476,  4
1082, 1088.9, 8411, 17931, 6400, 7557, 3099, 5507, 3238, 1614, 63, 53, NA, 53757,  4
1083, 1089.9, 31576, 5973, 13735, 1852, 3606, 6460, 4088, 1833, 64, 75, NA, 69123,  4
1084, 1090.9, 63110, 136855, 16220, 54181, 11950, 27394, 7415, 4836, 51, 70, NA, 321961,  4
1085, 1091.9, 916048, 263973, 91939, 113577, 17221, 12912, 29597, 5831, 34, 75, NA, 1451098,  4
1086, 1092.9, 21707, 11701, 22079, 4134, 1454, 3741, 3359, 1210, 27, 84, NA, 69385,  4
1087, 1093.9, 35485, 45088, 10332, 18490, 6212, 4173, 2121, 1106, 10, 78, NA, 123007,  4
1088, 1094.9, 143432, 31933, 2269, 3711, 2421, 6177, 5314, 1156, 11, 66, NA, 196413,  4
1089, 1095.9, 133604, 15494, 5766, 7336, 2688, 5514, 2019, 1449, 34, 63, NA, 173870,  4
1090, 1096.9, 1308226, 466351, 21868, 33222, 20353, 21765, 23389, 16131, 23, 35, NA, 1911305,  4
1091, 1097.9, 189333, 9641, 3763, 2184, 1116, 5579, 2741, 1975, 43, 30, NA, 216332,  4
1092, 1098.9, 211622, 47678, 3798, 4326, 3972, 8404, 7893, 667, 43, 29, NA, 288360,  4
1093, 1099.9, 36639, 13098, 16670, 6177, 3456, 5627, 4193, 1409, 40, 38, NA, 87269,  4
1094, 1100.9, 142346, 33098, 9609, 7058, 4696, 10071, 2471, 1645, 56, 51, NA, 210994,  4
1095, 1101.9, 153673, 39935, 44825, 18133, 19077, 27260, 17629, 5419, 54, 60, NA, 325951,  4
1096, 1102.9, 50691, 93366, 46029, 26371, 8218, 30513, 10124, 8585, 56, 75, NA, 273897,  4
1097, 1103.9, 425052, 216296, 62094, 32688, 28114, 33596, 14349, 2964, 53, 61, NA, 815153,  4
1098, 1104.9, 237833, 131350, 6052, 5631, 11447, 4144, 4956, 909, 34, 43, NA, 402322,  4
1099, 1105.9, 343687, 27051, 25468, 9955, 10076, 21104, 10407, 5686, 35, 41, NA, 453434,  4
1100, 1106.9, 524703, 153098, 23082, 8617, 10325, 16290, 11176, 3114, 27, 29, NA, 750405,  4
1101, 1107.9, 892186, 243327, 23712, 25075, 28643, 24265, 7480, 2412, 23, 21, NA, 1247100,  4
1102, 1108.9, 494565, 110584, 22425, 22807, 14278, 10085, 9437, 2857, 30, 37, NA, 687038,  4
1103, 1109.9, 43438, 37129, 9913, 11357, 14827, 8748, 2190, 896, 23, 30, NA, 128498,  4
1104, 1110.9, 127746, 56751, 1725, 15352, 10402, 9668, 4393, 1322, 26, 34, NA, 227359,  4
1105, 1111.9, 94253, 22107, 4853, 1191, 2579, 1295, 611, 742, 21, 38, NA, 127631,  4
1106, 1112.9, 9452, 10771, 6949, 1972, 7599, 5573, 3490, 934, 37, 40, NA, 46740,  4
1107, 1113.9, 131726, 75661, 39261, 64610, 18401, 14231, 10389, 4717, 29, 50, NA, 358996,  4
1108, 1114.9, 153356, 120714, 16143, 16312, 18543, 24736, 21826, 5664, 34, 48, NA, 377294,  4
1109, 1115.9, 430184, 23937, 74387, 3207, 12416, 29377, 11403, 6051, 53, 66, NA, 590962,  4
1110, 1116.9, 83015, 5332, 4320, 3032, 1112, 6951, 2767, 1534, 60, 69, NA, 108063,  4
1111, 1117.9, 775826, 189806, 72938, 5239, 42436, 26227, 22647, 5469, 61, 56, NA, 1140588,  4
1112, 1119.0, 251285, 28514, 4431, 5774, 1893, 1390, 1240, 409, 44, 61, NA, 294936,  4
1113, 1119.9, 47559, 43206, 2205, 8532, 7806, 3173, 5427, 3049, 26, 43, NA, 120957,  4
1114, 1120.9, 100264, 28067, 14474, 6638, 6283, 9143, 1497, 675, 14, 41, NA, 167041,  4
1115, 1121.9, 371951, 16753, 5504, 3270, 12578, 5987, 776, 472, 24, 40, NA, 417291,  4
1116, 1122.9, 95714, 52560, 6627, 26628, 11162, 10430, 3213, 4700, 40, 44, NA, 211034,  4
1117, 1123.9, 505721, 51846, 19914, 7765, 5713, 9791, 3766, 915, 48, 51, NA, 605431,  4
1118, 1124.9, 19839, 9553, 2637, 7706, 3445, 3260, 2833, 914, 47, 54, NA, 50187,  4
1119, 1126.0, 97715, 13663, 19564, 8551, 6230, 9436, 2868, 487, 47, 69, NA, 158514,  4
1120, 1126.9, 101999, 41828, 2958, 2743, 9787, 2602, 3038, 744, 38, 53, NA, 165699,  4
1121, 1127.9, 107389, 9673, 3186, 5211, 4399, 1648, 977, 235, 35, 56, NA, 132718,  4
1122, 1128.9, 17057, 15992, 10842, 1984, 3079, 3766, 2980, 4418, 30, 54, NA, 60118,  4
1123, 1129.9, 823226, 103358, 14942, 48931, 44780, 14002, 5585, 3059, 20, 47, NA, 1057883,  4
1124, 1130.9, 19699, 17983, 13042, 11025, 1999, 5379, 3415, 3671, 27, 69, NA, 76213,  4
1125, 1131.9, 334626, 15201, 5510, 6026, 2193, 7132, 1987, 701, 40, 69, NA, 373376,  4
1126, 1133.0, 37544, 37275, 15861, 5753, 8349, 2718, 3912, 1648, 27, 67, NA, 113060,  4
1127, 1133.9, 20638, 16445, 4264, 7580, 1982, 8763, 3269, 1451, 43, 67, NA, 64392,  4
1128, 1134.9, 215917, 24090, 7988, 9225, 13331, 6265, 3594, 1016, 44, 57, NA, 281426,  4
1129, 1135.9, 30272, 15645, 16746, 3125, 1641, 9602, 7489, 6841, 47, 63, NA, 91361,  4
1130, 1136.9, 91023, 78292, 14577, 4842, 2958, 3514, 3717, 1132, 44, 54, NA, 200055,  4
1131, 1137.9, 117072, 30350, 7617, 11542, 5387, 12665, 3128, 1838, 41, 54, NA, 189599,  4
1132, 1138.9, 93462, 62164, 5056, 4153, 7053, 9928, 2955, 2840, 41, 41, NA, 187611,  4
1133, 1139.9, 25042, 6654, 5806, 1305, 2383, 4973, 2214, 753, 43, 37, NA, 49130,  4
1134, 1140.9, 536977, 51894, 12134, 18490, 7254, 13838, 11288, 5597, 60, 43, NA, 657472,  4
1135, 1141.9, 19482, 57475, 3888, 5682, 2945, 8276, 3474, 934, 53, 30, NA, 102156,  4
1136, 1142.9, 104085, 14342, 4605, 11829, 4213, 1245, 1241, 679, 38, 54, NA, 142239,  4
1137, 1143.9, 30581, 10011, 909, 4722, 4059, 4379, 3329, 1696, 35, 48, NA, 59686,  4
1138, 1144.9, 33494, 4470, 3714, 1029, 1151, 2823, 245, 167, 43, 51, NA, 47093,  4
1139, 1145.9, 71136, 64711, 4312, 3662, 2837, 5772, 3492, 851, 38, 48, NA, 156773,  4
1140, 1146.9, 15207, 31562, 9572, 6102, 2676, 3926, 1909, 1342, 48, 40, NA, 72296,  4
1141, 1147.9, 19664, 71113, 21651, 17877, 13264, 7443, 2137, 1172, 34, 44, NA, 154321,  4
1142, 1148.9, 109461, 5334, 8305, 2455, 5103, 6001, 3030, 1078, 34, 44, NA, 140767,  4
1143, 1149.9, 35878, 21781, 6364, 3446, 5914, 2974, 3024, 1015, 35, 56, NA, 80396,  4
1144, 1150.9, 97184, 6670, 1719, 1976, 1267, 1677, 632, 455, 41, 56, NA, 111580,  4
1145, 1151.9, 14346, 6854, 15402, 3809, 4656, 4924, 929, 3340, 53, 66, NA, 54260,  4
1146, 1152.9, 645015, 37773, 8194, 4539, 1281, 5462, 4277, 1431, 40, 57, NA, 707972,  4
1147, 1153.9, 12531, 5385, 2225, 591, 4110, 5826, 4129, 999, 61, 53, NA, 35796,  4
1148, 1154.9, 104312, 26785, 4329, 4664, 4025, 6674, 4509, 2183, 63, 48, NA, 157481,  4
1149, 1155.9, 871888, 70412, 11735, 46523, 14507, 48050, 12034, 5938, 69, 37, NA, 1081087,  4
1150, 1156.9, 803623, 66246, 10898, 17291, 7542, 4237, 5745, 2544, 61, 40, NA, 918126,  4
1151, 1157.9, 28806, 10507, 3237, 3477, 702, 595, 2096, 503, 27, 51, NA, 49923,  4
1152, 1158.9, 18929, 17414, 6689, 406, 967, 3202, 1659, 1228, 24, 54, NA, 50494,  4
1153, 1159.9, 94104, 10521, 8146, 6119, 3754, 1849, 683, 292, 8, 63, NA, 125468,  4
1154, 1160.9, 31302, 15041, 5385, 3407, 3854, 7332, 2213, 1173, 27, 63, NA, 69707,  4
1155, 1161.9, 603748, 152771, 34835, 57447, 17878, 15919, 11993, 4410, 37, 61, NA, 899001,  4
1156, 1162.9, 259796, 68666, 60606, 10649, 15278, 23005, 5468, 10165, 38, 67, NA, 453633,  4
1157, 1163.9, 44831, 64332, 21271, 5264, 6068, 6080, 1217, 1118, 37, 57, NA, 150181,  4
1158, 1164.9, 1540055, 171192, 19507, 40598, 36410, 21581, 13002, 3733, 23, 54, NA, 1846078,  4
1159, 1165.9, 675645, 102103, 17584, 6556, 7867, 28284, 15729, 7115, 35, 43, NA, 860883,  4
1160, 1166.9, 47413, 5030, 2984, 916, 2395, 2475, 5254, 1673, 40, 38, NA, 68140,  4
1161, 1167.9, 126435, 25260, 2197, 9524, 5074, 2546, 13361, 790, 40, 38, NA, 185187,  4
1162, 1169.0, 59480, 4528, 2994, 4016, 3296, 6777, 5393, 1448, 61, 43, NA, 87932,  4
1163, 1169.9, 112341, 103076, 6724, 6150, 6058, 4446, 3306, 4019, 41, 40, NA, 246120,  4
1164, 1170.9, 742083, 10327, 3614, 3967, 7927, 4831, 5809, 792, 41, 37, NA, 779350,  4
1165, 1171.9, 228412, 76935, 8427, 5034, 923, 4945, 3670, 1230, 40, 29, NA, 329576,  4
1166, 1172.9, 952335, 86741, 28800, 25578, 18656, 10976, 5560, 3657, 16, 29, NA, 1132303,  4
1167, 1173.9, 117691, 11711, 6067, 3593, 6314, 2852, 2178, 467, 30, 44, NA, 150873,  4
1168, 1174.9, 65475, 19995, 13154, 4242, 4919, 3868, 3014, 1800, 21, 51, NA, 116467,  4
1169, 1175.9, 26524, 14062, 3092, 2876, 2097, 5319, 3898, 1716, 38, 56, NA, 59584,  4
1170, 1176.9, 44185, 17916, 3413, 10325, 4977, 8391, 7781, 1335, 53, 56, NA, 98323,  4
1171, 1177.9, 446270, 27047, 34147, 12373, 11595, 15702, 8169, 2939, 57, 63, NA, 558242,  4
1172, 1178.9, 46779, 35175, 7660, 1623, 3627, 5526, 1323, 1289, 61, 51, NA, 103002,  4
1173, 1179.9, 21713, 16141, 1640, 1206, 1578, 741, 1185, 349, 40, 44, NA, 44553,  4
1174, 1180.9, 20461, 15231, 8146, 6840, 2352, 3298, 2687, 1703, 27, 51, NA, 60718,  4
1175, 1181.9, 32492, 9329, 3431, 5932, 2376, 7389, 1656, 1405, 35, 47, NA, 64010,  4
1176, 1182.9, 86735, 40917, 10051, 14015, 8002, 8978, 2925, 1415, 35, 51, NA, 173038,  4
1177, 1183.9, 58916, 23606, 8459, 2467, 6241, 1412, 839, 162, 37, 60, NA, 102102,  4
1178, 1184.9, 66269, 28728, 7273, 6444, 5436, 6791, 3627, 2205, 41, 53, NA, 126773,  4
1179, 1185.9, 12200, 8777, 2286, 5730, 3457, 6155, 3947, 642, 40, 51, NA, 43194,  4
1180, 1186.9, 21929, 11230, 8465, 1394, 5758, 3663, 3987, 949, 43, 53, NA, 57375,  4
1181, 1187.9, 14974, 10306, 5034, 7796, 1738, 4394, 2130, 1827, 60, 61, NA, 48199,  4
1182, 1188.9, 46959, 16812, 906, 1271, 2043, 2649, 5223, 1073, 57, 48, NA, 76936,  4
1183, 1189.9, 682604, 183486, 34505, 9556, 12810, 17227, 20354, 1932, 41, 40, NA, 962474,  4
1184, 1190.9, 184397, 61710, 6354, 6597, 8368, 8515, 6593, 2306, 37, 27, NA, 284840,  4
1185, 1191.9, 107014, 17362, 869, 4913, 1416, 1980, 726, 307, 27, 17, NA, 134587,  4
1186, 1192.9, 40635, 4766, 325, 983, 440, 1527, 765, 524, 35, 24, NA, 49965,  4
1187, 1193.9, 31762, 27036, 4482, 5503, 3811, 3262, 10671, 991, 35, 27, NA, 87518,  4
1188, 1194.9, 74299, 78389, 3769, 8316, 5327, 2802, 1808, 1966, 20, 26, NA, 176676,  4
1189, 1195.9, 33908, 14123, 3969, 6919, 2831, 1954, 1618, 1009, 17, 34, NA, 66331,  4
1190, 1196.9, 27609, 27117, 6261, 3130, 2354, 8041, 1589, 1085, 17, 37, NA, 77186,  4
1191, 1197.9, 263746, 30540, 14164, 3621, 1990, 6791, 1335, 1500, 24, 41, NA, 323687,  4
1192, 1198.9, 107515, 20465, 11948, 3879, 6987, 8936, 4296, 1595, 48, 54, NA, 165621,  4
1193, 1199.9, 18384, 18664, 5172, 3492, 1944, 6100, 1970, 1042, 57, 48, NA, 56768,  4
1194, 1200.9, 13102, 55461, 7243, 6176, 4520, 3410, 3307, 1308, 41, 47, NA, 94527,  4
1195, 1201.9, 17926, 18627, 2015, 5011, 2952, 7433, 1293, 1816, 50, 40, NA, 57073,  4
1196, 1202.9, 132826, 51316, 24253, 3582, 8556, 8161, 2973, 4276, 40, 38, NA, 235943,  4
1197, 1203.9, 73951, 15748, 3087, 3941, 1160, 1529, 371, 310, 26, 40, NA, 100097,  4
1198, 1204.9, 10623, 8846, 1317, 11456, 3891, 2682, 5108, 831, 37, 53, NA, 44754,  4
1199, 1205.9, 17825, 10584, 4872, 1167, 1983, 3444, 4361, 518, 34, 57, NA, 44754,  4
1200, 1206.9, 9302, 18135, 6766, 6669, 4560, 7720, 3204, 598, 41, 60, NA, 56954,  4
1201, 1207.9, 84635, 9909, 677, 3542, 1474, 13474, 2505, 885, 70, 51, NA, 117101,  4
1202, 1208.9, 15966, 4017, 4277, 2730, 6109, 6003, 1662, 1741, 88, 44, NA, 42505,  4
1203, 1209.9, 15514, 15307, 13697, 13422, 6229, 4198, 3474, 607, 81, 57, NA, 72448,  4
1204, 1210.9, 35322, 25171, 1182, 1598, 4404, 7514, 6608, 828, 81, 37, NA, 82627,  4
1205, 1211.9, 6934, 7782, 11059, 2071, 3271, 5605, 1573, 858, 66, 51, NA, 39153,  4
1206, 1212.9, 106893, 136736, 14340, 43993, 31704, 13876, 19928, 2419, 44, 50, NA, 369889,  4
1207, 1213.9, 185592, 4214, 3059, 1597, 599, 663, 418, 92, 41, 48, NA, 196234,  4
1208, 1214.9, 5266, 7458, 10755, 1973, 4473, 4653, 2235, 663, 41, 74, NA, 37476,  4
1209, 1215.9, 49514, 30293, 4129, 2498, 3307, 5872, 4934, 2791, 35, 56, NA, 103338,  4
1210, 1216.9, 380218, 433707, 10741, 33672, 71364, 26291, 19897, 4378, 30, 41, NA, 980268,  4
1211, 1217.9, 15829, 28407, 9282, 5666, 6714, 6735, 1534, 1224, 40, 30, NA, 75391,  4
1212, 1218.9, 36995, 6088, 4810, 9154, 2048, 6771, 1475, 987, 43, 34, NA, 68328,  4
1213, 1219.9, 9643, 6293, 6417, 8564, 1995, 4055, 1556, 511, 47, 54, NA, 39034,  4
1214, 1220.9, 34096, 11796, 5903, 3462, 2142, 6156, 3622, 1573, 64, 77, NA, 68750,  4
1215, 1221.9, 13954, 18216, 5591, 2457, 2313, 4279, 4848, 1170, 66, 75, NA, 52828,  4
1216, 1222.9, 32609, 11269, 9949, 1952, 4116, 4686, 2716, 2561, 60, 69, NA, 69858,  4
1217, 1223.9, 99302, 17287, 14419, 2428, 1517, 6398, 4396, 2761, 60, 64, NA, 148508,  4
1218, 1224.9, 186368, 57148, 18274, 12299, 8705, 7467, 7831, 1039, 47, 63, NA, 299131,  4
1219, 1225.9, 25020, 18333, 23554, 10986, 10728, 4474, 2675, 2344, 40, 75, NA, 98114,  4
1220, 1226.9, 935752, 212234, 6488, 15866, 23676, 23910, 15775, 7504, 30, 53, NA, 1241205,  4
1221, 1227.9, 13598, 7396, 3733, 3741, 1119, 4488, 2337, 958, 37, 51, NA, 37370,  4
1222, 1228.9, 21093, 9561, 7955, 8030, 2624, 2499, 1193, 705, 37, 61, NA, 53660,  4
1223, 1229.9, 16225, 13674, 5117, 6795, 5443, 3079, 4307, 2765, 41, 54, NA, 57405,  4
1224, 1230.9, 62542, 47947, 7569, 11737, 21143, 25301, 34669, 13519, 54, 64, NA, 224427,  4
1225, 1231.9, 110257, 46520, 13494, 3089, 9395, 6702, 6720, 1608, 43, 56, NA, 197785,  4
1226, 1232.9, 11043, 8876, 5990, 4154, 1641, 5031, 3212, 3485, 54, 50, NA, 43432,  4
1227, 1233.9, 209886, 365253, 124605, 17766, 39436, 32407, 10372, 11907, 47, 44, NA, 811632,  4
1228, 1234.9, 15867, 4954, 5370, 3676, 1951, 5306, 3325, 612, 48, 57, NA, 41061,  4
1229, 1235.9, 83196, 1801, 771, 1733, 337, 1175, 570, 365, 57, 69, NA, 89948,  4
1230, 1236.9, 7761, 17280, 4505, 1516, 1724, 5680, 4076, 1130, 57, 60, NA, 43672,  4
1231, 1237.9, 16077, 6247, 9395, 2128, 6909, 6149, 1364, 1097, 77, 66, NA, 49366,  4
1232, 1238.9, 83056, 29899, 3269, 7253, 2949, 4935, 1782, 1467, 64, 54, NA, 134610,  4
1233, 1239.9, 39206, 6855, 5683, 1848, 3009, 3013, 2069, 791, 61, 51, NA, 62474,  4
1234, 1240.9, 47244, 6277, 4813, 4966, 3317, 3897, 1676, 1546, 61, 64, NA, 73736,  4
1235, 1241.9, 32294, 8359, 6015, 2447, 1549, 3582, 1563, 816, 54, 64, NA, 56625,  4
1236, 1242.9, 79918, 8696, 1940, 3761, 5539, 2989, 6699, 1709, 57, 66, NA, 111251,  4
1237, 1243.9, 200202, 44373, 87790, 13497, 15953, 4643, 7138, 785, 40, 78, NA, 374381,  4
1238, 1244.9, 25210, 5690, 4172, 6242, 1435, 5097, 2022, 828, 41, 80, NA, 50696,  4
1239, 1245.9, 37788, 28168, 2523, 6519, 5107, 5711, 1814, 415, 38, 69, NA, 88045,  4
1240, 1246.9, 465970, 31154, 10593, 43537, 22636, 10939, 23038, 8073, 35, 80, NA, 615940,  4
1241, 1247.9, 26447, 7428, 6350, 1682, 4193, 5016, 2592, 321, 57, 66, NA, 54029,  4
1242, 1248.9, 53326, 15167, 8341, 3068, 5204, 4655, 7525, 741, 53, 57, NA, 98027,  4
1243, 1249.9, 101606, 18232, 3841, 1252, 2059, 1356, 368, 271, 43, 57, NA, 128985,  4
1244, 1250.9, 21705, 8348, 3136, 3791, 3235, 6134, 2510, 1214, 54, 50, NA, 50073,  4
1245, 1251.9, 10871, 10319, 10303, 11790, 2733, 5132, 2288, 859, 48, 60, NA, 54295,  4
1246, 1252.9, 106807, 94522, 55773, 5264, 14902, 4087, 3011, 1391, 26, 63, NA, 285757,  4
1247, 1253.9, 417460, 143470, 30066, 37510, 6908, 18704, 16273, 7947, 34, 69, NA, 678338,  4
1248, 1254.9, 103755, 21051, 28736, 3521, 3641, 4186, 3228, 5120, 14, 80, NA, 173238,  4
1249, 1255.9, 23400, 8863, 483, 4713, 6430, 4390, 1116, 1415, 23, 64, NA, 50810,  4
1250, 1256.9, 15483, 20188, 6204, 3486, 3097, 2699, 1326, 2448, 37, 61, NA, 54931,  4
1251, 1257.9, 1431117, 131923, 4413, 12216, 7778, 27692, 13206, 6089, 43, 47, NA, 1634434,  4
1252, 1258.9, 503945, 284058, 71400, 57038, 62541, 40432, 19460, 6136, 44, 34, NA, 1045010,  4
1253, 1259.9, 931163, 134892, 45979, 27949, 19728, 33258, 14648, 7409, 38, 38, NA, 1215026,  4
1254, 1260.9, 38965, 4823, 5753, 8984, 3041, 5919, 2225, 1834, 51, 50, NA, 71544,  4
1255, 1261.9, 48328, 14094, 5002, 11133, 3915, 3066, 844, 927, 44, 70, NA, 87309,  4
1256, 1262.9, 871040, 62320, 16195, 7894, 10188, 14074, 11982, 6695, 50, 67, NA, 1000388,  4
1257, 1263.9, 9181, 9370, 7503, 5650, 1343, 3776, 3146, 930, 50, 77, NA, 40899,  4
1258, 1264.9, 5120, 10790, 6765, 12236, 2693, 4217, 1225, 2356, 43, 77, NA, 45402,  4
1259, 1265.9, 398364, 98276, 31406, 19602, 26948, 49552, 5156, 10978, 56, 64, NA, 640282,  4
1260, 1266.9, 16941, 13436, 14569, 2335, 3753, 11160, 1373, 818, 64, 75, NA, 64385,  4
1261, 1267.9, 74179, 56951, 16741, 6940, 3158, 4326, 4277, 1821, 51, 64, NA, 168393,  4
1262, 1268.9, 3212682, 438380, 15248, 41312, 42225, 21014, 7743, 9449, 38, 40, NA, 3788053,  4
1263, 1269.9, 23769, 14877, 3473, 809, 3369, 10352, 2866, 1149, 43, 34, NA, 60664,  4
1264, 1270.9, 77086, 57618, 10449, 608, 8206, 3246, 5371, 1812, 20, 17, NA, 164396,  4
1265, 1271.9, 1128982, 85252, 52495, 3039, 5632, 10039, 5253, 742, 23, 21, NA, 1291434,  4
1266, 1272.9, 100345, 7736, 3716, 2277, 2745, 6844, 2093, 1865, 50, 35, NA, 127621,  4
1267, 1273.9, 13338, 12151, 4845, 5331, 2966, 4014, 1033, 505, 38, 47, NA, 44183,  4
1268, 1274.9, 27614, 10969, 20965, 3437, 2333, 3061, 3104, 1182, 44, 70, NA, 72665,  4
1269, 1275.9, 25889, 6818, 5161, 4905, 5127, 4438, 2987, 1702, 60, 70, NA, 57027,  4
1270, 1276.9, 7703, 5857, 6293, 8762, 1127, 10649, 1288, 605, 60, 83, NA, 42284,  4
1271, 1277.9, 56399, 7063, 10115, 7087, 4373, 3586, 2310, 1157, 57, 91, NA, 92090,  4
1272, 1278.9, 99636, 53156, 14306, 2284, 8447, 12157, 4375, 1499, 66, 70, NA, 195860,  4
1273, 1279.9, 34934, 18147, 11493, 2353, 3375, 6888, 3455, 1138, 63, 69, NA, 81783,  4
1274, 1280.9, 17911, 8347, 4552, 5509, 10054, 5607, 5045, 2006, 57, 63, NA, 59031,  4
1275, 1281.9, 265426, 54293, 11765, 26189, 11760, 3485, 2938, 1453, 41, 54, NA, 377309,  4
1276, 1282.9, 42219, 9566, 4080, 3060, 3356, 6747, 2967, 837, 51, 60, NA, 72832,  4
1277, 1283.9, 44968, 46267, 7371, 6147, 390, 6025, 3451, 1885, 43, 53, NA, 116504,  4
1278, 1284.9, 27792, 29007, 4065, 8604, 1906, 6847, 4121, 1562, 37, 50, NA, 83904,  4
1279, 1285.9, 39641, 18005, 4800, 3163, 6312, 6530, 5266, 1170, 56, 41, NA, 84887,  4
1280, 1286.9, 17844, 30940, 11168, 1377, 2581, 2538, 2750, 1272, 37, 41, NA, 70470,  4
1281, 1287.9, 532212, 60718, 19164, 11827, 13658, 21799, 9259, 4424, 47, 43, NA, 673061,  4
1282, 1288.9, 43631, 63956, 18508, 6837, 15380, 5908, 3428, 1235, 37, 43, NA, 158883,  4
1283, 1289.9, 83327, 27354, 3229, 3877, 4570, 5369, 4078, 959, 29, 40, NA, 132763,  4
1284, 1290.9, 68204, 8573, 1290, 946, 1169, 1880, 839, 355, 43, 34, NA, 83256,  4
1285, 1291.9, 111125, 13744, 6121, 2752, 3778, 3874, 4853, 1164, 40, 35, NA, 147411,  4
1286, 1292.9, 147795, 19919, 3113, 3143, 2011, 3092, 3517, 2120, 47, 30, NA, 184710,  4
1287, 1293.9, 99757, 17876, 2385, 3094, 2466, 5460, 6492, 836, 51, 35, NA, 138366,  4
1288, 1294.9, 219683, 44626, 15809, 49378, 13231, 15750, 6918, 3776, 50, 51, NA, 369171,  4
1289, 1295.9, 820506, 220381, 12749, 10744, 32793, 21894, 14878, 8522, 41, 34, NA, 1142467,  4
1290, 1296.9, 22346, 13446, 4075, 8510, 2236, 1950, 5404, 2137, 37, 44, NA, 60104,  4
1291, 1297.9, 23404, 3703, 6295, 7228, 2268, 5677, 1333, 317, 41, 63, NA, 50225,  4
1292, 1298.9, 19383, 18172, 1244, 10356, 1963, 2883, 937, 1089, 37, 56, NA, 56027,  4
1293, 1299.9, 25737, 8009, 4098, 5114, 2429, 6846, 2644, 1440, 51, 77, NA, 56317,  4
1294, 1300.9, 391883, 55271, 16770, 4938, 1782, 4068, 2951, 1618, 48, 69, NA, 479281,  4
1295, 1301.9, 13715, 14262, 864, 4350, 3854, 3198, 781, 130, 40, 53, NA, 41154,  4
1296, 1302.9, 484027, 90847, 23860, 11498, 15444, 22569, 25294, 7175, 47, 47, NA, 680714,  4
1297, 1303.9, 26144, 3363, 1431, 1044, 2590, 752, 1163, 382, 35, 41, NA, 36869,  4
1298, 1304.9, 55066, 22023, 6224, 3126, 3491, 6822, 6380, 1057, 50, 40, NA, 104189,  4
1299, 1305.9, 167128, 26758, 4648, 11003, 10645, 6963, 3671, 661, 50, 44, NA, 231477,  4
1300, 1306.9, 505137, 74606, 73276, 9417, 17366, 28681, 7068, 6591, 50, 54, NA, 722142,  4
1301, 1307.9, 53729, 10385, 11254, 3404, 2602, 4881, 4196, 3253, 54, 64, NA, 93704,  4
1302, 1308.9, 15826, 60008, 33493, 1965, 10704, 17208, 4336, 768, 54, 67, NA, 144308,  4
1303, 1309.9, 23945, 8817, 5936, 6450, 1493, 4825, 7077, 1289, 57, 77, NA, 59832,  4
1304, 1310.9, 74181, 21187, 6525, 3469, 5378, 3163, 1628, 1486, 50, 67, NA, 117017,  4
1305, 1311.9, 84958, 22678, 663, 1818, 2457, 7795, 4309, 3478, 56, 40, NA, 128156,  4
1306, 1312.9, 36891, 5828, 961, 3715, 3990, 7251, 3261, 1389, 69, 37, NA, 63286,  4
1307, 1313.9, 334550, 153405, 44495, 72636, 24323, 30951, 16078, 4639, 63, 30, NA, 681077,  4
1308, 1314.9, 48206, 23096, 8489, 6845, 2983, 3218, 3572, 611, 60, 37, NA, 97020,  4
1309, 1315.9, 114834, 64024, 7873, 4738, 10465, 11438, 3648, 567, 51, 47, NA, 217587,  4
1310, 1316.9, 11305, 15603, 1976, 2529, 3961, 11918, 1865, 625, 50, 38, NA, 49782,  4
1311, 1317.9, 206066, 177202, 14807, 16470, 30507, 12458, 8650, 2403, 43, 23, NA, 468563,  4
1312, 1318.9, 448125, 113806, 35391, 35915, 16875, 39499, 10854, 3511, 54, 21, NA, 703976,  4
1313, 1319.9, 28943, 8536, 4932, 1535, 3078, 3525, 3950, 672, 60, 34, NA, 55171,  4
1314, 1320.9, 8948, 7390, 9716, 2911, 6043, 2859, 1501, 1483, 43, 51, NA, 40851,  4
1315, 1321.9, 41481, 13825, 1864, 5321, 1741, 4471, 6029, 2506, 56, 61, NA, 77238,  4
1316, 1322.9, 94699, 10435, 4824, 2010, 1314, 1618, 820, 161, 48, 63, NA, 115881,  4
1317, 1323.9, 245807, 160248, 42965, 26904, 23241, 23698, 17106, 7104, 38, 61, NA, 547073,  4
1318, 1324.9, 45455, 9695, 4497, 2096, 2016, 7274, 4410, 1045, 50, 53, NA, 76488,  4
1319, 1325.9, 17269, 23377, 6779, 3164, 2749, 7151, 3092, 1315, 50, 48, NA, 64896,  4
1320, 1326.9, 17523, 10191, 5847, 822, 7570, 4309, 5483, 1233, 61, 43, NA, 52978,  4
1321, 1327.9, 39513, 10275, 565, 352, 772, 2186, 877, 296, 69, 26, NA, 54836,  4
1322, 1328.9, 7605, 6365, 7427, 6687, 1160, 6043, 1435, 661, 64, 40, NA, 37383,  4
1323, 1329.9, 93937, 116429, 4637, 3234, 4148, 6554, 9622, 4180, 50, 23, NA, 242741,  4
1324, 1330.9, 543168, 52874, 33744, 21345, 4499, 13048, 19902, 9073, 40, 34, NA, 697653,  4
1325, 1331.9, 48617, 14687, 5481, 3841, 3113, 4821, 1651, 1194, 40, 51, NA, 83405,  4
1326, 1332.9, 133277, 7437, 755, 1826, 1893, 2396, 1596, 495, 38, 35, NA, 149675,  4
1327, 1333.9, 13204, 7164, 2244, 12026, 1383, 3025, 2793, 587, 50, 66, NA, 42426,  4
1328, 1334.9, 21743, 9738, 3355, 3190, 6556, 3921, 4231, 2887, 57, 57, NA, 55621,  4
1329, 1335.9, 43161, 10207, 1386, 1502, 1383, 1646, 535, 163, 53, 51, NA, 59983,  4
1330, 1336.9, 696288, 136937, 18330, 59229, 9303, 12715, 4704, 4020, 37, 60, NA, 941526,  4
1331, 1337.9, 108360, 31871, 5884, 6189, 2257, 7437, 5652, 5829, 40, 43, NA, 173479,  4
1332, 1338.9, 232442, 82865, 29088, 24908, 13793, 22079, 37893, 10256, 35, 48, NA, 453324,  4
1333, 1339.9, 58721, 123353, 40929, 10110, 15140, 8004, 3462, 1882, 23, 53, NA, 261601,  4
1334, 1340.9, 1281918, 145591, 36933, 26837, 12702, 9120, 3974, 5093, 21, 50, NA, 1522168,  4
1335, 1341.9, 684172, 703487, 31586, 30676, 21047, 17882, 48579, 9250, 1, 37, NA, 1546679,  4
1336, 1342.9, 1774894, 41131, 34178, 11647, 19637, 25169, 39869, 9754, 7, 40, NA, 1956279,  4
1337, 1343.9, 53900, 14733, 3003, 2673, 3747, 4677, 1922, 905, 24, 35, NA, 85560,  4
1338, 1344.9, 690922, 48590, 1440, 13323, 7231, 9313, 5196, 1905, 38, 29, NA, 777920,  4
1339, 1345.9, 41754, 7803, 3360, 828, 2304, 2654, 592, 644, 63, 44, NA, 59939,  4
1340, 1346.9, 26875, 23450, 13671, 2342, 3794, 3502, 3807, 552, 50, 43, NA, 77993,  4
1341, 1348.0, 114513, 24309, 9840, 4269, 3525, 10778, 3221, 872, 50, 48, NA, 171327,  4
1342, 1348.9, 601690, 117670, 65185, 39103, 50842, 22976, 12521, 18943, 47, 57, NA, 928930,  4
1343, 1349.9, 54885, 22780, 8301, 8265, 3433, 1907, 485, 1351, 29, 63, NA, 101407,  4
1344, 1350.9, 342393, 47114, 14052, 10300, 8149, 3795, 2309, 1124, 23, 61, NA, 429236,  4
1345, 1351.9, 59604, 28914, 5413, 3901, 8777, 5759, 3684, 604, 16, 56, NA, 116656,  4
1346, 1352.9, 167354, 97976, 22678, 5179, 6678, 8838, 2746, 1345, 13, 47, NA, 312794,  4
1347, 1353.9, 95136, 52432, 22561, 3074, 2569, 4695, 2179, 1012, 14, 43, NA, 183658,  4
1348, 1354.9, 715640, 152549, 25245, 13192, 7605, 54342, 19563, 6293, 35, 34, NA, 994429,  4
1349, 1355.9, 1374793, 87460, 47004, 12182, 14822, 9690, 7456, 2752, 26, 43, NA, 1556159,  4
1350, 1356.9, 191567, 56639, 8102, 24622, 3662, 5360, 3091, 3106, 24, 50, NA, 296149,  4
1351, 1357.9, 139008, 36204, 8270, 1542, 4819, 6708, 3257, 1443, 35, 43, NA, 201251,  4
1352, 1358.9, 18868, 20950, 6227, 7324, 5178, 4031, 4249, 1108, 23, 53, NA, 67935,  4
1353, 1359.9, 188175, 44435, 3031, 28992, 17996, 39891, 18840, 4164, 44, 47, NA, 345524,  4
1354, 1360.9, 368265, 28408, 12172, 3169, 5152, 7894, 2832, 1720, 57, 44, NA, 429612,  4
1355, 1361.9, 945128, 67266, 19753, 24817, 8660, 13840, 7988, 3729, 56, 54, NA, 1091181,  4
1356, 1362.9, 276557, 27955, 32834, 9391, 12846, 6930, 4331, 2317, 54, 61, NA, 373161,  4
1357, 1363.9, 610672, 51514, 66409, 17552, 8683, 65421, 17588, 4763, 53, 69, NA, 842602,  4
1358, 1364.9, 24428, 24843, 1721, 10486, 2291, 3188, 9535, 1497, 43, 70, NA, 77989,  4
1359, 1365.9, 19791, 12114, 8061, 4761, 3712, 4894, 12434, 2785, 48, 74, NA, 68552,  4
1360, 1366.9, 184172, 17522, 4374, 48544, 22926, 25196, 14357, 3081, 63, 69, NA, 320172,  4
1361, 1367.9, 19277, 32710, 829, 2093, 4261, 12859, 4671, 1050, 60, 43, NA, 77750,  4
1362, 1368.9, 12179, 17766, 19806, 3741, 1190, 4779, 1758, 450, 63, 53, NA, 61669,  4
1363, 1369.9, 90571, 67337, 5991, 12503, 9358, 7139, 4323, 1252, 53, 43, NA, 198474,  4
1364, 1370.9, 83005, 12697, 11074, 1920, 1344, 6248, 9198, 1833, 50, 41, NA, 127319,  4
1365, 1371.9, 21305, 13619, 2431, 2308, 2286, 4726, 5503, 1398, 47, 57, NA, 53576,  4
1366, 1372.9, 178056, 3235, 35167, 9810, 6281, 16281, 3647, 1364, 60, 63, NA, 253841,  4
1367, 1373.9, 22575, 9552, 10670, 1660, 5727, 6104, 4856, 1229, 74, 75, NA, 62373,  4
1368, 1374.9, 203872, 41589, 1991, 1224, 3541, 8757, 1845, 993, 70, 47, NA, 263812,  4
1369, 1375.9, 1780051, 98253, 48413, 28586, 23068, 16405, 16588, 6742, 60, 56, NA, 2018106,  4
1370, 1376.9, 47314, 65157, 27664, 5016, 22982, 8494, 12301, 2895, 47, 38, NA, 191823,  4
1371, 1377.9, 72006, 45258, 11726, 4999, 14560, 8378, 3112, 1459, 38, 27, NA, 161498,  4
1372, 1378.9, 8431, 23052, 7947, 2851, 1448, 7621, 9636, 2133, 38, 48, NA, 63119,  4
1373, 1379.9, 50905, 154244, 46724, 4465, 13948, 16683, 4025, 2645, 37, 40, NA, 293639,  4
1374, 1380.9, 1891234, 39545, 7761, 6829, 11256, 9906, 2949, 1961, 43, 37, NA, 1971441,  4
1375, 1381.9, 15485, 15111, 7044, 3463, 4770, 3922, 2903, 1493, 47, 43, NA, 54191,  4
1376, 1382.9, 569160, 38757, 17474, 34904, 14755, 12590, 2185, 1256, 41, 53, NA, 691081,  4
1377, 1383.9, 122466, 105586, 35001, 13205, 31546, 24955, 11109, 5009, 48, 53, NA, 348877,  4
1378, 1384.9, 876477, 106484, 33287, 10215, 16306, 36144, 15778, 4275, 51, 54, NA, 1098966,  4
1379, 1385.9, 63610, 3909, 5981, 2467, 1127, 1018, 1276, 484, 43, 67, NA, 79872,  4
1380, 1385.9, 800738, 50321, 10030, 2829, 7303, 5955, 3812, 860, 38, 53, NA, 881848,  4
