media_name,FPOGX,FPOGY,FPOGV,RPD,LPD
NewMedia9,0.6256619021250087,-0.7990988460850602,1.0,-0.11729453048945959,0.37465794425488674
NewMedia9,0.6247245679610529,-0.7991491670854416,1.0,-0.11041068923474917,0.4675608678429577
NewMedia9,0.6445052029256364,-0.8072297677277824,-1.0,-0.09648152323755499,0.3791491682650656
NewMedia9,0.6635878844512124,-0.8129004004599611,1.0,-0.12785036583571086,0.36982612253772373
NewMedia9,0.67082122009183,-0.813951701359823,-1.0,-0.1797049280817895,0.27459966938693836
NewMedia9,0.682581158718073,-0.8145208726749488,1.0,-0.23075261296755611,0.1992277296923286
NewMedia9,0.6733029925474725,-0.8422647442231151,1.0,-0.32339984850796555,0.21259502326095725
NewMedia9,0.6727795274682171,-0.8428719962952863,1.0,-0.3424792036001636,-0.00016469998707580036
NewMedia9,0.6668512493943379,-0.8409570782267152,1.0,-0.3696856607793604,-0.0452738335578321
NewMedia9,0.6524552386885398,-0.8335632912382298,1.0,-0.3797214004776994,-0.029771505595833636
NewMedia9,0.6519750351860825,-0.8329832397068053,1.0,-0.36564263272092934,-0.026409386312917782
NewMedia9,0.6519937818693615,-0.8332314446411195,1.0,-0.27768327903293544,-0.02944770448809786
NewMedia9,0.6621285272605615,-0.8349532388703887,1.0,-0.25942754373623644,0.010218397781729394
NewMedia9,0.6626000784476593,-0.8344187482447151,1.0,-0.257485961333076,0.1076368071344489
NewMedia9,0.670251609330657,-0.834813156085543,1.0,-0.21301913363298686,0.22482947952471233
NewMedia9,0.6704664751620868,-0.8318047762789524,1.0,-0.18226436035121307,0.1953215872226406
NewMedia9,0.6656096421402369,-0.8374604487137204,1.0,-0.19615572084959754,0.2612902307712768
NewMedia9,0.6649261092268293,-0.8381071415699743,1.0,-0.17875006919756486,0.2570341591505776
NewMedia9,0.6643449620451767,-0.8388075554942032,1.0,-0.17566298018046733,0.2608712489344658
NewMedia9,0.7180917030063911,-0.7874692548887872,-1.0,-0.1851154350400267,0.1593358064770487
NewMedia9,0.7169077778546873,-0.787434574199335,1.0,-0.181523372574541,0.17248194482223833
NewMedia9,0.7160137052675297,-0.7880302660416889,1.0,-0.2620172204047079,0.09973027461040074
NewMedia9,0.6815097136660437,-0.7926659181984538,1.0,-0.18394994551957589,0.18647351199627127
NewMedia9,0.6582522899794652,-0.800653356988737,-1.0,-0.1832446029274959,0.27814188553957453
NewMedia9,0.6577446874783692,-0.7986513971897762,1.0,-0.22006013774703548,0.18972178766205805
NewMedia9,0.6575081908585403,-0.7986609173790375,1.0,-0.2237764182800389,0.1318640352616609
NewMedia9,0.6526326111534113,-0.8351871635208108,1.0,-0.18715099111165712,0.2832937757868623
NewMedia9,0.6530032186613139,-0.8347764353555349,1.0,-0.16832169239015815,0.28714766216999954
NewMedia9,0.6539924667174271,-0.8344833495289886,1.0,-0.2566812442869816,0.290796256784543
NewMedia9,0.6153440160586974,-0.8399975791518736,-1.0,-0.2578812988349156,0.18238540636805745
NewMedia9,0.6153440160586974,-0.8399975791518736,-1.0,-0.23275900479724776,0.21563800715815096
NewMedia9,0.6153440160586974,-0.8399975791518736,-1.0,-0.20795265671391916,0.21179158593023528
NewMedia9,0.6153440160586974,-0.8399975791518736,-1.0,-0.20057194318913685,0.26226723296089993
NewMedia9,0.5918183705959714,-0.6964854861314643,-1.0,-0.19325873948365802,0.2941051868365052
NewMedia9,0.551880724948663,-0.547184438026628,1.0,-0.18904126605214722,0.310533194045979
NewMedia9,0.6153440160586974,-0.8399975791518736,-1.0,-0.1838543516154425,0.332086963459465
NewMedia9,0.6153440160586974,-0.8399975791518736,-1.0,-0.17361176183075833,0.32179624698652676
NewMedia9,0.6624803880851848,-0.8060343039619627,1.0,-0.21437257049037783,0.10868846087628814
NewMedia9,0.6616281350222653,-0.8026396764767684,1.0,-0.1913166170019429,0.18333907994761334
NewMedia9,0.6594434253939687,-0.8018753412817847,1.0,-0.1992676534801987,0.1688520130957487
NewMedia9,0.6595198541796452,-0.7989050422322396,1.0,-0.18606705345292485,0.20853117938721355
NewMedia9,0.6678693385016499,-0.8000127842541509,1.0,-0.18185876135683932,0.3228609647500038
NewMedia9,0.6773118986640825,-0.8005384347040819,-1.0,-0.19600719924713061,0.2607368761404776
NewMedia9,0.6807064903901618,-0.8012000878577467,1.0,-0.23637699103334586,0.17784845828214646
NewMedia9,0.6791606100459149,-0.8021684271083309,1.0,-0.25519710841941956,0.15921823028230908
NewMedia9,0.683661256085462,-0.8016182961717279,-1.0,-0.24042541987732124,0.11830358080167391
NewMedia9,0.6951515308829976,-0.8009845235723286,1.0,-0.24997076824824171,0.1089152149661432
NewMedia9,0.6960758865739138,-0.8006927977728198,1.0,-0.24866809877496687,0.11155228104816417
NewMedia9,0.7125138437045755,-0.8019991037421824,1.0,-0.23430795009134087,0.12865215222757898
NewMedia9,0.7141592256754574,-0.7994422529119879,-1.0,-0.22136712784874557,0.13802745404147188
NewMedia9,0.7141130799935396,-0.800683957597077,1.0,-0.1855221141915092,0.10880417078222249
NewMedia9,0.7164391107727095,-0.7965780359713551,1.0,-0.2121436662962629,0.12796255851398652
NewMedia9,0.7166092729747815,-0.7988873618807542,1.0,-0.18684638680696108,0.1532386409498292
NewMedia9,0.698101970420618,-0.8146269547838612,1.0,-0.2248554952317816,0.1911625626198219
NewMedia9,0.6984927666643594,-0.811547853571329,1.0,-0.21815474060702145,0.13540345198108894
NewMedia9,0.6987379155995479,-0.8118062587084232,1.0,-0.23364473362650606,0.12328563876767085
NewMedia9,0.7113154980272722,-0.8125971144306349,-1.0,-0.20704910529236475,0.16788154291694424
NewMedia9,0.7164881405597472,-0.8137755778584879,1.0,-0.2106109233588025,0.1991932033494288
NewMedia9,0.7271319305046031,-0.8395875310001163,1.0,-0.29184089825865167,0.0262768798077353
NewMedia9,0.7250077870838236,-0.8358760172152222,1.0,-0.28002073901648994,0.24960912913832067
NewMedia9,0.6568837821000899,-0.8395746107432616,1.0,-0.13624966751413992,0.09028312067750033
NewMedia9,0.6571274889827183,-0.838101701461825,1.0,-0.14190915068596732,0.0791703039857865
NewMedia9,0.6720772478715307,-0.7926577580362297,-1.0,-0.17557116682621499,0.1384007118025503
NewMedia9,0.672426224591034,-0.7879731449061207,1.0,-0.21258977118221856,0.19859319149849464
NewMedia9,0.6719243903001777,-0.7879071835948098,1.0,-0.20533273564639987,0.16533592498638772
NewMedia9,0.6645929950854848,-0.7898663025420946,1.0,-0.1891417206632705,0.23702287743474892
NewMedia9,0.6641776839482245,-0.7907591602921066,1.0,-0.14861908664615275,0.25409848685969405
NewMedia9,0.6785174546041854,-0.8124332311726357,1.0,-0.12904826006942705,0.3412961655696778
NewMedia9,0.6792846265660692,-0.8113907704485165,1.0,-0.1532281170296219,0.31985810606212617
NewMedia9,0.6672982856879166,-0.8118008186002738,-1.0,-0.11660431009690353,0.27427960085681335
NewMedia9,0.6588810248955954,-0.8129337211223759,1.0,-0.1193441286035054,0.27787593938480604
NewMedia9,0.684168858586558,-0.8115906944230051,1.0,-0.14761130006359424,0.33977887277089325
NewMedia9,0.6833944763618744,-0.8132669277465236,1.0,-0.14695456454141254,0.26346072465194914
NewMedia9,0.6938767564200179,-0.8109426415397138,1.0,-0.14656624806078056,0.27350509100257536
NewMedia9,0.695274105350592,-0.812208826711475,1.0,-0.1603015258569359,0.2557352221420237
NewMedia9,0.6588363212662376,-0.8367477945461556,1.0,-0.09070430294086274,0.37140686915589183
NewMedia9,0.659081470201426,-0.8375814911200434,1.0,-0.06533249261105034,0.31021219237145115
NewMedia9,0.6601601255162548,-0.8376508524989477,1.0,-0.09759516521678091,0.3425120527263914
NewMedia9,0.6643363097298172,-0.8403049452623118,1.0,-0.1317799773977124,0.3053122511128916
NewMedia9,0.663788329757043,-0.8443285852522748,1.0,-0.1406426664758389,0.30327426373740196
NewMedia9,0.6626765072333356,-0.8395052493643573,1.0,-0.14447992460503378,0.31299762841350076
NewMedia9,0.6515222306822639,-0.8366879533565127,-1.0,-0.23511212705888063,0.1287687952779164
NewMedia9,0.64949326273044,-0.8368049156817238,1.0,-0.14329553233517822,0.1226678971730859
NewMedia9,0.6491298654853372,-0.8413718864731031,1.0,-0.2604720556604958,0.10863900422294526
NewMedia9,0.6855099674672944,-0.8205083917068271,-1.0,-0.3831341568631158,-0.8199115285791803
NewMedia9,0.6153440160586974,-0.8399975791518736,-1.0,-0.3831341568631158,-0.8199115285791803
NewMedia9,0.6828349599686208,-0.8133886501663653,1.0,-0.1478802591836983,0.3050071128932097
NewMedia9,0.7176778339216909,-0.8126181948497136,-1.0,-0.13263708206358626,0.309361164676192
NewMedia9,0.7171558108949956,-0.8128915602842184,1.0,-0.13391760831612953,0.2430220627996853
NewMedia9,0.7172928058881891,-0.8128936003247744,1.0,-0.11849458503739374,0.31730782240955646
NewMedia9,0.6967882605385203,-0.8100627040465564,1.0,-0.13248748030401025,0.2559965025747788
NewMedia9,0.6854912207840151,-0.8117382573565562,1.0,-0.14538671649791468,0.23296463242742127
NewMedia9,0.6823951339378418,-0.8146752357436866,-1.0,-0.1518806210363297,0.2026626342386546
NewMedia9,0.6770177199418566,-0.8162229465121766,1.0,-0.18072081584266442,0.21692947901148285
NewMedia9,0.6776536651207865,-0.8134926922347216,1.0,-0.16249478486645896,0.25655825550520195
NewMedia9,0.6592689370342171,-0.8361772632039925,1.0,-0.1605078358647266,0.22148042426343428
NewMedia9,0.6616165986017859,-0.8350185201681809,-1.0,-0.16540634835336798,0.2656554802870912
NewMedia9,0.6645569437714867,-0.8395385700267721,1.0,-0.18342768955744626,0.3106330404970674
NewMedia9,0.6642843958376596,-0.8396528122979084,1.0,-0.17001699897250067,0.31018419803937025
NewMedia9,0.6643939918322144,-0.8391849629970644,1.0,-0.15938177207874882,0.36194291862374284
NewMedia9,0.6617968551717772,-0.8256295735159215,-1.0,-0.11502079977532742,0.34423090471615847
NewMedia9,0.6623981910892689,-0.8259552999913639,1.0,-0.09039213753640463,0.3852220720378148
NewMedia9,0.6638373595440807,-0.8278266971947402,1.0,-0.07405476126502608,0.43150230183395544
NewMedia9,0.6515568399437024,-0.8323249866207341,1.0,-0.08254209574782667,0.43962625700383207
NewMedia9,0.6507074709859024,-0.831450489235726,1.0,-0.049385053055967076,0.46353528288972434
NewMedia9,0.6556118917422302,-0.8341032219720528,1.0,-0.05218698059632765,0.48547257465271865
NewMedia9,0.6575139590687802,-0.8313423670862576,1.0,-0.0566280465493707,0.44513647470175544
NewMedia9,0.6591146374103043,-0.8314178485868299,1.0,-0.07104922410964676,0.39929668906368754
NewMedia9,0.665857675180545,-0.8300585015630111,1.0,-0.06524553996378779,0.4271127905636707
NewMedia9,0.6658663274959047,-0.831477009762954,1.0,-0.07031687758984562,0.4444198198004845
NewMedia9,0.6686192058328142,-0.8351055618985705,1.0,-0.06783683686792241,0.404029597474165
NewMedia9,0.6678693385016499,-0.8357570148494552,1.0,-0.054508778301803895,0.41525345834979976
NewMedia9,0.6761467201956577,-0.8369021576148934,-1.0,-0.068788995359375,0.41672689336165747
NewMedia9,0.6748272421033201,-0.8335007299945123,1.0,-0.06748848620031778,0.4054358460890284
NewMedia9,0.6634508894580191,-0.8363214260699503,1.0,-0.06497658084368374,0.3578137546418103
NewMedia9,0.6633153365173856,-0.8407673544550065,-1.0,-0.057376595425804644,0.4197372172047569
NewMedia9,0.686614579728202,-0.8111017647030823,-1.0,-0.12377331282835102,0.29275865946341395
NewMedia9,0.6841703006391178,-0.8102741882508624,1.0,-0.14242492570544396,0.3065318708472158
NewMedia9,0.6764942548626012,-0.811449251611122,1.0,-0.11378185957147469,0.31827082743313917
NewMedia9,0.682392249832722,-0.8120803041564466,1.0,-0.12997611502593065,0.2955151680289798
NewMedia9,0.6940151934657715,-0.813508332545651,1.0,-0.11471565539207684,0.3053533094666103
NewMedia9,0.679310583512148,-0.814243427159332,1.0,-0.13873186855028063,0.29842564542099037
NewMedia9,0.6789471862670451,-0.8126637557554645,1.0,-0.12672268181406998,0.30686593654338123
NewMedia9,0.6558354098890196,-0.8366682329644713,1.0,-0.08979049002677453,0.3251462353922079
NewMedia9,0.6555657460603124,-0.8371857232521782,1.0,-0.0821980657086574,0.38973942409126905
NewMedia9,0.6540458226621444,-0.8366981535592928,1.0,-0.07071167501313058,0.3676966870107701
NewMedia9,0.6483915345746523,-0.8367491545731929,1.0,-0.07114967872077005,0.3754081923546546
NewMedia9,0.6657783622897488,-0.8129779220010893,-1.0,-0.0852117040423529,0.35286435672990746
NewMedia9,0.6656932811887128,-0.8153770096949527,1.0,-0.08512529147364478,0.326655129891368
NewMedia9,0.665162605846658,-0.8163426288914624,1.0,-0.03246925265279843,0.47619618614551196
NewMedia9,0.6550581435592164,-0.8352980057243538,1.0,-0.03598246364933777,0.5035289188448979
NewMedia9,0.6551908123947303,-0.8349409986270527,1.0,-0.018516323199209372,0.49031932668032496
NewMedia9,0.6555008536951157,-0.8357345744033391,1.0,-0.027170001876772876,0.45078946349329163
NewMedia9,0.654668789368035,-0.8359344983778277,1.0,-0.05496730499451152,0.45265855173189284
NewMedia9,0.6577259407950902,-0.8303760678762293,1.0,-0.04142159477095941,0.405911749734404
NewMedia9,0.6844788998869431,-0.8092154072022952,1.0,-0.11972002327738573,0.2972377525963579
NewMedia9,0.6840852195380818,-0.8145072724045754,-1.0,-0.11891368599562813,0.29426755396257454
NewMedia9,0.6814462633534066,-0.8114070907729646,1.0,-0.0779606093706331,0.30831697608957453
NewMedia9,0.6799248979026786,-0.8118715400062153,1.0,-0.0841828543961719,0.3291587563238032
NewMedia9,0.6608998984794998,-0.838853116399954,1.0,-0.012045642038634452,0.4215521830680016
NewMedia9,0.6614983502918714,-0.8385035894513583,1.0,-0.02326631408538371,0.4773411543276207
NewMedia9,0.6619655753212892,-0.8383607866124378,1.0,-0.047941423079987056,0.4924095701423652
NewMedia9,0.6626217092360582,-0.8375032895653965,1.0,-0.06746202235115095,0.4786307598921473
NewMedia9,0.6780026418402898,-0.8393148455791302,1.0,-0.18632683123760363,0.5259785068849729
NewMedia9,0.7120437345700377,-0.8398003752314596,1.0,-0.18621071434840208,0.5491531481259428
NewMedia9,0.7113847165501488,-0.8350688411685624,-1.0,-0.05618086150630608,0.43858953357243613
NewMedia9,0.710407004914515,-0.8224314699376224,1.0,-0.06351782866817979,0.44026172834206845
NewMedia9,0.7109102812579313,-0.8273051268259213,-1.0,-0.07563935174371117,0.4697444257452674
NewMedia9,0.7051204402298055,-0.8264115890623905,1.0,-0.07237727727497967,0.4404315606233593
NewMedia9,0.6973492189843333,-0.825361648189566,1.0,-0.05898764975365667,0.4065621513830835
NewMedia9,0.6992786853095223,-0.8216882151617174,-1.0,-0.051953126582261366,0.34730094980103043
NewMedia9,0.7161896356798414,-0.810453711819791,1.0,-0.08532674077444569,0.31110521156483184
NewMedia9,0.7146812487021528,-0.8107671980518972,1.0,-0.0733072925457009,0.3527505131127786
NewMedia9,0.6966887589118849,-0.8123944704020716,1.0,-0.08905922366408192,0.3546625259939038
NewMedia9,0.697170404466902,-0.8128337591351316,1.0,-0.08152512782984289,0.37047745733080584
NewMedia9,0.6825018458272767,-0.8145949941484837,1.0,-0.0665849347787636,0.4084293733328792
NewMedia9,0.6829517662259754,-0.8140673036579967,1.0,-0.050187609787843646,0.3795616180910575
NewMedia9,0.6910128400359936,-0.8129718018794214,1.0,-0.05446557201744995,0.41754806043603065
NewMedia9,0.7117481137952515,-0.8278729381140097,-1.0,-0.018579512390077046,0.4966507114526215
NewMedia9,0.7117538820054912,-0.8267849164841397,1.0,-0.018497960528358837,0.4719438471024233
NewMedia9,0.6623953069841491,-0.8263986688055358,1.0,0.028188590030419958,0.5755256752349542
NewMedia9,0.6629216561685238,-0.8280041807231128,1.0,0.018462315343766633,0.5191898813553553
NewMedia9,0.7163785445651925,-0.8389938791983185,1.0,-0.12767592046263143,0.5145586856847719
NewMedia9,0.7144577305553632,-0.8360671010139682,1.0,-0.03721222251776524,0.5395417607781681
NewMedia9,0.7189814494358693,-0.8364213880571946,1.0,-0.1733266003540216,0.5572183151984496
NewMedia9,0.7252082323896543,-0.8358651369989235,1.0,-0.6150525293903999,-0.2143875936585371
NewMedia9,0.6153440160586974,-0.8399975791518736,-1.0,-0.6150525293903999,-0.2143875936585371
NewMedia9,0.7163972912484715,-0.835043000654853,1.0,-0.20696161256654777,0.4197138885946894
NewMedia9,0.7162833690962369,-0.8348512368425884,1.0,-0.22142167578274263,0.3548734166289136
NewMedia9,0.7023113218430586,-0.8321685835114402,1.0,-0.08335113342235623,0.3946776242703396
NewMedia9,0.7008159133384095,-0.8318598573739646,1.0,-0.07749506165671805,0.391880057351055
NewMedia9,0.6939156918391363,-0.8320502611591918,-1.0,-0.09434659271191004,0.4202896386911532
NewMedia9,0.6931297731939734,-0.8302727058213917,1.0,-0.09091493357708891,0.40677397516249547
NewMedia9,0.6928211739461478,-0.8307337549870492,1.0,-0.09053633851043641,0.4439112561010148
NewMedia9,0.6925933296416789,-0.8310989222465742,1.0,-0.053598745937596615,0.4371310288710215
NewMedia9,0.6922861724464133,-0.8316769337374427,1.0,-0.06952998313604708,0.47958536661610585
NewMedia9,0.7099325696222976,-0.8348634770859245,1.0,-0.08573990086858141,0.5351531826522857
NewMedia9,0.7098345100482224,-0.8366376323561312,1.0,-0.11417071613066121,0.44781833171510543
NewMedia9,0.7039970812856187,-0.8321107823623534,-1.0,-0.10076326601704222,0.39393857390340403
NewMedia9,0.7095504256939158,-0.8318666575091513,1.0,-0.21233971481151936,0.3985651038519735
NewMedia9,0.717824923282804,-0.8346247923408717,1.0,-0.22844323706883174,0.3780265955486213
NewMedia9,0.7261325880805702,-0.8333014860335424,-1.0,-0.242836870622832,0.35921627067906314
NewMedia9,0.7268882236219747,-0.8290738419879787,1.0,-0.24434260963257115,0.37715597182090543
NewMedia9,0.725362532013567,-0.8292411253135712,1.0,-0.2505470320658141,0.38255701162371336
NewMedia9,0.7222130892226759,-0.8319632194288022,1.0,-0.2305020165183027,0.3934692022688475
NewMedia9,0.7066850672573313,-0.8391530023616869,-1.0,-0.20499734686410154,0.3366808333539404
NewMedia9,0.7045998592556701,-0.8424027869674049,1.0,-0.18905260770179033,0.379067051557628
NewMedia9,0.7079771463510303,-0.8399805788139069,-1.0,-0.20371358014023133,0.3533841181622095
NewMedia9,0.7114683555986248,-0.842090660762336,1.0,-0.20945569533088582,0.405345331081967
NewMedia9,0.7110415080408852,-0.8413215654727216,1.0,-0.20688654164748255,0.4557705883148859
NewMedia9,0.7111871553494382,-0.8412331637152947,1.0,-0.19688914752650777,0.48659701365796826
NewMedia9,0.6892549779654369,-0.8107746782006027,-1.0,-0.12414326663813258,0.34523776752666824
NewMedia9,0.6893515954869525,-0.8106182750913088,1.0,-0.10353386900124617,0.33123406947540035
NewMedia9,0.6888786022472948,-0.8118042186678671,1.0,-0.0889906336876699,0.34514725251960665
NewMedia9,0.6888021734616183,-0.8123863102398475,1.0,-0.09559903487962329,0.27656580464341984
NewMedia9,0.7104978542257909,-0.8248387177937098,1.0,-0.06840013880018847,0.47089126021618166
NewMedia9,0.7075315521100112,-0.8216793749859748,-1.0,-0.0999796120345704,0.3684562665545652
NewMedia9,0.6863997138967721,-0.8118096587760164,1.0,-0.11920910896489889,0.3169261663488534
NewMedia9,0.6871553494381764,-0.8117185369645148,1.0,-0.15247578760330693,0.3024745589842912
NewMedia9,0.7061385293371172,-0.8139027403864789,-1.0,-0.12922918638515968,0.19977175287910054
NewMedia9,0.7148542950093446,-0.8104088309275588,1.0,-0.11567645514040015,0.23231796335635257
NewMedia9,0.7148903463233429,-0.8106257552400142,1.0,-0.10965079870867211,0.2825472602647052
NewMedia9,0.714868715534944,-0.8113397694346164,1.0,-0.0910207889737562,0.2534835446983168
NewMedia9,0.7156156987609885,-0.8118497795736179,1.0,-0.06841472092115797,0.2725150247913142
NewMedia9,0.7188949262822732,-0.8135518534108458,1.0,-0.07008572396855128,0.23910192316395684
NewMedia9,0.7129565538404743,-0.8113275291912804,-1.0,-0.12169941117935612,0.32937897840283936
NewMedia9,0.6991287118432894,-0.8105958346451927,1.0,-0.10120883082444354,0.3231203788939532
NewMedia9,0.6990162317436146,-0.8133186087739425,-1.0,-0.0914933577088789,0.30469544266270887
NewMedia9,0.7114625873883851,-0.8109814023102779,-1.0,-0.0830692124169462,0.3024456315078077
NewMedia9,0.7128210008998408,-0.811755257694523,1.0,-0.058176451764909265,0.3174002037054231
NewMedia9,0.6153440160586974,-0.8399975791518736,-1.0,-0.7042826879169575,-0.6090050301149026
NewMedia9,0.6153440160586974,-0.8399975791518736,-1.0,-0.7042826879169575,-0.6090050301149026
NewMedia9,0.690754712627766,-0.8129466413792306,1.0,-0.061499555110290816,0.4133881026888093
NewMedia9,0.6909075701991185,-0.8122455474414831,1.0,-0.061540061001872814,0.41965043477530606
NewMedia9,0.6792961629865484,-0.8154429710062636,1.0,-0.06775312469198658,0.3835489441237798
NewMedia9,0.6958783253732033,-0.8200738630683978,-1.0,0.003801342905325411,0.4297003999923483
NewMedia9,0.7132665951408597,-0.8231332438888885,1.0,-0.013448766123032585,0.4508641150455073
NewMedia9,0.7122384116656284,-0.8227701166699194,1.0,-0.02958793356493694,0.44114821552463046
NewMedia9,0.7097580812625457,-0.8229387600225493,1.0,-0.05915723441974641,0.3614763464223947
NewMedia9,0.6958566945848044,-0.8233372479444891,-1.0,-0.0761778100624736,0.3726311546122296
NewMedia9,0.6934441406520384,-0.8220969032864374,1.0,-0.05788534942407386,0.38117502476331966
NewMedia9,0.6927880067372696,-0.8222580664903618,1.0,-0.09670997646607704,0.3650866821164276
NewMedia9,0.6989484552732979,-0.8233821288367213,1.0,-0.10136329329100924,0.38895464964860116
NewMedia9,0.6989138460118596,-0.8213577285916445,1.0,-0.10891575179609869,0.34057111236878246
NewMedia9,0.7007755358667314,-0.8211217639006664,1.0,-0.11843733671062462,0.30118215398655623
NewMedia9,0.7122326434553887,-0.8220343420427199,1.0,-0.13458244501662764,0.32258941972881905
NewMedia9,0.7127114049052861,-0.8221329440029268,1.0,-0.14985316614301547,0.3132001207488859
NewMedia9,0.7123494497127432,-0.8222655466390671,1.0,-0.12231780112417368,0.24388428822777697
NewMedia9,0.7082684409681363,-0.8235215316080484,1.0,-0.1370554647173431,0.3072046679615601
NewMedia9,0.7089202487252257,-0.8234086493639494,1.0,-0.12363883326829883,0.3010039234056414
NewMedia9,0.7169611337994048,-0.8217942972706298,1.0,-0.13875833239944746,0.3297690327631668
NewMedia9,0.7260619275051337,-0.8219071795147288,1.0,-0.11955637947539477,0.33376009137349993
NewMedia9,0.7253870469070856,-0.8189001597351755,1.0,-0.13174649252733817,0.3526767947049656
NewMedia9,0.7243804942202532,-0.8211979254147572,-1.0,-0.13079055348600455,0.3459441578395097
NewMedia9,0.7238512609307584,-0.8190898835068842,1.0,-0.10716319688698717,0.3577111087575138
NewMedia9,0.7229341155026419,-0.819357128819721,1.0,-0.13733954603697107,0.343601965388741
NewMedia9,0.7229485360282413,-0.8193986096443597,1.0,-0.1259784535660713,0.3441506542975268
NewMedia9,0.7091754920283333,-0.8291357232181775,-1.0,-0.13801302399434,0.27187208829785603
NewMedia9,0.7103522069172377,-0.8279436595199512,1.0,-0.14623463982836293,0.2991590969215101
NewMedia9,0.711442398652546,-0.8274037287861282,1.0,-0.1376598126197457,0.26014619573357045
NewMedia9,0.7123263768717842,-0.8250678823495011,-1.0,-0.17742903705343938,0.32466566602481906
NewMedia9,0.7098979603608593,-0.8085843546569706,-1.0,-0.13185666855244105,0.20207755269816374
NewMedia9,0.7098575828891811,-0.8092188072698885,1.0,-0.14525979803762457,0.22186487975734548
NewMedia9,0.7114279781269468,-0.813167645772798,1.0,-0.13526078368098637,0.2364601913599227
NewMedia9,0.7163251886204749,-0.8102449476695597,-1.0,-0.11593029206098027,0.21841131232296496
NewMedia9,0.7192136198980181,-0.8104605119549777,1.0,-0.119070848854966,0.24249763564536986
NewMedia9,0.7251981380217345,-0.824618393413661,1.0,-0.12284383763618412,0.3937668753333077
NewMedia9,0.7255701875821969,-0.8253881687167941,1.0,-0.10419762554463541,0.34678025522432554
NewMedia9,0.7038485498719458,-0.8262531459125407,1.0,-0.0811465327631904,0.3647712793083162
NewMedia9,0.7040143859163379,-0.8249101192131699,1.0,-0.07301294973353867,0.3875558661889591
NewMedia9,0.7020301215938718,-0.825133843660812,1.0,-0.08180164804970891,0.39313513657268206
NewMedia9,0.6973780600355322,-0.8269705601747362,1.0,-0.0826889971146304,0.3734075307552731
NewMedia9,0.7143380401928889,-0.8129799620416454,-1.0,-0.10866623550395405,0.2537522902862934
NewMedia9,0.7143034309314507,-0.8098974607615199,1.0,-0.10215828892312395,0.26972212359404324
NewMedia9,0.7138693731109111,-0.8097274573818527,1.0,-0.14729589418780964,0.26881697352342737
NewMedia9,0.6924058628088876,-0.8130187228122095,1.0,-0.1468611309514969,0.26360722832317207
NewMedia9,0.6930288295147782,-0.8126732759447258,1.0,-0.13386306038213258,0.2339313700286152
NewMedia9,0.6936719849565076,-0.8126814361069499,1.0,-0.16961680076367114,0.07370767665240052
NewMedia9,0.6153440160586974,-0.8399975791518736,-1.0,-0.5134961580161835,0.07370767665240052
NewMedia9,0.7025939641448053,-0.8122305871440725,1.0,-0.13432698786038433,0.2706963263504585
NewMedia9,0.7128325373203204,-0.8193020477247088,-1.0,-0.12761651182164446,0.14888178973363853
NewMedia9,0.7174990194042592,-0.8246680344005239,1.0,-0.12549022255287023,0.31607327236478877
NewMedia9,0.7122470639809879,-0.8240050212198218,1.0,-0.11238359619406635,0.2691790335516737
NewMedia9,0.7114092314436675,-0.8238798987323868,1.0,-0.14150193145593037,0.3115699174773747
NewMedia9,0.7112246487159963,-0.8244320697095459,1.0,-0.13803030650808168,0.3305846009711235
NewMedia9,0.6900005191389216,-0.8092521279323033,1.0,-0.20977002104956166,0.12610093543060663
NewMedia9,0.6894972427955055,-0.8091616861343203,1.0,-0.17330013650485476,0.1852342962294904
NewMedia9,0.678399206294271,-0.8125114327272827,1.0,-0.1734097724514031,0.18110886482516864
NewMedia9,0.6772527745091252,-0.8112527277042267,1.0,-0.1643418535225949,0.23484118582124403
NewMedia9,0.6594419833414089,-0.8303250668623292,1.0,-0.07269916409341748,0.3686960846660581
NewMedia9,0.6600836967305785,-0.8310934821384249,1.0,-0.08573071953315614,0.40435339858190056
NewMedia9,0.66089701437438,-0.8303427472138146,1.0,-0.10006440436761532,0.37667446930911397
NewMedia9,0.6943353291340764,-0.81013750553361,1.0,-0.19344938721337024,0.25138210350344403
NewMedia9,0.6929797997277405,-0.8089998429168772,1.0,-0.17587847152368308,0.21945176833197189
NewMedia9,0.6913012505479801,-0.8089644822139064,1.0,-0.17299121157172326,0.25427018542978996
NewMedia9,0.6861574490667035,-0.812100024548488,1.0,-0.15256922119322258,0.1932565386594729
NewMedia9,0.6874278973720034,-0.8119266211012275,1.0,-0.14989151172037973,0.2236369209780662
NewMedia9,0.6947362197457372,-0.8104441916305296,1.0,-0.15010592290648672,0.24478943829839284
NewMedia9,0.71136020165663,-0.8362881054075355,-1.0,-0.24092661277582839,0.31999154571171173
NewMedia9,0.7131872822500633,-0.8372625647797878,1.0,-0.23047339235491804,0.3747969827708886
NewMedia9,0.682767183498304,-0.8093153691895395,-1.0,-0.15460963797184302,0.2750942359203674
NewMedia9,0.6830743406935698,-0.8085612341973358,1.0,-0.14031537887185708,0.3021283624108906
NewMedia9,0.6826013474539121,-0.8108508397146935,1.0,-0.17948187563881168,0.2582920378054123
NewMedia9,0.6789154611107266,-0.813278487976341,1.0,-0.155668732017072,0.2673360733563479
NewMedia9,0.6700958676541844,-0.8271793243249675,1.0,-0.09243201423647074,0.3961911844915136
NewMedia9,0.6619684594264093,-0.8429549579445639,1.0,-0.07914554171904298,0.19110097508924384
NewMedia9,0.6635777900832929,-0.8384179077480061,1.0,-0.07864272858487265,0.30688553257583817
NewMedia9,0.6644386954615722,-0.8387109935745523,1.0,-0.07301727036197414,0.3025809374461985
NewMedia9,0.6801368796289888,-0.8194264901986251,-1.0,-0.14663645827285587,0.2742152138930274
NewMedia9,0.6873269536928082,-0.8124271110509677,1.0,-0.1496798009270448,0.29185630882600644
NewMedia9,0.6871279504395378,-0.812442751361897,1.0,-0.144769406710206,0.3118172007440896
NewMedia9,0.6958466002168846,-0.8118933004388127,1.0,-0.15026524608004244,0.2966983951315991
NewMedia9,0.6603908539258438,-0.8388218357780952,-1.0,-0.0622713273645652,0.44631970180437475
NewMedia9,0.6612849265130016,-0.8335068501161803,1.0,-0.028889071915510267,0.4208523247659792
NewMedia9,0.6489337463371865,-0.8307901961090987,1.0,-0.04225763637321045,0.3691813197554601
NewMedia9,0.6484232597309707,-0.8315218906551862,1.0,-0.0753066633541849,0.3576159280284388
NewMedia9,0.6580979903555526,-0.8328540371382583,1.0,-0.06528874624814174,0.3680606133278215
NewMedia9,0.6599596802104244,-0.8305977522833154,1.0,-0.06008292906203205,0.4156565767317646
NewMedia9,0.6608782676911007,-0.8307235547842691,1.0,-0.0758381006517399,0.3744927776956093
NewMedia9,0.6638474539120001,-0.8324079482700115,1.0,-0.06487720638966932,0.37423896241807597
NewMedia9,0.6672362774278398,-0.8334708093996909,1.0,-0.06576833600447185,0.45260909507854974
NewMedia9,0.6724579497473524,-0.8322692255122032,1.0,-0.07481951249809293,0.44095598777767475
NewMedia9,0.6723469117002376,-0.8323365468505514,1.0,-0.05397788108280355,0.45613171519872964
NewMedia9,0.6719662098244157,-0.832232504782195,1.0,-0.05043928639420614,0.4650535088329115
NewMedia9,0.6708356406174292,-0.8323202265261034,1.0,-0.06531845056863517,0.4315909505522115
NewMedia9,0.6758958030502296,-0.8333939678720813,1.0,-0.04964105029076482,0.4779299684457221
NewMedia9,0.6760327980434231,-0.8339107781462696,1.0,-0.03323508404297404,0.48536153046879815
NewMedia9,0.658908423894234,-0.831321286667179,1.0,-0.01760737099211085,0.5209749865977136
NewMedia9,0.659038208624628,-0.8317163745215255,1.0,-0.0017031377213816423,0.5085902940851244
NewMedia9,0.6590309983618281,-0.8314715696548047,1.0,-0.0020558090174215282,0.5399616757593815
NewMedia9,0.6599899633141828,-0.8316816938320734,1.0,0.005206087225386957,0.5089952787558947
NewMedia9,0.6535165893726493,-0.8306922741624103,-1.0,0.013680999901435786,0.4891799573646325
NewMedia9,0.6526427055213309,-0.8335286105487777,1.0,-0.010300648229285003,0.529462868084642
NewMedia9,0.6542779931242935,-0.8331199224240577,1.0,-0.015603679555191263,0.48660074623557903
NewMedia9,0.6591506887243026,-0.8317150144944881,1.0,-0.011255507113509644,0.4903482541568085
NewMedia9,0.6619151034816919,-0.8321339028219881,1.0,-0.009017421583969454,0.4843294727594156
NewMedia9,0.6660523522761357,-0.8327112342993379,1.0,-0.005821236698877796,0.49419280909591845
NewMedia9,0.6676458203548603,-0.8320448210510425,1.0,-0.052817792347897075,0.513924147490938
NewMedia9,0.6711500080754944,-0.830479429931067,1.0,-0.03129080124704131,0.4964995420593843
NewMedia9,0.6744148150711797,-0.8318163365087698,1.0,0.005586302527702758,0.5535603891398788
NewMedia9,0.6776464548579868,-0.8297429752903488,1.0,0.014042312454346506,0.5565968410262536
NewMedia9,0.6767408458503497,-0.8284795101726623,1.0,0.0008984206752873369,0.5392170265260297
NewMedia9,0.6755756673819249,-0.82906296177168,1.0,-0.00980053548788673,0.5013929513071254
NewMedia9,0.6719489051936967,-0.8314783697899915,1.0,0.0019542742491895915,0.5110873885067404
NewMedia9,0.7165732216607832,-0.8122435074009271,1.0,-0.05425170090989739,0.3550432489102042
NewMedia9,0.7169683440622043,-0.8097553379361182,1.0,-0.06296262791423002,0.3112059911603233
NewMedia9,0.7163785445651925,-0.8103721101975507,1.0,-0.08436864141889444,0.30920159698333083
NewMedia9,0.6153440160586974,-0.8399975791518736,-1.0,-0.6032496526619797,-0.1798995096792736
NewMedia9,0.6626462241295772,-0.8312730057073534,-1.0,-0.03712310955628495,0.4846280789682784
NewMedia9,0.662672181075656,-0.8307609555277959,1.0,-0.047975448028915735,0.47938194113631827
NewMedia9,0.6632389077317089,-0.8302591055510183,1.0,-0.051975809881547375,0.4845450291164384
NewMedia9,0.6635013612976166,-0.8300551014954177,1.0,-0.055282710870296126,0.49486187363265177
NewMedia9,0.6625135552940633,-0.8321713035655149,-1.0,-0.042015141102273224,0.4942497309044831
NewMedia9,0.6623852126162295,-0.8299796199948455,1.0,-0.06103886810336567,0.5072577638780735
NewMedia9,0.661398848665236,-0.833166843356846,1.0,-0.0630187960838905,0.48064541865756927
NewMedia9,0.6899803304030825,-0.8220921431918067,-1.0,-0.09510270268810606,0.30495392366225604
NewMedia9,0.7162502018873584,-0.8112914884747908,1.0,-0.13898570547086075,0.33169690909913796
NewMedia9,0.716361239934473,-0.8123597897126195,1.0,-0.1128880295639001,0.312656097562114
NewMedia9,0.7164145958791905,-0.8110228831349167,1.0,-0.1093872403741124,0.32734285731615564
NewMedia9,0.7152104819916476,-0.8122917883607526,1.0,-0.09199022997895057,0.3165389114217343
NewMedia9,0.7094927435915184,-0.8111174050140116,-1.0,-0.07203378731436483,0.3897403572356717
NewMedia9,0.6153440160586974,-0.8399975791518736,-1.0,-0.3967462967488623,-0.22648954341710936
NewMedia9,0.6644805149858102,-0.833507530129699,1.0,-0.05025079897871143,0.46135732385383044
NewMedia9,0.6650414734316237,-0.8326976340289645,1.0,-0.03436114782895172,0.49087921332194306
NewMedia9,0.6635893265037724,-0.8327316347048979,1.0,-0.031531676282315346,0.4662423348019471
NewMedia9,0.6627486098613322,-0.8329301986523492,1.0,-0.027279637823321434,0.49976181489121174
NewMedia9,0.66131520961676,-0.8331695634109206,1.0,-0.024955679803627562,0.5235327354055048
NewMedia9,0.6614305738215547,-0.8286855542688188,1.0,-0.014607234622275866,0.5375765586660888
NewMedia9,0.6626620867077364,-0.8306195127159128,1.0,-0.016223149657117797,0.5409713380030992
NewMedia9,0.6734976696430632,-0.8338529769971827,1.0,-0.04111915078048112,0.5238901297117378
NewMedia9,0.6727953900463766,-0.8315565713446383,1.0,-0.021843747173026395,0.569175627574604
NewMedia9,0.6979736277427842,-0.8153382489243887,-1.0,-0.09109045910727709,0.3068957971642676
NewMedia9,0.7053554947970744,-0.8130398032312882,1.0,-0.11509155006595717,0.34089957919853187
NewMedia9,0.7067470755174083,-0.8119517816014182,1.0,-0.08156023293588055,0.33218401047734525
NewMedia9,0.7185329710897304,-0.8121428654001641,1.0,-0.08117731724079269,0.28629103560832414
NewMedia9,0.6153440160586974,-0.8399975791518736,-1.0,-0.24926920620604276,-0.058642993415266464
NewMedia9,0.7170750559516395,-0.8098777403694786,1.0,-0.08464300132454261,0.31387291786323
NewMedia9,0.7163698922498329,-0.8096730563003592,1.0,-0.12575648128020223,0.31393170596059994
NewMedia9,0.7162054982580004,-0.810344909656804,1.0,-0.09939956766711733,0.3043417809340869
NewMedia9,0.7158651738538566,-0.8102354274802983,1.0,-0.09479053728364784,0.2751763526278048
NewMedia9,0.707032601924275,-0.8104244712384883,1.0,-0.10787772081449243,0.28499209859977026
NewMedia9,0.7083693846473316,-0.8109059208097057,1.0,-0.13555836696447499,0.23324644203703548
NewMedia9,0.7192006414249787,-0.8124230309698557,1.0,-0.11809060627868317,0.21371572968859587
NewMedia9,0.7187564892365197,-0.8123985504831837,1.0,-0.1353882422198308,0.23966647552758813
NewMedia9,0.7099686209362961,-0.8137660576692265,1.0,-0.1511423336524298,0.28197710903465745
NewMedia9,0.709123578136176,-0.8126236349578629,1.0,-0.13325277161563154,0.2696969286951705
NewMedia9,0.7172091668397131,-0.8138517393725787,1.0,-0.11802903732347869,0.24238005945063001
NewMedia9,0.715921413903694,-0.811568253976889,1.0,-0.12290270619861665,0.26098975827360826
NewMedia9,0.710976615675688,-0.8129418812845999,-1.0,-0.11649683446457293,0.2526353164362656
NewMedia9,0.7082669989155765,-0.8111697660549492,1.0,-0.10446010372208636,0.27316542643999364
NewMedia9,0.7088106527306706,-0.8109066008232244,1.0,-0.09499900760565616,0.2853233648627276
NewMedia9,0.7197789045015113,-0.8144793918503099,1.0,-0.05464865864740032,0.32987541122507413
NewMedia9,0.7183253155211002,-0.8104462316710856,-1.0,-0.09105373376557624,0.3330079769849268
NewMedia9,0.718605073717727,-0.808957002065201,1.0,-0.06443704236781234,0.3172219731245083
NewMedia9,0.7185762326665284,-0.8084905127913943,1.0,-0.5951695374092162,-0.5900426027077051
NewMedia9,0.6153440160586974,-0.8399975791518736,-1.0,-0.5951695374092162,-0.5900426027077051
NewMedia9,0.6762779469786113,-0.8347587550040495,1.0,0.0255027793792606,0.5218110839825298
NewMedia9,0.6763457234489283,-0.8339352586329416,1.0,0.02137873953766567,0.549749427399266
NewMedia9,0.6757559239519162,-0.8387823949940125,1.0,0.020640992232320077,0.5680782497570325
NewMedia9,0.6513938880044301,-0.8357767352414966,-1.0,0.016588782838463656,0.5053242886756861
NewMedia9,0.6518207355621699,-0.8366213120316832,1.0,-0.012130974450233811,0.5089588861241894
NewMedia9,0.6517096975150549,-0.8358828173504089,1.0,8.074174388661426e-05,0.49124967164981337
NewMedia9,0.651476085000346,-0.8361174220143497,1.0,-0.03506973089235832,0.4250626723109463
NewMedia9,0.646623578136176,-0.8402933850324945,1.0,-0.030138813690451238,0.45302621062655524
NewMedia9,0.64653705498258,-0.8392074034431805,1.0,-0.01752743936605583,0.4176357760098841
NewMedia9,0.7180585357975127,-0.8111711260819865,-1.0,-0.05348424928405837,0.30090314381014993
NewMedia9,0.7179633603285573,-0.8091134051744948,1.0,-0.08427574790753323,0.3589316616362408
NewMedia9,0.717884047437761,-0.8094840125421693,1.0,-0.0706938524208347,0.32376798110942473
NewMedia9,0.7181537112664682,-0.8098913406398519,1.0,-0.05421875611807736,0.28669602027909424
NewMedia9,0.6778714150573362,-0.8314001682353445,-1.0,-0.02657807578112248,0.5000940142985719
NewMedia9,0.6754588611245702,-0.8357971356470566,1.0,-0.02210784558614065,0.4807256690762012
NewMedia9,0.675588645854964,-0.8358372564446581,1.0,-0.032127382927847004,0.4596366055752581
NewMedia9,0.682920041069657,-0.8369980395210257,1.0,-0.09581398614428471,0.4282297644136983
NewMedia9,0.6831190443229274,-0.8354992897258797,1.0,-0.08510800895990323,0.41319027607543735
NewMedia9,0.6833137214185183,-0.8356223721727588,1.0,-0.061385598535306896,0.5279241129645953
NewMedia9,0.6775181121801528,-0.8391720427402096,1.0,-0.04371098776317017,0.5119505470792349
NewMedia9,0.677533974758312,-0.8375706109037447,1.0,-0.01290760741149799,0.5444612980691843
NewMedia9,0.677345065872961,-0.83712860211661,1.0,-0.02641983276467552,0.5242624543284138
NewMedia9,0.7147230682263908,-0.8127888782428995,1.0,-0.036523622360872476,0.38054515229149954
NewMedia9,0.7142558431969728,-0.8124590716863451,1.0,-0.07899756019513038,0.3691617237230036
NewMedia9,0.7094437138044807,-0.8142794678758214,-1.0,-0.07676379529402566,0.4205649162899485
NewMedia9,0.7098820977827001,-0.8133396891930211,1.0,-0.08231634291207657,0.37550990509454873
NewMedia9,0.7174139383032234,-0.8108623999445108,1.0,-0.05802955039810542,0.4353580545058977
NewMedia9,0.7177225375510485,-0.8104992727255418,1.0,-0.0672578726575781,0.4414757492099768
NewMedia9,0.7191544957430609,-0.8104299113466376,1.0,-0.0393212292727978,0.37217578014371355
NewMedia9,0.7247136083615977,-0.8095594940427415,1.0,-0.04972206207392871,0.3766707367315034
NewMedia9,0.72276106919545,-0.8101477057363901,1.0,-0.050499775192301644,0.41503883513717943
NewMedia9,0.7153013313029235,-0.8122176668872177,1.0,-0.08128263255890567,0.3671256026363199
NewMedia9,0.6925342054867216,-0.8385110696000636,1.0,-0.0008535941552698656,0.5515438640856516
NewMedia9,0.69320331787453,-0.8355611709560786,1.0,0.011940866799075911,0.5601287925904606
NewMedia9,0.6801873514685863,-0.8379752189473527,1.0,0.010240699509743711,0.6130502111005927
NewMedia9,0.6794994923974988,-0.8372299241308917,1.0,0.019544632766836045,0.607641706142563
NewMedia9,0.6952539166147529,-0.8356767732542523,1.0,0.041690553891063464,0.5755126112133164
NewMedia9,0.6956014512816964,-0.8362874253940168,1.0,0.03832586449699105,0.6177747212114455
NewMedia9,0.6944348307607116,-0.836652592653542,1.0,0.0395523828940918,0.5863324205625837
NewMedia9,0.6153440160586974,-0.8399975791518736,-1.0,-0.7305186239338513,0.13247804427863508
NewMedia9,0.70587030756097,-0.8167390767728462,1.0,-0.0036695637380458335,0.445706625931803
NewMedia9,0.7060721949193605,-0.816661555231718,1.0,-0.020131158076942435,0.4810140106966343
NewMedia9,0.6943598440275953,-0.8217188157700575,1.0,0.021930699820288835,0.5755135443577191
NewMedia9,0.693260999976927,-0.821877938933426,1.0,-0.005766148686326411,0.5525329971525099
NewMedia9,0.693245137398768,-0.8215896132015105,1.0,0.0013515465824502915,0.5248260735476424
NewMedia9,0.6929552848342215,-0.8213815290647979,1.0,0.012065084866593745,0.5655037043499926
NewMedia9,0.6920727486675435,-0.8255554520423866,-1.0,0.05804899322606483,0.5877358697442392
NewMedia9,0.6920006460395469,-0.8267284753620903,1.0,0.05520709987267636,0.5703840495760961
NewMedia9,0.7138347638494729,-0.8079159013681192,-1.0,-0.015307716507366065,0.5363802675418319
NewMedia9,0.7139429177914678,-0.8093493698654729,1.0,-0.0020774121595987793,0.5389865398585634
NewMedia9,0.7136271082808425,-0.8090583240794826,1.0,0.003199155317140878,0.5570736778160317
NewMedia9,0.7137309360651578,-0.8091011649311588,1.0,0.018353759554327276,0.5589679609535056
NewMedia9,0.7190939295355436,-0.8106366354563129,1.0,0.026355023338144434,0.5655121026496168
NewMedia9,0.7172149350499526,-0.811118765041049,1.0,-0.0012494717356639207,0.4744409415240394
NewMedia9,0.7096052236911932,-0.8107869184439387,1.0,-0.018192276066553936,0.453734467228202
NewMedia9,0.7093990101751229,-0.8121027446025627,1.0,-0.015841854197693017,0.4550492676916016
NewMedia9,0.7094336194365611,-0.8122203869412924,1.0,-0.01828786997068732,0.47627643656414387
NewMedia9,0.7152897948824439,-0.8080049831390648,1.0,0.015123549720306828,0.5085044448000762
NewMedia9,0.7155003345561939,-0.8092908887028674,1.0,0.0027962567155392914,0.540830433198292
NewMedia9,0.7151052121547727,-0.8097315374629648,1.0,0.009519154561030918,0.49402017738141946
NewMedia9,0.7117322512170923,-0.8097634980983421,1.0,0.016810755124332832,0.5352940874570931
NewMedia9,0.712140352091553,-0.8099477817619014,1.0,0.024965941296161365,0.4556894047518514
NewMedia9,0.7215771440437462,-0.8097009368546246,1.0,0.025747975042970106,0.45038354567811845
NewMedia9,0.7216492466717428,-0.8099301014104161,1.0,-0.002624511735231816,0.46916774250440096
NewMedia9,0.7224697745783439,-0.810121185209162,1.0,-0.007723933446119879,0.5422534784124042
NewMedia9,0.7235426616829332,-0.8103768702921814,1.0,-0.007213019133633036,0.5490878280177542
NewMedia9,0.7139515701068273,-0.810767878065416,1.0,-0.00798641162357061,0.4990908840656729
NewMedia9,0.6153440160586974,-0.8399975791518736,-1.0,-0.10474742551304095,0.4644105723394538
NewMedia9,0.7147735400659885,-0.8090794044985614,-1.0,-0.04254765855693721,0.44817945859894937
NewMedia9,0.7159372764818532,-0.8114465315570474,1.0,-0.029226080933471787,0.4774260704682658
NewMedia9,0.7223183590595512,-0.8091637261748763,-1.0,-0.01709159597263432,0.457861764921329
NewMedia9,0.7233076071156641,-0.807645255987689,1.0,-0.023328963197697172,0.44904634974905444
NewMedia9,0.7281702083477539,-0.8285039906593343,1.0,0.0019450929137643236,0.5580730754713197
NewMedia9,0.7278269998384901,-0.8283407874148538,1.0,0.005236331624434598,0.541343662619775
NewMedia9,0.7257547703098683,-0.8371605627519875,1.0,-0.16078651639881036,0.5588895768236792
NewMedia9,0.7199375302831039,-0.8348199562207297,-1.0,0.010719209108964733,0.4943673070992227
NewMedia9,0.6948025541634941,-0.8302720258078731,1.0,0.0073917851351479325,0.5052272416578059
NewMedia9,0.6941896818255233,-0.8309363990156124,1.0,-0.012061304316712818,0.5520011048429727
NewMedia9,0.6789659329503244,-0.8295382912212295,1.0,0.00517260235501249,0.5341556512858032
NewMedia9,0.6793653815094254,-0.8292792060706167,1.0,0.014332874716627364,0.5851921181024884
NewMedia9,0.7034750582589235,-0.82665707394263,1.0,0.028151324610164563,0.5380095376689402
NewMedia9,0.7031347338547798,-0.8268372775250772,1.0,0.04177588630266271,0.554191194756102
NewMedia9,0.7216146374103045,-0.8095662941779282,-1.0,0.0028162396220530184,0.5271953271860892
NewMedia9,0.7219405412888489,-0.8067360779132289,1.0,0.0064153231087460405,0.4611296366195725
NewMedia9,0.7219261207632497,-0.8076887768528839,1.0,0.0074754973110837675,0.5131225764490219
NewMedia9,0.7221842481714775,-0.8077962189888335,1.0,0.018450433615569306,0.5037864667000425
NewMedia9,0.7230191966036779,-0.8081668263565079,1.0,-0.0067885173898544204,0.5118105754188305
NewMedia9,0.723627742783969,-0.8076908168934398,1.0,0.0010491025919718844,0.5196527209790924
NewMedia9,0.7255024111118802,-0.8220125816101225,-1.0,0.062468996115484954,0.6023442453684544
NewMedia9,0.7272718096029165,-0.8248387177937098,1.0,0.03372169482051168,0.6136156966086266
NewMedia9,0.7291681087192265,-0.8327268746102672,1.0,-0.09795053690559297,0.6503199985442949
NewMedia9,0.7290844696707506,-0.8328798776519677,1.0,-0.09004162655458237,0.619070858786791
NewMedia9,0.6989571075886574,-0.8248373577666724,1.0,0.05407563530115467,0.5825158599555544
NewMedia9,0.6988965413811403,-0.8249672403487381,1.0,0.07581649750956276,0.564930753686737
NewMedia9,0.6938738723148983,-0.8322114243631163,1.0,0.10308992442950826,0.6188422384081302
NewMedia9,0.6931528460349323,-0.8320713415782706,1.0,0.09712313656021254,0.6112828356018853
NewMedia9,0.6939214600493759,-0.8318489771576659,1.0,0.06963421829705108,0.5385694243105581
NewMedia9,0.7063159018019889,-0.8305066304718138,1.0,0.0667766626655848,0.6000720387478884
NewMedia9,0.7067514016750882,-0.830660313527033,1.0,0.049656712568843187,0.6088305321115985
NewMedia9,0.7060635426040007,-0.8308452772041108,1.0,0.0367958219523028,0.550554731018793
NewMedia9,0.7152869107773241,-0.8276090928687663,1.0,0.01547298054502022,0.6314658158878101
NewMedia9,0.7169077778546873,-0.828948039487025,1.0,-0.01737243682093559,0.546215609546254
NewMedia9,0.7241670704413834,-0.8315076103712942,1.0,-0.13061124740593522,0.5740606385227205
NewMedia9,0.7251938118640548,-0.8314022082759005,1.0,-0.033026613720965714,0.5150728482506575
NewMedia9,0.7233926882167001,-0.8313369269781083,1.0,-0.05107657908842833,0.5207081072985424
NewMedia9,0.7172134929973928,-0.8219160196904715,1.0,-0.0634222347640464,0.35175018231308797
NewMedia9,0.7151701045199694,-0.8143957501875138,1.0,-0.0543462146569218,0.3508366339428479
NewMedia9,0.7143885120324867,-0.813424010869336,1.0,-0.045089808312619106,0.4108947408448038
NewMedia9,0.7131526729886251,-0.8047177977898201,-1.0,-0.763731834795371,0.22199645311812555
NewMedia9,0.7147937288018276,-0.8169206403823308,-1.0,-0.022814268335329402,0.4080617144382168
NewMedia9,0.6795759211831753,-0.8302169447128609,-1.0,0.02636636498778744,0.5958113014051756
NewMedia9,0.6669810341247318,-0.8353782473195567,1.0,0.003704668844083381,0.5574226738226404
NewMedia9,0.6546514847373157,-0.8375950913904169,1.0,-0.009713042762069746,0.5171332310918118
NewMedia9,0.6531503080224268,-0.8357447746061192,1.0,-0.015830512548050124,0.5287415474613573
NewMedia9,0.6524062089015019,-0.8366165519370525,1.0,-0.005459924145967077,0.5357074704274876
NewMedia9,0.7067398652546086,-0.8146031543107077,-1.0,-0.04531664130547797,0.4121311571783768
NewMedia9,0.7171226436861171,-0.8106223551724209,1.0,-0.07927678080776845,0.35534652084108065
NewMedia9,0.7163150942525551,-0.810472072184795,1.0,-0.053574442402647415,0.39203962504391643
NewMedia9,0.7113789483399091,-0.8107937185791253,-1.0,-0.07730549408411447,0.3231399749264101
NewMedia9,0.7112837728709536,-0.810026663330067,1.0,-0.06787410228817792,0.3514114508949089
NewMedia9,0.7114092314436675,-0.8112268871905173,1.0,-0.070175377008586,0.35360807281885664
NewMedia9,0.7112304169262362,-0.811668895977652,1.0,-0.06993234165909445,0.3633482340942038
NewMedia9,0.7107011836367412,-0.8143651495791736,1.0,-0.05766283705965036,0.3652602469753292
NewMedia9,0.7098734454673403,-0.8147595574200015,1.0,-0.02084892247577408,0.45841791898533635
NewMedia9,0.6829589764887751,-0.8294614496936199,1.0,-0.0007390975017315116,0.4847465883074207
NewMedia9,0.6814347269329271,-0.8304977902960711,1.0,-0.00754624760171374,0.5538561959155337
NewMedia9,0.6644963775639694,-0.8390353600229572,1.0,-0.004352763109394253,0.4292300952133894
NewMedia9,0.66469393876468,-0.8399411380298241,1.0,0.006246278521210957,0.5261147459677664
NewMedia9,0.6484117233104911,-0.8396997332306966,1.0,-0.011205279807948165,0.48515903813341255
NewMedia9,0.6479531505964329,-0.8377861751891628,1.0,-0.0013439854826885478,0.5343488121771616
NewMedia9,0.6504839528391131,-0.8399962191248362,-1.0,0.0017917106043074948,0.5724005746303233
NewMedia9,0.6529729355575551,-0.8413610062568044,1.0,-0.010571227585052245,0.5694275765633319
NewMedia9,0.6783429662444338,-0.83405358098519,1.0,-0.028722187642192698,0.5798050754657207
NewMedia9,0.6770782861493736,-0.8361616228930631,1.0,-0.023747524077377014,0.5400568564884562
NewMedia9,0.6765750098059573,-0.8361398624604657,1.0,-0.0195781176372104,0.5499388557130134
NewMedia9,0.6767192150619508,-0.836344546529585,1.0,-0.017879570583541282,0.6081372058203951
NewMedia9,0.6821644055282525,-0.8373149258207253,1.0,-0.007451733854689224,0.5470293114654055
NewMedia9,0.6822783276804874,-0.8343405466900682,1.0,0.0044078511219456384,0.5929978710310453
NewMedia9,0.6826575875037493,-0.8336360526847274,1.0,-0.31530407097712376,-0.3124256108946475
NewMedia9,0.6153440160586974,-0.8399975791518736,-1.0,-0.31530407097712376,-0.3124256108946475
NewMedia9,0.7095893611130337,-0.8130656437449977,1.0,-0.07643974816137022,0.39874986644370747
NewMedia9,0.7098503726263814,-0.8131207248400099,1.0,-0.056982878159628436,0.3834108387521806
NewMedia9,0.6820101059043402,-0.7910522461186529,1.0,-0.10313367079241675,0.4567307939052607
NewMedia9,0.682155753212893,-0.7905061952631618,1.0,-0.11847190173810784,0.4633439882871715
NewMedia9,0.670881786299347,-0.791419453418734,-1.0,-0.09572649341846773,0.36423192184355746
NewMedia9,0.6662052098474887,-0.7908570822387949,1.0,-0.08726508270627953,0.3700846035372707
NewMedia9,0.6658706536535843,-0.7906041172098501,1.0,-0.11835362453468856,0.3842170755161105
NewMedia9,0.7122369696130686,-0.8111976466092146,1.0,-0.1098047210966836,0.3251863606015235
NewMedia9,0.7113933688655085,-0.8115974945581919,1.0,-0.12033517275087657,0.30609609241115643
NewMedia9,0.7120653653584366,-0.8118014986137925,1.0,-0.13322684784501915,0.31066103482914853
NewMedia9,0.7210205117556125,-0.8091120451474575,1.0,-0.1294878840127296,0.29578577990576194
NewMedia9,0.7211575067488061,-0.809484692555688,1.0,-0.12013966431417455,0.2888665141597666
NewMedia9,0.7120307560969983,-0.7903089913427479,1.0,-0.147693392003867,0.323038262186516
NewMedia9,0.7115173853856624,-0.7887905211555606,1.0,-0.10790904537064927,0.35897551942316763
NewMedia9,0.6751574721395446,-0.7876134177547449,1.0,-0.034984938559313394,0.4835335005839154
NewMedia9,0.6747248563715651,-0.7859167840256664,1.0,-0.017603050363675488,0.5181279630250861
NewMedia9,0.6756189289587227,-0.7816639794799121,-1.0,-0.006985646062219741,0.5375112385579002
NewMedia9,0.6757371772686369,-0.7791220889471282,1.0,-0.02433891009447331,0.5447655031444634
NewMedia9,0.6828868738607785,-0.7915704164198785,-1.0,-0.08403703318647704,0.533359679110303
NewMedia9,0.6826200941371912,-0.7923238713985634,1.0,-0.053326006267611636,0.531317959157203
NewMedia9,0.7193592672065712,-0.7880010254603862,1.0,-0.05611335168700293,0.4405314070744477
NewMedia9,0.7199144574421448,-0.7883117916384177,1.0,-0.0420129807880556,0.4290901235529849
NewMedia9,0.715079255208694,-0.8053678907136674,-1.0,-0.054741012080206986,0.36241508969150726
NewMedia9,0.7166799335502179,-0.8071495261325795,1.0,-0.026593738059200844,0.4106409255672703
NewMedia9,0.7170851503195588,-0.8075908549061955,1.0,-0.04079078301939021,0.39503781800978044
NewMedia9,0.7169827645878037,-0.807622815541573,1.0,-0.007342097908140666,0.4390924984054896
NewMedia9,0.7232701137491058,-0.8191334043720789,1.0,0.019016976019161858,0.5681043778003081
NewMedia9,0.7229341155026419,-0.8204628308010763,1.0,0.012926510160902849,0.5643932625107839
NewMedia9,0.7235556401559726,-0.8200963035145139,1.0,0.01880418506871817,0.5615042474400351
NewMedia9,0.7320651923121293,-0.8199596207972615,1.0,0.00715523072830937,0.5256612377880561
NewMedia9,0.6978193281188714,-0.8168805195847293,-1.0,0.011427792172371332,0.5299182425531579
NewMedia9,0.6985475646616368,-0.8190123619657559,1.0,0.0026936417901983756,0.5016878249383776
NewMedia9,0.6985980365012343,-0.8197460965523995,1.0,0.03681472470170788,0.4862060261532384
NewMedia9,0.6938983872084168,-0.8194795312530814,1.0,0.028787537147277886,0.4936114601330386
NewMedia9,0.6927086938464735,-0.8195393724427241,1.0,-0.009529416053565054,0.5224428227431555
NewMedia9,0.6926611061119956,-0.8199208600266973,1.0,0.0202040686817897,0.5421601639721347
NewMedia9,0.7070311598717149,-0.8196570147814539,1.0,0.012803912329048206,0.5506788392243518
NewMedia9,0.7077608384670404,-0.8188947196270262,1.0,0.012357807443092561,0.5380916543763774
NewMedia9,0.717524976350338,-0.8136062544923393,1.0,0.0023209875876444297,0.45751183577031784
NewMedia9,0.7181465010036685,-0.8124073906589263,1.0,0.005626808419284535,0.49424413203806683
NewMedia9,0.7178335755981635,-0.8115512536389223,1.0,-0.010809402227554,0.48072286964299304
NewMedia9,0.6153440160586974,-0.8399975791518736,-1.0,-0.8512029574701641,0.3126243706524221
NewMedia9,0.7106982995316213,-0.8075276136489593,-1.0,0.010153746862481272,0.5004738040704693
NewMedia9,0.7134064742391732,-0.811755257694523,1.0,-0.003073857092514065,0.5156980550004644
NewMedia9,0.7137857340624352,-0.8127555575804847,1.0,0.014495978440064006,0.5172946650734782
NewMedia9,0.7129493435776748,-0.807218207497965,1.0,0.020655034274735362,0.5166386645583825
NewMedia9,0.713618455965483,-0.8082198674109642,1.0,-0.013349391669018384,0.4826274173688967
NewMedia9,0.7147749821185483,-0.8129119606897786,1.0,-0.03029489639268035,0.5092826872319252
NewMedia9,0.7138578366904316,-0.8116614158289467,1.0,-0.02869572379302565,0.469722030279603
NewMedia9,0.7133012044022982,-0.8112268871905173,1.0,-0.03387237673719645,0.5098276435631
NewMedia9,0.6863074225329366,-0.8113050887451643,1.0,-0.04706865613603506,0.4405957940382341
NewMedia9,0.6862324357998202,-0.8111867663929159,1.0,-0.0662419848967033,0.4640270499899455
NewMedia9,0.6618011813294571,-0.7856026177800415,1.0,0.008278054042960559,0.48528221319456843
NewMedia9,0.662672181075656,-0.7858814233226956,1.0,0.016308482068716934,0.47879779274023004
NewMedia9,0.6844111234166261,-0.7885633966403252,-1.0,-0.041407012649989916,0.5598731110241213
NewMedia9,0.7008288918114489,-0.7862533907174074,1.0,-0.009041185040364219,0.49973288741472843
NewMedia9,0.7002621651553955,-0.787492375348422,1.0,-0.0270727877369763,0.47675420649832456
NewMedia9,0.7091812602385732,-0.7888830029940995,1.0,-0.05059050838944523,0.38035479083334933
NewMedia9,0.7102411688701231,-0.7893413321056822,1.0,-0.06143096513387869,0.35672197569065545
NewMedia9,0.7008707113356869,-0.789128487874339,-1.0,-0.09255677238254312,0.3161712525270719
NewMedia9,0.6966527075978868,-0.790538835912058,1.0,-0.08223155057903164,0.29425075736332595
NewMedia9,0.6959345654230404,-0.7882301900161774,1.0,-0.09050663418994298,0.32436985924916417
NewMedia9,0.6974862139775271,-0.787293131387452,1.0,-0.0978716854366467,0.31589970750588714
NewMedia9,0.6656702083477539,-0.7772479716896772,-1.0,-0.022521545758830586,0.41855212381333207
NewMedia9,0.6658620013382248,-0.7768862044977454,1.0,-0.02091265174519641,0.428028205222716
NewMedia9,0.6991964883136061,-0.7775301772999247,-1.0,-0.06942898844636947,0.4154316889307146
NewMedia9,0.7101503195588472,-0.7780680679931917,1.0,-0.06769857675798951,0.3928225331977786
NewMedia9,0.7099080547287788,-0.7789412053511624,1.0,-0.037918105188399664,0.4284714488139969
NewMedia9,0.7101921390830854,-0.7789888062974692,1.0,-0.03713013057749259,0.3876659772284772
NewMedia9,0.705191100805242,-0.7825649973921481,1.0,-0.03388425846539378,0.3788701580886591
NewMedia9,0.7077550702568007,-0.7866960795180609,-1.0,-0.033242645142736116,0.393886317816853
NewMedia9,0.7102541473431625,-0.7883437522737952,1.0,-0.02389496552273529,0.41295232425274975
NewMedia9,0.7165414965044647,-0.7869932454257191,1.0,-0.0502048923015852,0.5369802793927656
NewMedia9,0.6759232020488684,-0.7793927343275584,1.0,-0.01317656653160193,0.4741693965028546
NewMedia9,0.6765908723841167,-0.7790581676763734,1.0,-0.009986862589163592,0.49601337382557964
NewMedia9,0.6781107957822847,-0.7787582817146405,1.0,0.0002098205183944657,0.48742377959875727
NewMedia9,0.7111842712443184,-0.7887823609933365,1.0,-0.04171863797589359,0.44990484259953534
NewMedia9,0.7116269813802174,-0.7897989812037464,1.0,-0.03253946286487375,0.4008914328478963
NewMedia9,0.700064603954685,-0.7916132572715545,1.0,-0.03338090525266901,0.3977765968316951
NewMedia9,0.6987912715442655,-0.7907265196432105,1.0,-0.056549735158978875,0.3740709964255906
NewMedia9,0.6987134007060289,-0.7907428399676586,1.0,-0.038974498840856575,0.376268551493941
NewMedia9,0.721663667197342,-0.7896650185405686,1.0,-0.03678123983133352,0.3794589722067607
NewMedia9,0.7214156341570337,-0.7890822469550695,1.0,-0.03074316159285362,0.3949696984683835
NewMedia9,0.721623289725664,-0.7895650565533243,1.0,0.007177373949040833,0.43463860017141864
NewMedia9,0.7228360559285665,-0.8107828383628266,1.0,0.020355830755583337,0.4600994451989957
NewMedia9,0.7227048291456128,-0.8119116608038168,1.0,0.058904477656275045,0.46994598493624995
NewMedia9,0.6744364458595786,-0.7785161969019944,1.0,0.08545041876340909,0.5689927312716754
NewMedia9,0.6755785514870447,-0.7784441154690155,1.0,0.08040716522218161,0.5516605071359888
NewMedia9,0.6612214762003645,-0.7775968186247543,-1.0,0.08633884798543945,0.4943990340089146
NewMedia9,0.6587108626935234,-0.7779375053976073,1.0,0.08567725175626806,0.47921770772144345
NewMedia9,0.6515135783669042,-0.7761456697759151,-1.0,0.07674867309450151,0.5144728363997237
NewMedia9,0.6524249555847812,-0.7755268574739266,1.0,0.08975268452796459,0.5319944888491579
NewMedia9,0.6522346046468701,-0.775129729579024,1.0,0.09251032562686246,0.5876714827804532
NewMedia9,0.6687792736669667,-0.808408911169154,1.0,-0.02195986406222783,0.464985389291515
NewMedia9,0.6683423317413075,-0.8083932708582247,1.0,-0.011887939100742151,0.47530783267414467
NewMedia9,0.6700468378671467,-0.8074718525404285,-1.0,-0.2606000542778947,0.2739362037166211
NewMedia9,0.6153440160586974,-0.8399975791518736,-1.0,-0.2606000542778947,0.2739362037166211
NewMedia9,0.7157397152811424,-0.8013660111563018,1.0,-0.028906354429251713,0.49618227296246764
NewMedia9,0.7184724048822131,-0.8074364918374577,-1.0,-0.016007118235347395,0.4337903719093674
NewMedia9,0.7201927735862115,-0.8071529262001729,1.0,-0.03282408426305605,0.13259655361777778
NewMedia9,0.7196073002468795,-0.8107379574705945,-1.0,-0.009144880122813892,0.4616437991854583
NewMedia9,0.7194256016243279,-0.8094731323258706,1.0,0.03231100963635147,0.4117383033848414
NewMedia9,0.6956749959622528,-0.8143481492412069,1.0,-0.004771323989074205,0.4930002505492723
NewMedia9,0.6947607346392561,-0.8121245050351601,1.0,-0.028763773690883343,0.5050760722645691
NewMedia9,0.6774993654968737,-0.8130071625823921,1.0,-0.021130303402630002,0.46975935605571073
NewMedia9,0.6771561569876099,-0.8134620916263815,1.0,-0.02778029064327414,0.5353239480779792
NewMedia9,0.6620073948455272,-0.8104673120901643,1.0,-0.020947216772679633,0.526199662108412
NewMedia9,0.66068503264807,-0.8110290032565848,-1.0,-0.1656504638599684,0.11274950531682348
NewMedia9,0.6153440160586974,-0.8399975791518736,-1.0,-0.1656504638599684,0.11274950531682348
NewMedia9,0.6675953485152626,-0.8143318289167589,1.0,-0.020826239176488293,0.48708784761378676
NewMedia9,0.7145399275512794,-0.8098750203154039,-1.0,0.03149711125483212,0.510962347156779
NewMedia9,0.7174615260377011,-0.8092310475132245,1.0,-0.0031008610202353237,0.5327148763280396
NewMedia9,0.7174139383032234,-0.8091793664858058,1.0,-0.021622855044266198,0.5458190231751079
NewMedia9,0.7232845342747052,-0.8112921684883095,1.0,-0.0007736625292148469,0.5736127292094262
NewMedia9,0.7235354514201335,-0.8111833663253225,1.0,0.04124066845522667,0.5543544950265737
NewMedia9,0.7225375510486607,-0.8102728282238251,1.0,0.022429192326023806,0.5250789556807733
NewMedia9,0.7215511870976672,-0.8103258692782813,1.0,-0.09165160072532552,0.4531419205324896
NewMedia9,0.6153440160586974,-0.8399975791518736,-1.0,-0.7396016650621833,-0.9095493799022157
NewMedia9,0.67969128538797,-0.8090603641200387,1.0,0.012380490742378347,0.496156144919192
NewMedia9,0.6804339424563348,-0.8138184187101639,-1.0,0.007362080814654393,0.4574455825177264
NewMedia9,0.6799075932719596,-0.8120265830884719,1.0,-0.020549718956622276,0.48537086191282497
NewMedia9,0.679454788768141,-0.8116614158289467,1.0,-0.005565239464080163,0.4681972723255965
NewMedia9,0.6475277450912531,-0.7429542099296934,-1.0,-0.14350832328562202,0.4654416969044337
NewMedia9,0.6479964121732309,-0.7353747792506116,1.0,-0.010614433869406303,0.5376446782074857
NewMedia9,0.6742374426063082,-0.8063464301670318,-1.0,-0.011021653099443252,0.5252114621859563
NewMedia9,0.6806459241826446,-0.8101320654254607,1.0,-0.0423138045428707,0.5159276085235278
NewMedia9,0.6797979972774049,-0.8109786822562033,1.0,-0.03132266588175259,0.48682190145901805
NewMedia9,0.6789457442144853,-0.8133838900717346,-1.0,-0.02671525573394662,0.5039656304253599
NewMedia9,0.6774806188135944,-0.8147921980688976,1.0,-0.03171044228383013,0.5183743131473981
NewMedia9,0.6583344869753813,-0.8377317741076693,1.0,0.0010599041630603434,0.4912646019602567
NewMedia9,0.6587353775870424,-0.8363146259347636,1.0,-0.006376977531382,0.5044928570128835
NewMedia14,0.6581729770886691,-0.8329859597608801,-1.0,-0.012300019037769117,0.5129359475684823
NewMedia14,0.6591708774601417,-0.833977419471099,1.0,-0.030923007751477494,0.47856264035075036
NewMedia14,0.659377090976212,-0.8342929457437613,1.0,-0.0016907159146297701,0.5316716208858248
NewMedia14,0.6593713227659723,-0.8345513508808555,1.0,-0.025344536362813974,0.5706779900629453
NewMedia14,0.6871092037562585,-0.8251787245530441,1.0,-0.008918587208509465,0.5108363726624152
NewMedia14,0.6865136360490067,-0.8259144991802437,1.0,-0.02376318635545538,0.5409526751150453
NewMedia14,0.6642627650492605,-0.7909210035095497,1.0,-0.07001605383503029,0.4994669412599597
NewMedia14,0.6618170439076163,-0.7922313895600245,1.0,-0.06070185908540393,0.5522726498641575
NewMedia14,0.6538424932511941,-0.7940912265335835,1.0,-0.046713824525777436,0.5341295232425278
NewMedia14,0.6696805565169239,-0.7964835140922601,1.0,-0.0965241894433545,0.5082543621001536
NewMedia14,0.6703078493804941,-0.7964039525105759,1.0,-0.11920964904345333,0.5145540199627583
NewMedia14,0.6779319812648532,-0.7965685157820938,1.0,-0.18081046888269892,0.4412079367664028
NewMedia14,0.6796263930227728,-0.7961353471707018,1.0,-0.17359069876713573,0.3821268320540703
NewMedia14,0.7014706052006185,-0.796095906386619,1.0,-0.16798630360785982,0.3574432963139398
NewMedia14,0.7011432592695139,-0.7964257129431733,1.0,-0.16209674697184706,0.3101226105087924
NewMedia14,0.6963758335063797,-0.7957620197489526,1.0,-0.1962086485479314,0.31559083670859467
NewMedia14,0.6955062758127408,-0.7960469454132748,1.0,-0.20692002651785713,0.25554766011708185
NewMedia14,0.7133084146650976,-0.7976701376823371,1.0,-0.15894970923520824,0.22945880890649017
NewMedia14,0.7122196649823493,-0.7978911420759045,1.0,-0.13088992794001897,0.26461035855607107
NewMedia14,0.6961494312544703,-0.8145800338510729,1.0,-0.1191588816593373,0.39876386360974814
NewMedia14,0.6940570129900094,-0.815690495927059,1.0,-0.09580210441608739,0.37667446930911397
NewMedia14,0.6857724210332019,-0.8241988250726424,1.0,-0.10192227459483982,0.37005101033877374
NewMedia14,0.6861819639602225,-0.8252229254317576,1.0,-0.13930381173941753,0.3674792643649416
NewMedia14,0.688790637041139,-0.8306154326348008,1.0,-0.1615156224472849,0.38822306443688714
NewMedia14,0.6888685078793753,-0.8305848320264607,1.0,-0.1389830050780887,0.4179707748504522
NewMedia14,0.6639830068526338,-0.7871387683187142,-1.0,-0.1538405661103408,0.29592948414377696
NewMedia14,0.6563992524399531,-0.7797517814654156,1.0,-0.14537051414128188,0.3278616856040548
NewMedia14,0.6554229828568792,-0.7799435452776802,1.0,-0.11799933300298526,0.37974544753838857
NewMedia14,0.6387398767910295,-0.7780272671820716,1.0,-0.11302034880973444,0.38232279237863653
NewMedia14,0.6422094552502249,-0.7809635655556832,-1.0,-0.6553137653871756,-0.5844381374251093
NewMedia14,0.6153440160586974,-0.8399975791518736,-1.0,-0.6553137653871756,-0.5844381374251093
NewMedia14,0.6758958030502296,-0.833380367601708,1.0,-0.0912416811025164,0.44433023793782556
NewMedia14,0.6753478230774557,-0.8313675275864484,1.0,-0.11315482836978652,0.4378299540286412
NewMedia14,0.6759376225744675,-0.830910558501903,1.0,-0.12049449592443229,0.43823773813261946
NewMedia14,0.6791202325742367,-0.832121662578652,-1.0,-0.1046458907448089,0.39820864269014344
NewMedia14,0.6813438776216516,-0.8289575596762864,1.0,-0.13660287888873435,0.388410626461829
NewMedia14,0.6815760480838005,-0.8299116186429787,1.0,-0.14101208020706613,0.41462358587797943
NewMedia14,0.6770826123070532,-0.8352470047104537,1.0,-0.12011374054356216,0.4126247905674032
NewMedia14,0.6754689554924898,-0.8361017817034202,1.0,-0.10331837765803042,0.4173250389237859
NewMedia14,0.6810237419533467,-0.8323549072155554,1.0,-0.09773342532671381,0.49880814131165585
NewMedia14,0.6819884751159411,-0.8324494290946504,1.0,-0.07691015658227485,0.4543204819130955
NewMedia14,0.6890155972404883,-0.8356359724431321,1.0,-0.09577186001703952,0.47806527438411295
NewMedia14,0.6883753259038785,-0.8346948337332947,1.0,-0.09644641813151722,0.47765002512491317
NewMedia14,0.688493574213793,-0.8342820655274626,1.0,-0.04572440061406924,0.5186402593021668
NewMedia14,0.6892593041231168,-0.8350239602763303,1.0,-0.046450266191217615,0.4832432926746768
NewMedia14,0.6885988440506678,-0.8355013297664358,1.0,-0.011560111418205898,0.517104303615328
NewMedia14,0.6783285457188342,-0.8358766972287409,1.0,0.010100279085592856,0.5442242793908993
NewMedia14,0.6765750098059573,-0.8359950195809893,1.0,-0.011507723798426461,0.5554686694433935
NewMedia14,0.6863160748482962,-0.8362405044612287,1.0,-0.0072254409403847975,0.571617666476461
NewMedia14,0.6866203479384416,-0.8326303126906163,-1.0,-0.017039208352854995,0.5752261358816888
NewMedia14,0.6869851872361044,-0.8334742094672842,1.0,-0.01893704439310695,0.550921456769053
NewMedia14,0.6793596132991857,-0.8218493783656419,1.0,-0.030960273171732777,0.4958762015983831
NewMedia14,0.6814188643547681,-0.8209959613997126,1.0,0.013691801472524245,0.5045955028971802
NewMedia14,0.6881748805980481,-0.8207912773305933,1.0,0.021823764266512446,0.4865475570046254
NewMedia14,0.6883205279066011,-0.8215896132015105,1.0,0.01504793872268717,0.6100277563802585
NewMedia14,0.6886421056274661,-0.8343786274471137,1.0,0.012324322572718094,0.6089089162414252
NewMedia14,0.6884748275305139,-0.8330573611803402,1.0,0.007529505166526507,0.5900239398196512
NewMedia14,0.6889752197688102,-0.8335755314815658,1.0,-0.0005749136211862238,0.6354260807328544
NewMedia14,0.688747375464341,-0.832840436867885,-1.0,-0.008976915692387566,0.4429986408751776
NewMedia14,0.6153440160586974,-0.8399975791518736,-1.0,-0.008976915692387566,0.4429986408751776
NewMedia14,0.6872505249071319,-0.8235092913647123,1.0,0.01719637121219275,0.5472243386455691
NewMedia14,0.6878446505618236,-0.8235269717161977,1.0,-0.00268878108320858,0.5362169672713599
NewMedia14,0.6879181952423803,-0.8233168475389291,1.0,0.011028674120650672,0.575754295613615
NewMedia14,0.6880970097598118,-0.8234066093233934,1.0,0.018985111384450803,0.6000533758598345
NewMedia14,0.6867140813548374,-0.8316007722233518,1.0,0.020516774164802243,0.5724360341176258
NewMedia14,0.6884733854779539,-0.8080090632201768,1.0,-0.08340622143490772,0.409368116601992
NewMedia14,0.6891929697053598,-0.808527913534921,1.0,-0.08366923969091311,0.4065360233398079
NewMedia14,0.6889997346623289,-0.8090800845120801,1.0,-0.08303626762512606,0.4562352942274288
NewMedia14,0.69045764980042,-0.8311125225169476,1.0,0.005287639087105278,0.5873831411600199
NewMedia14,0.6893083339101544,-0.8315150905199995,1.0,-0.0042944346255162635,0.5476125267170908
NewMedia14,0.6886666205209846,-0.8322746656203526,1.0,0.014328014009637569,0.5611711148882725
NewMedia14,0.6883032232758821,-0.8328601572599263,1.0,-0.005803414106581917,0.558278367239913
NewMedia14,0.6885296255277913,-0.837642012323205,1.0,0.020696080244871684,0.5813139699648813
NewMedia14,0.7022709443713806,-0.8358746571881849,1.0,0.007951846596087275,0.5983718496461752
NewMedia14,0.7026617406151221,-0.8347981957881323,1.0,-0.001243530871565257,0.5636299503893778
NewMedia14,0.7025420502526476,-0.8350205602087369,1.0,-0.0011889829375683059,0.5958924849682103
NewMedia14,0.697738573175515,-0.8353088859406526,1.0,0.025630237918105037,0.5516539751251699
NewMedia14,0.6965229228674925,-0.8295994924379096,1.0,0.02857312596117101,0.6073832251430162
NewMedia14,0.6994517316167139,-0.8245986730216197,-1.0,0.03398255276229922,0.5240786248810827
NewMedia14,0.6909767887219955,-0.8246170333866237,1.0,0.04163060517152206,0.5021749263165853
NewMedia14,0.6820620197964975,-0.8250631222548704,1.0,-0.01969909523340163,0.5466243267946349
NewMedia14,0.6774676403405551,-0.822337628072046,-1.0,-0.0046994935413355865,0.5042427743129609
NewMedia14,0.6773104566115227,-0.8205478324909099,1.0,-0.0161097331606882,0.4789032380577347
NewMedia14,0.6945069333887082,-0.8201262241093353,1.0,0.022058158359133495,0.4958071489125835
NewMedia14,0.6951169216215594,-0.8201663449069367,1.0,0.022340619443097953,0.49727031933601173
NewMedia14,0.6890170392930481,-0.8196468145786738,-1.0,0.017861207912690746,0.5434021791721235
NewMedia14,0.6826763341870286,-0.8220227818129024,1.0,0.054575207963998285,0.5401660343835719
NewMedia14,0.6991849518931266,-0.8241172234504022,1.0,0.03725488872356486,0.5213603752360272
NewMedia14,0.7129089661059966,-0.8019562628905063,-1.0,-0.016160500544804224,0.4732511824106016
NewMedia14,0.7272025910800395,-0.7818074623323512,1.0,-0.026693652591769368,0.44024026602080646
NewMedia14,0.7268103527837384,-0.7818033822512391,1.0,-0.01409037944569047,0.44651286269573287
NewMedia14,0.7135550056528461,-0.7848083619902364,-1.0,-0.026166535922649947,0.5444426351811305
NewMedia14,0.7022435453727418,-0.7856658590372777,1.0,-0.028076793769653774,0.5223952323786181
NewMedia14,0.7024555270990518,-0.7849668051400862,1.0,-0.08916507906074933,0.37779144315914204
NewMedia14,0.6553999100159202,-0.7891495682934176,1.0,-0.08997465681383354,0.3228255052627014
NewMedia14,0.6153440160586974,-0.8399975791518736,-1.0,-0.23314624112077098,0.06633583587109748
NewMedia14,0.6583344869753813,-0.7944427935227352,-1.0,-0.21042135578619914,0.2563231031157227
NewMedia14,0.6567049675826586,-0.794697798592236,1.0,-0.19990872672430215,0.23303928397963714
NewMedia14,0.6660840774324543,-0.7965739558902432,1.0,-0.20524686315624618,0.26913424262034447
NewMedia14,0.667948651392446,-0.796309430631481,1.0,-0.22111599132093773,0.1911243036993111
NewMedia14,0.6772758473500842,-0.7968486813517852,1.0,-0.22129961802944242,0.22051275351783772
NewMedia14,0.677914676634134,-0.7977095784664199,1.0,-0.20705234576369136,0.18795907788536437
NewMedia14,0.6967550933296418,-0.7988377208938914,1.0,-0.19809676317420366,0.1579799476599304
NewMedia14,0.6966108880736483,-0.7981107864424345,1.0,-0.22172141938044887,0.15619670870637758
NewMedia14,0.711381832445029,-0.7978537413323776,-1.0,-0.17382185238843006,0.16477790463357533
NewMedia14,0.7162718326757573,-0.7978734617244191,1.0,-0.17726053254445862,0.15944311808335865
NewMedia14,0.697484771924967,-0.7991280866663629,1.0,-0.2101604978444115,0.18753263089333183
NewMedia14,0.6967060635426039,-0.7968140006623332,1.0,-0.1943361961997373,0.1982395297698729
NewMedia14,0.6705717449989617,-0.7863832732994732,1.0,-0.19120536081973116,0.2470140545544215
NewMedia14,0.6704520546364874,-0.78534285261591,1.0,-0.15663979325792932,0.2806735063040904
NewMedia14,0.6827239219215062,-0.81928096730563,-1.0,-0.09747202730637172,0.3871042242980538
NewMedia14,0.6857132968782447,-0.8245299916562341,1.0,-0.07903104506550485,0.362634378626141
NewMedia14,0.6861560070141437,-0.8231196436185151,1.0,-0.11705473561129465,0.41660745087811235
NewMedia14,0.6771374103043306,-0.8079825426929488,1.0,-0.1634253402157344,0.2620834035135686
NewMedia14,0.6775008075494335,-0.8081029050857531,1.0,-0.17154758159574313,0.24672384664518265
NewMedia14,0.6738019427332087,-0.7956022165720654,-1.0,-0.13714619791448668,0.29422929504206397
NewMedia14,0.6687388961952885,-0.7839270644700417,1.0,-0.09647126174502085,0.30603730431378695
NewMedia14,0.6689306891857596,-0.7840481068763647,1.0,-0.07420274278893868,0.37040653835620074
NewMedia14,0.6752829307122585,-0.7862384304199967,1.0,-0.109240879085863,0.4413441758491965
NewMedia14,0.6775714681248703,-0.7905204755470538,-1.0,-0.07248475290731038,0.42960428611887047
NewMedia14,0.6826777762395884,-0.8227048353721271,1.0,-0.06506299341239186,0.45701913552569406
NewMedia14,0.6827642993931844,-0.8240274616659379,1.0,-0.09258971717436304,0.42694762400439346
NewMedia14,0.6994848988255924,-0.8218588985549032,1.0,-0.1186954942596401,0.45746237911697496
NewMedia14,0.7001294963198819,-0.8193231281437875,1.0,-0.11604424863596419,0.4382312061218008
NewMedia14,0.6988677003299417,-0.8160318627134308,-1.0,-0.1431734745818779,0.33959131074595095
NewMedia14,0.6970031263699499,-0.8078968609895965,1.0,-0.08476991978483273,0.3615621957074424
NewMedia14,0.7273756373872315,-0.7878956233649925,1.0,-0.06731404082723835,0.13431633875194748
NewMedia14,0.7257244872061097,-0.7859698250801226,1.0,-0.048183378272369626,0.30336851132207454
NewMedia14,0.7254807803234813,-0.7853197321562753,1.0,-0.026409571272141497,0.3711147949578477
NewMedia14,0.7374051129415564,-0.7843860735951431,1.0,-0.0027762738090254535,0.3341650760442705
NewMedia14,0.7387577582427725,-0.7833633332630653,1.0,-0.008794369140991631,0.31553858062204365
NewMedia14,0.7055775708913039,-0.7863275121909423,1.0,-0.07818312173505648,0.3599805159448719
NewMedia14,0.7061125723910386,-0.7847349205302201,1.0,-0.06524445980667892,0.28333296785177575
NewMedia14,0.7092129853948916,-0.7824568752426798,1.0,-0.0991084653262817,0.24803958025298511
NewMedia14,0.7086260700029994,-0.7830246865307682,1.0,-0.1197049010778618,0.24102420063351193
NewMedia14,0.6983817286172447,-0.8241614243291157,1.0,-0.09994990771407697,0.3820867068447542
NewMedia14,0.6972598117256177,-0.8232202856192781,1.0,-0.11482043063163538,0.36039203262646113
NewMedia14,0.6973939226136914,-0.8235718526084299,1.0,-0.0929548102771548,0.3285578113284664
NewMedia14,0.7002722595233151,-0.8112989686234963,1.0,-0.14707932268748491,0.2431256418283847
NewMedia14,0.6993392515170394,-0.8106141950101968,1.0,-0.16079083702724561,0.26573853013893145
NewMedia14,0.6990335363743336,-0.8099511818294948,1.0,-0.11273680756866089,0.3539626676918812
NewMedia14,0.695631734385455,-0.8300333410628203,1.0,-0.062433891009447295,0.4240194168687317
NewMedia14,0.6960225306291963,-0.8297599756283155,1.0,-0.04371206792027904,0.47879779274023004
NewMedia14,0.696259027249025,-0.8298633376831531,1.0,-0.026189219221935844,0.4928098890911221
NewMedia14,0.6879326157679795,-0.8203247880567865,1.0,-0.034676553704736435,0.4478491254803947
NewMedia14,0.6884560808472346,-0.8223063474501873,1.0,-0.02932275499471393,0.43127274831089224
NewMedia14,0.6883017812233219,-0.819178285264311,-1.0,-0.05142817022735968,0.4573746635431215
NewMedia14,0.6883709997461989,-0.817844098740683,1.0,-0.05488953368267424,0.4447249580201662
NewMedia14,0.6895852080016613,-0.8247877167798096,-1.0,-0.03559414716870579,0.48156176646101745
NewMedia14,0.6902716250201886,-0.8325011101220692,1.0,-0.02635016263115475,0.5275891141240272
NewMedia14,0.6912507787083824,-0.8381071415699743,1.0,-0.037159294819431476,0.5512135309670969
NewMedia14,0.6884647331625942,-0.8329111582738264,1.0,-0.023953834085167713,0.5232481263626825
NewMedia14,0.6884445444267551,-0.8326153523932056,1.0,-0.022044656395272644,0.5238602690908516
NewMedia14,0.6889622412957708,-0.8339032979975642,1.0,-0.021634736772463525,0.5478971357599134
NewMedia14,0.679707147966129,-0.8228721186977197,-1.0,-0.042691319452414445,0.522081695859312
NewMedia14,0.677975242841651,-0.821110203670849,1.0,-0.04526425368569875,0.5042502394681827
NewMedia14,0.6870255647077825,-0.81731436820964,1.0,-0.024768272545241832,0.4848548330581337
NewMedia14,0.6878994485591012,-0.8195482126184669,1.0,-0.04437474430655941,0.5037071494258132
NewMedia14,0.6877696638287074,-0.8196100938486657,1.0,-0.005297900579639303,0.48503306363904874
NewMedia14,0.6881244087584504,-0.8195216920912387,1.0,-0.0011144520970576277,0.4702669866107778
NewMedia14,0.6877393807249486,-0.8182548269059589,1.0,-0.03099861874909715,0.4686125215847967
NewMedia14,0.6818255231766688,-0.8094398116634558,-1.0,-0.053612247901457355,0.4790432097181392
NewMedia14,0.679496608292379,-0.8041098657041301,1.0,-0.06734158483351393,0.3699838239417794
NewMedia14,0.6812746590987748,-0.8053114495916178,1.0,-0.09316004012783674,0.37466260997689993
NewMedia14,0.6869996077617038,-0.8060132235428841,1.0,-0.08943025763097256,0.45634913784455766
NewMedia14,0.6874826953692807,-0.810812758957648,1.0,-0.0778860785301223,0.41976054581482414
NewMedia14,0.6915925451650862,-0.8061029853273483,-1.0,-0.06920701616050062,0.4688672700067327
NewMedia14,0.6910315867192729,-0.8065789947904165,1.0,-0.07739784751692147,0.45251764692708574
NewMedia14,0.6804743199280128,-0.8085306335889957,1.0,-0.05328225990470303,0.4689848462014725
NewMedia14,0.6789875637387233,-0.807306609255392,1.0,-0.05791397358745831,0.4190541555019829
NewMedia14,0.6790654345769593,-0.8069564022932776,1.0,-0.0847272535790331,0.4348345604959851
NewMedia14,0.6790207309476017,-0.8064933130870642,1.0,-0.05886559200035646,0.41594491835219793
NewMedia14,0.6823042846265661,-0.8064429920866827,-1.0,-0.10254876571797367,0.42241907421810687
NewMedia14,0.6892636302807966,-0.8033366903334038,1.0,-0.10322062343967942,0.39591590689271783
NewMedia14,0.6889564730855311,-0.8060934651380869,-1.0,-0.10019672361344967,0.36614486786908573
NewMedia14,0.6881085461802912,-0.8079261015708993,1.0,-0.11657838632629114,0.3783895887212705
NewMedia14,0.6882340047530051,-0.8075527741491502,1.0,-0.11596377693135473,0.36638561912498124
NewMedia14,0.6882714981195635,-0.8072114073627784,1.0,-0.09721873046434604,0.3774881712282654
NewMedia14,0.6884315659537161,-0.8068680005358506,1.0,-0.10194279757990798,0.34369154725140016
NewMedia14,0.6771676934080895,-0.8083796705878513,1.0,-0.11969896021376314,0.37143113091036173
NewMedia14,0.6762837151888512,-0.8077866987995721,1.0,-0.125704093660423,0.3010608452142056
NewMedia14,0.6768648623705036,-0.8071971270788864,1.0,-0.1200494711955854,0.31070302632726965
NewMedia14,0.6776060773863086,-0.8068442000626972,1.0,-0.11996305862687728,0.32579477075208185
NewMedia14,0.6792673219353498,-0.8063885910051891,1.0,-0.1270856146026439,0.3488770306971851
NewMedia14,0.6889708936111303,-0.8080049831390648,1.0,-0.13419574877165885,0.385637321297015
NewMedia14,0.6899961929812419,-0.8065334338846657,1.0,-0.1249728272977304,0.36373455587692005
NewMedia14,0.6889521469278514,-0.8102891485482732,-1.0,-0.14201338584697154,0.3016328627330589
NewMedia14,0.6890357859763274,-0.8092942887704607,1.0,-0.15484079159313713,0.3286875184004412
NewMedia14,0.6882440991209249,-0.8041173458528356,-1.0,-0.636597883162106,0.21157602957321253
NewMedia14,0.6153440160586974,-0.8399975791518736,-1.0,-0.636597883162106,0.21157602957321253
NewMedia14,0.6787654876444937,-0.8073038892013173,1.0,-0.09502547145482321,0.3370158321945085
NewMedia14,0.6793783599824648,-0.8075527741491502,1.0,-0.10035064600146093,0.3384668717407018
NewMedia14,0.6795917837613346,-0.8074534921754244,1.0,-0.106773260170692,0.36604128884038634
NewMedia14,0.6853051960037841,-0.8091861666209924,-1.0,-0.11919992762947362,0.37429308479343226
NewMedia14,0.6897496019934934,-0.809379970473813,1.0,-0.13561345497702648,0.31254598652259546
NewMedia14,0.6901057889757967,-0.8094241713525265,1.0,-0.17261963752627818,0.28050367402279974
NewMedia14,0.6892693984910361,-0.8068326398328799,-1.0,-0.20754489740532756,0.2409626131029341
NewMedia14,0.6893847626958307,-0.8062172275984847,1.0,-0.18606921376714247,0.23196710106093854
NewMedia14,0.6878403244041438,-0.8067333578591542,1.0,-0.1802136820800586,0.21429241292946233
NewMedia14,0.673608707690178,-0.8076187354604609,1.0,-0.16941049075588044,0.2829485123578648
NewMedia14,0.6736678318451352,-0.8077248175693733,1.0,-0.15148312322027246,0.3009973913948223
NewMedia14,0.6739548003045615,-0.807959422233314,1.0,-0.15022690050267817,0.3111042784204292
NewMedia14,0.6852273251655476,-0.8085476339269625,1.0,-0.13969590876993054,0.3187653939665682
NewMedia14,0.6860665997554278,-0.8089828425789105,1.0,-0.1676838596173813,0.29563740994573307
NewMedia14,0.6865857386770033,-0.8086822766036589,1.0,-0.1620065538532579,0.2893097577510473
NewMedia14,0.6872981126416096,-0.8085789145488212,1.0,-0.14718031737716253,0.2519951793760158
NewMedia14,0.6880393276574146,-0.8080974649776037,1.0,-0.1509279224663227,0.29395028486565744
NewMedia14,0.688535393738031,-0.8081817866539187,1.0,-0.1533820394176334,0.3246833957684703
NewMedia14,0.6888165939872175,-0.8080233435040689,1.0,-0.14679686160352023,0.35594000068119547
NewMedia14,0.6890141551879283,-0.8081450659239106,1.0,-0.1342746002406051,0.2831566035596662
NewMedia14,0.6749498165709145,-0.8074188114859724,1.0,-0.12872853356520697,0.3630039038096089
NewMedia14,0.6966801065965254,-0.7923286314931941,-1.0,-0.13945557381321116,0.3008658180340422
NewMedia14,0.7067816847788466,-0.7845621970964782,1.0,-0.13092557312461106,0.29922441702969893
NewMedia14,0.7062827345931106,-0.7840617071467381,1.0,-0.15188332142910188,0.3113282330770766
NewMedia14,0.6643911077270945,-0.7834061741147414,1.0,-0.14297796614517588,0.41090593857763613
NewMedia14,0.6655764749313584,-0.7832252905187755,1.0,-0.126606024846314,0.43608963971761194
NewMedia14,0.6782665374587573,-0.7871210879672288,1.0,-0.1248945159073388,0.421323562689341
NewMedia14,0.6805478646085692,-0.7872747710224479,1.0,-0.1350415117878896,0.34701634075820786
NewMedia14,0.7100392815117327,-0.7837427808064824,1.0,-0.14165801415815926,0.29957527932511296
NewMedia14,0.7080925105558247,-0.7848206022335724,1.0,-0.17641909015666335,0.2881283969372337
NewMedia14,0.6876168062573544,-0.8260477818299028,1.0,-0.1537806173907995,0.39238395532851134
NewMedia14,0.6871928428047347,-0.8266999147943062,1.0,-0.14677309814712558,0.3290355812626471
NewMedia14,0.6880364435522945,-0.8326840337585911,1.0,-0.1372471926041643,0.3237903765750896
NewMedia14,0.6881431554417297,-0.8330124802881081,1.0,-0.14323558361563693,0.3805946089448424
NewMedia14,0.6878994485591012,-0.8331430428836926,1.0,-0.14854401572708753,0.3661569987463207
NewMedia14,0.6875620082600771,-0.8252963668917738,1.0,-0.13513008467081533,0.3465236405135841
NewMedia14,0.689761138413973,-0.8282537456844642,-1.0,-0.12561714101316046,0.38309730223287497
NewMedia14,0.6889680095060104,-0.8264979507792615,1.0,-0.11500999820423885,0.36543847755624426
NewMedia14,0.6460828084262016,-0.7822277106868885,-1.0,-0.1454261422323877,0.3169065703163967
NewMedia14,0.6393282342354816,-0.7751950108768162,1.0,-0.12832347464938765,0.34837779844174244
NewMedia14,0.6400954061973652,-0.7751548900792148,1.0,-0.08351423714579276,0.3731107908352156
NewMedia14,0.6404414988117486,-0.7748978449691579,1.0,-0.08468134690190698,0.4121946109977601
NewMedia14,0.6485357398306453,-0.7785603977807078,1.0,-0.0816666284111025,0.4160484973808969
NewMedia14,0.6448022657529824,-0.7817428610480777,-1.0,-0.09137886105534054,0.4455703868490095
NewMedia14,0.6429102927943517,-0.7857155000241405,1.0,-0.10996782482012013,0.4089108758446707
NewMedia14,0.6739966198287994,-0.7834041340741854,1.0,-0.1518168917669076,0.4054143837677666
NewMedia14,0.673395283911308,-0.7839964258489459,1.0,-0.16417010854228753,0.39716445410352597
NewMedia14,0.6796581181790915,-0.7872836111981907,1.0,-0.18686312924214843,0.37847170542870767
NewMedia14,0.6801988878890659,-0.7859827453369773,1.0,-0.17813653995973722,0.3594056989928107
NewMedia14,0.6672622343739185,-0.7831443689100539,1.0,-0.19127125040337112,0.29689155602295725
NewMedia14,0.6671194711704853,-0.7830008860576149,1.0,-0.200280300769747,0.34201095418214345
NewMedia14,0.6841876052698368,-0.8206001935318474,-1.0,-0.12423075936394956,0.4459147171336044
NewMedia14,0.6852071364297085,-0.8180188622149809,1.0,-0.11843625655351575,0.3980350778312418
NewMedia14,0.6851696430631502,-0.8180195422284995,1.0,-0.11816513711919396,0.42760735709709974
NewMedia14,0.6852143466925082,-0.8180725832829556,1.0,-0.09057576424490954,0.44815986256649243
NewMedia14,0.702829018712074,-0.8240206615307513,1.0,-0.11902116162795884,0.4414113622461908
NewMedia14,0.7025535866731272,-0.8231210036455525,1.0,-0.08904356138600356,0.4569444839734782
NewMedia14,0.7033683463694884,-0.8375957714039355,1.0,-0.18448732368122944,0.459854961365489
NewMedia14,0.7041960845388893,-0.8405762706562606,1.0,-0.1743835340850326,0.4341039084286735
NewMedia14,0.7026256893011236,-0.8096179752053471,-1.0,-0.7111557276005795,-0.31956416557527645
NewMedia14,0.6153440160586974,-0.8399975791518736,-1.0,-0.7111557276005795,-0.31956416557527645
NewMedia14,0.7391197134353154,-0.7814783357893155,1.0,-0.07830950011679194,0.3734093970440786
NewMedia14,0.7395249302046563,-0.7814490952080128,1.0,-0.05261040218299751,0.3822593385592532
NewMedia14,0.7336528921806142,-0.7837550210498185,1.0,-0.054230097767720475,0.325677194557342
NewMedia14,0.7335678110795782,-0.7839243444159669,1.0,-0.0811254696995678,0.3246516688587784
NewMedia14,0.734146074156111,-0.783608138129786,1.0,-0.08614063915596537,0.28499769746618653
NewMedia14,0.7388832168154866,-0.7853877335081422,1.0,-0.11601130384414415,0.2475655428964152
NewMedia14,0.7387534320850928,-0.7853380925212794,1.0,-0.12832671512071436,0.2110282738088296
NewMedia14,0.6893011236473547,-0.8176863356043518,1.0,-0.13927842804735957,0.31030270737851295
NewMedia14,0.689846219515009,-0.8170974438971846,1.0,-0.15406091816054657,0.2855967761727176
NewMedia14,0.6914771809602918,-0.8184635910561902,-1.0,-0.14792832617504226,0.30060920332330077
NewMedia14,0.6987725248609862,-0.8203023476106706,1.0,-0.15558069921270046,0.33968649147502616
NewMedia14,0.6994099120924759,-0.8204784711120057,1.0,-0.15475491910298367,0.32344604629049467
NewMedia14,0.6951385524099583,-0.8274295692998377,1.0,-0.11607179264223977,0.3633715627042713
NewMedia14,0.6945199118617476,-0.8226674346286005,-1.0,-0.10383307252039808,0.38678415576792924
NewMedia14,0.6948227428993332,-0.8219364200960315,1.0,-0.07565501402178954,0.3906744347827711
NewMedia14,0.6810496988994257,-0.8261715442903005,1.0,-0.06687225656971807,0.430255620911953
NewMedia14,0.6812097667335779,-0.8263041469264409,1.0,-0.05431380994365631,0.4608002366454207
NewMedia14,0.6771316420940912,-0.8087339576310777,1.0,-0.13766521340528992,0.3013463874014308
NewMedia14,0.6770595394660945,-0.8074983730676566,1.0,-0.12842014871063012,0.3516652661724424
NewMedia14,0.6771907662490482,-0.8078179794214309,1.0,-0.12652447298459568,0.3465563005676786
NewMedia14,0.6849043053921229,-0.8077574582182694,1.0,-0.07910989653445089,0.4137688256051093
NewMedia14,0.6933619436561222,-0.8039922233654004,-1.0,-0.05363763159351542,0.41989305232000684
NewMedia14,0.7358938418587482,-0.7842908717025294,1.0,-0.026039617462359832,0.41435577343440544
NewMedia14,0.736084192796659,-0.7841868296341732,1.0,-0.025162529889972474,0.42323370928166093
NewMedia14,0.7352694331002978,-0.7837033400223996,1.0,-0.02888421120852036,0.4562894166027853
NewMedia14,0.7337552779123695,-0.781019326664214,1.0,-0.03264045755455136,0.4245419777342414
NewMedia14,0.6906826099997692,-0.8102619480075264,-1.0,-0.07061716126610629,0.4524476610968835
NewMedia14,0.690940737407997,-0.810036863532847,1.0,-0.09185196986901734,0.4213254289781463
NewMedia14,0.6904965852195382,-0.8102959486834598,1.0,-0.10448224694281782,0.34604120485739
NewMedia14,0.6901303038693156,-0.8104652720496084,1.0,-0.11834822374914433,0.3239658077227965
NewMedia14,0.6920006460395469,-0.8131288850022338,-1.0,-0.03289753494645786,0.4511244623338597
NewMedia14,0.6958797674257631,-0.8261225833169563,1.0,-0.056970456352876564,0.49311596045520667
NewMedia14,0.6961624097275096,-0.8259104190991317,1.0,-0.026354483259590222,0.5227974176161803
NewMedia14,0.6966930850695647,-0.8259369396263597,1.0,-0.0222925524517541,0.5043790133957546
NewMedia14,0.7012514132115086,-0.8241260636261449,1.0,-0.009655254356746301,0.4739221132361402
NewMedia14,0.6998915576474931,-0.8301462233069193,-1.0,-0.009001219227336765,0.5340595374123256
NewMedia14,0.7005577859301817,-0.8324854698111399,1.0,0.00023844468177891542,0.6272134768447215
NewMedia14,0.699940587434531,-0.8297110146549713,-1.0,0.024956759960736097,0.6005824687361634
NewMedia14,0.7004308853049077,-0.8299973003463309,1.0,-0.00036104251363366924,0.6209119526933116
NewMedia14,0.7023343946840175,-0.832977799598656,1.0,-0.0004031686408788593,0.5753101188779313
NewMedia14,0.6997300477607806,-0.8271351234462541,-1.0,-0.018018370772028836,0.5569887616753864
NewMedia14,0.6987624304930666,-0.8281578637783319,1.0,-0.11485985636610851,0.4772347758657134
NewMedia14,0.7019479245979556,-0.8287712359721711,1.0,-0.1748906678476384,0.4087942327943337
NewMedia14,0.701477815463418,-0.827500970719298,1.0,-0.17729023686495204,0.4397475657761827
NewMedia14,0.7021930735331441,-0.8219092195552847,1.0,-0.18842557650010194,0.3494247864615678
NewMedia14,0.704519104312314,-0.8296001724514284,1.0,-0.13781967587185562,0.5189799238647486
NewMedia14,0.7039307468678617,-0.8330832016940497,1.0,-0.16021565336678223,0.5461913477917839
NewMedia14,0.7311336263584136,-0.8018501807815939,-1.0,-0.3631420690139381,-0.031977458963808436
NewMedia14,0.7284470824392606,-0.7989778036787372,1.0,-0.29654930309613536,0.04563589358607856
NewMedia14,0.7293570176045776,-0.7928937227272078,1.0,-0.23960342031748527,0.05532753135248569
NewMedia14,0.7002203456311575,-0.7917104992047241,1.0,-0.29043777417425365,0.11517568076383466
NewMedia14,0.7029890865462265,-0.8245293116427155,-1.0,-0.07124257223213115,0.5199615917763853
NewMedia14,0.7001309383724419,-0.8266842744833767,1.0,-0.0025877863935309664,0.4932447343827788
NewMedia14,0.6955827045984171,-0.8204567106794083,1.0,-0.022579334164154252,0.44076002745310827
NewMedia14,0.6879095429270206,-0.8184357105019248,1.0,-0.018960267770947392,0.46317135657267294
NewMedia14,0.6883335063796405,-0.8185846334625132,1.0,-0.02382961601764977,0.4445560588832782
NewMedia14,0.6887704483052999,-0.8234875309321149,1.0,-0.04752664275018803,0.5533802922701585
NewMedia14,0.6885252993701114,-0.8274016887455722,-1.0,-0.010617674340733019,0.5220415706499959
NewMedia14,0.6893443852241525,-0.8095193732451401,1.0,-0.07958732597656337,0.41237097528986966
NewMedia14,0.6888223621974574,-0.8075412139193328,1.0,-0.05376671036802305,0.4382554678762707
NewMedia14,0.6893645739599916,-0.8064769927626161,1.0,-0.07355842907350874,0.4540703992131727
NewMedia14,0.6886175907339471,-0.8070250836586631,1.0,-0.05677440783762011,0.479787858951491
NewMedia14,0.6882960130130822,-0.8071767266733263,1.0,-0.1019184940449589,0.43130167578737555
NewMedia14,0.6886248009967468,-0.8121027446025627,1.0,-0.07817394039963121,0.4360364504866583
NewMedia14,0.6879282896102996,-0.8117661379108216,1.0,-0.07346661571925639,0.44556945370460666
NewMedia14,0.676752382270829,-0.806873440644,1.0,-0.12523098484674589,0.43627346916494325
NewMedia14,0.7332765164624719,-0.7845227563123955,1.0,-0.05962494244787908,0.39646552894590625
NewMedia14,0.733404859140306,-0.7831450489235726,1.0,-0.06660383752816856,0.3826251311651103
NewMedia14,0.7337336471239704,-0.7825615973245548,1.0,-0.06035890920334375,0.37388623383385666
NewMedia14,0.7333976488775062,-0.7822848318224567,1.0,-0.06369011372704159,0.4104319012210662
NewMedia14,0.7270771325073258,-0.7844370746090432,1.0,-0.06188193072682424,0.3414930590386469
NewMedia14,0.7257302554163494,-0.7844758353796073,1.0,-0.0814603184033118,0.2877663369089871
NewMedia14,0.7041470547518516,-0.8151811658015762,-1.0,-0.11273734764721532,0.3442187738389235
NewMedia14,0.6982980895687687,-0.8240492220985354,1.0,-0.1121583834368709,0.40734226010373775
NewMedia14,0.6987725248609862,-0.8238601783403454,1.0,-0.09655011321396689,0.3770794539798843
NewMedia14,0.6788721995339286,-0.8140550634146607,1.0,-0.10608682032801675,0.3146203665297902
NewMedia14,0.6789558385824046,-0.8151750456799081,1.0,-0.08788131233687946,0.3932181864245219
NewMedia14,0.6778887196880552,-0.8330016000718095,1.0,-0.07286820868095267,0.41879847393564384
NewMedia14,0.6778425740061376,-0.8318952180769353,1.0,-0.048075902640039025,0.46200865864691276
NewMedia14,0.733975911954039,-0.7837788215229718,1.0,-0.06678584400101006,0.3560137190890087
NewMedia14,0.7333543873007085,-0.7844867155959061,1.0,-0.051930983361530014,0.38132619415655644
NewMedia14,0.7328511109572922,-0.784681879475764,1.0,-0.05072552802805175,0.40731799834926763
NewMedia14,0.6844543849934244,-0.8094037709469664,1.0,-0.07965915642430199,0.3947354792233069
NewMedia14,0.683975623543527,-0.8099593419917188,1.0,-0.0927776645113032,0.3696003015922711
NewMedia14,0.6791865669919936,-0.8087101571579243,-1.0,-0.10480521391836439,0.394045885509714
NewMedia14,0.678145405043723,-0.809295648797498,1.0,-0.12097516583787127,0.3237259896113036
NewMedia14,0.6822768856279273,-0.785759700902854,-1.0,-0.11949589067729904,0.41446868390713165
NewMedia14,0.6800835236842713,-0.7863560727587264,1.0,-0.13996918851846996,0.4046529379351662
NewMedia14,0.6803820285641771,-0.7866688789773141,1.0,-0.11857019603501329,0.41450880911644794
NewMedia14,0.6419801688931959,-0.7792023305423312,1.0,-0.07909531441348161,0.4572944131244894
NewMedia14,0.6420392930481529,-0.779787822181905,1.0,-0.064298242179325,0.4877858396270036
NewMedia14,0.642146004937588,-0.7801801899821769,1.0,-0.04067952683717857,0.5059550942919091
NewMedia14,0.6425757366004476,-0.78032163279406,1.0,-0.08156617379997921,0.44988804600028676
NewMedia14,0.6485184351999262,-0.7787372012955618,1.0,-0.12167780803717898,0.4314276502817398
NewMedia14,0.714886020165663,-0.7825391568784388,1.0,-0.13650026396339354,0.3576448555049223
NewMedia14,0.7144490782400037,-0.7832749315056383,1.0,-0.15590582650246487,0.33415201202263245
NewMedia14,0.6961782723056689,-0.7871027276022248,1.0,-0.18951599510148753,0.3371502049884969
NewMedia14,0.7178883735954409,-0.7831634092885766,-1.0,-0.14219863279113953,0.21525728424185053
NewMedia14,0.7338302646454857,-0.7836373787110887,1.0,-0.13534611609258573,0.23817531077207899
NewMedia14,0.7330573244733625,-0.7836543790490555,1.0,-0.12597359285908138,0.3008938123661229
NewMedia14,0.7254548233774025,-0.7840943477956341,1.0,-0.11639800008911305,0.35425194245671765
NewMedia14,0.7260532751897741,-0.7852925316155286,1.0,-0.09618556018972968,0.3462492960591914
NewMedia14,0.726330149281281,-0.7846621590837226,1.0,-0.06674047740243827,0.3952123160130847
NewMedia14,0.7262984241249626,-0.7845281964205448,1.0,-0.05238356919013876,0.4064240460114843
NewMedia14,0.7263157287556816,-0.7838509029559507,1.0,-0.048799607902969555,0.3705437105833973
NewMedia14,0.7261729655522484,-0.7839658252406058,1.0,-0.04431803605834472,0.42130676609009243
NewMedia14,0.6153440160586974,-0.8399975791518736,-1.0,-0.24882364139864155,-0.4601321052530897
NewMedia14,0.6682731132184305,-0.783852262982988,-1.0,-0.053385414908598494,0.44071616966618166
NewMedia14,0.6692479407489442,-0.7849423246534141,1.0,-0.06046098405013012,0.4240838038325174
NewMedia14,0.6695190466302117,-0.7845621970964782,1.0,-0.07023316541390945,0.3965943028734784
NewMedia14,0.669191700699107,-0.784367713230139,1.0,-0.05812298398802118,0.4800519388174542
NewMedia14,0.7275587780623427,-0.7836366986975701,1.0,-0.06341305342862114,0.4283818669513382
NewMedia14,0.7282379848180709,-0.7841535089717584,1.0,-0.08246270420032598,0.38411629592061947
NewMedia14,0.727916407097206,-0.7836421388057194,1.0,-0.10015513756475891,0.35099993421331965
NewMedia14,0.7235642924713321,-0.7844112340953338,-1.0,-0.11801607543817261,0.32109732182890705
NewMedia14,0.6962027871991878,-0.815789097887266,-1.0,-0.08833065769416171,0.4136409848219398
NewMedia14,0.6851855056413096,-0.828416268915426,1.0,-0.06419022646843997,0.4227036832609292
NewMedia14,0.6853426893703423,-0.824914199294282,1.0,-0.07795142803520783,0.4430919553154473
NewMedia14,0.675571341224245,-0.8352096039669269,1.0,-0.08464462156020591,0.3947616072665825
NewMedia14,0.6749844258323527,-0.8355978916860867,1.0,-0.10704870023344903,0.4290611960765012
NewMedia6,0.6745763249578922,-0.8340569810527834,1.0,-0.1113374640341438,0.42055185226831093
NewMedia6,0.6746671742691677,-0.8340318205525926,1.0,-0.11551929228106228,0.40322895957665095
NewMedia6,0.6752108280842621,-0.8307296749059372,1.0,-0.09900260992961418,0.4274683185810979
NewMedia6,0.674850314944279,-0.8315994121963145,1.0,-0.07534284861733143,0.44806934755943084
NewMedia6,0.6384817493828017,-0.8285413914028611,1.0,-0.10171110388005944,0.23485051726527129
NewMedia6,0.639000888304377,-0.837646092404317,1.0,-0.10566123842712927,0.2315985090218735
NewMedia6,0.639969947624651,-0.8371850432386596,1.0,-0.14454419395301055,0.19500711755893185
NewMedia6,0.6402756627673567,-0.8366974735457741,1.0,-0.1505558083423234,0.19962804864108508
NewMedia6,0.6520428116563994,-0.8379588986229046,1.0,-0.16405129126031393,0.23981951120963063
NewMedia6,0.6517169077778548,-0.8352068839128521,-1.0,-0.23442946776608664,0.20364336900588875
NewMedia6,0.647844996654438,-0.8391285218750149,1.0,-0.25460194185244256,0.1892038925185615
NewMedia6,0.6575240534366997,-0.8400927810444871,1.0,-0.2580179387091853,0.3254177804133924
NewMedia6,0.6585623312798505,-0.8387232338178883,1.0,-0.16694881270480788,0.19426526775878794
NewMedia6,0.6553926997531208,-0.8368912773985947,-1.0,-0.16201681534579204,0.18006934196056457
NewMedia6,0.6592199072471794,-0.836227584204374,1.0,-0.26675316924846715,0.3186384863278018
NewMedia6,0.6632792852033871,-0.8401315418150512,1.0,-0.27340261641055685,0.32050664142200014
NewMedia6,0.6738206894164878,-0.8416472919481639,-1.0,-0.2586546913248532,0.36272396048879973
NewMedia6,0.6769384070510602,-0.8399118974485213,1.0,-0.24917037183058277,0.3456763453959355
NewMedia6,0.6704477284788077,-0.8392978452411635,-1.0,-0.2493221339043764,0.32827786800765746
NewMedia6,0.6692306361182252,-0.8381533824892439,1.0,-0.24595636435319523,0.2324803304824219
NewMedia6,0.6767148889042709,-0.8397364539607047,1.0,-0.24710619159556768,0.29582310568186965
NewMedia6,0.6762952516093308,-0.840329425748984,1.0,-0.24679510634821833,0.28176061953323184
NewMedia6,0.6758828245771902,-0.8398962571375919,1.0,-0.22908160992016302,0.33948866486165463
NewMedia6,0.6754804919129693,-0.8399724186516828,1.0,-0.21251145979182673,0.3117892064120087
NewMedia6,0.6701564338617014,-0.8388884771029248,-1.0,-0.21243692895131594,0.13348770652235276
NewMedia6,0.6377722595233153,-0.8367205940054088,1.0,-0.21279932166133564,0.13607624909543325
NewMedia6,0.6378126369949932,-0.8355244502260705,1.0,-0.21586642777191944,0.16320182373742087
NewMedia6,0.6371766918160635,-0.8351613230071013,1.0,-0.22325848294634465,0.12201096351358753
NewMedia6,0.634224810225883,-0.836346586570141,1.0,-0.233619349934448,0.1321841037917859
NewMedia6,0.642758877275559,-0.8349811194246541,1.0,-0.2302287367697632,0.1485514566150843
NewMedia6,0.6436558339678364,-0.8357808153226086,1.0,-0.21817148304220857,0.17103837043126702
NewMedia6,0.6513664890057913,-0.8357787752820526,1.0,-0.22084487188661583,0.1713612383945997
NewMedia6,0.6554633603285571,-0.837855536568067,-1.0,-0.20945083462389602,0.2164713051097591
NewMedia6,0.6591002168847051,-0.8397398540282981,1.0,-0.19743030623804247,0.20412953723969363
NewMedia6,0.6613426086153988,-0.8386559124795401,1.0,-0.21710860844709867,0.1880290637155666
NewMedia6,0.6662960591587641,-0.8381139417051611,1.0,-0.2220632891054004,0.1580984569990731
NewMedia6,0.6153440160586974,-0.8399975791518736,-1.0,-0.6423502598452946,0.006123760142696444
NewMedia6,0.6733001084423524,-0.8411148413630463,1.0,-0.23428040608506506,0.14677474967234994
NewMedia6,0.675060854618029,-0.8392835649572714,1.0,-0.24325111087407658,0.12834421457468914
NewMedia6,0.6769759004176186,-0.8357440945926005,1.0,-0.2529055551129912,0.3363393025025534
NewMedia6,0.628951224014213,-0.8238404579483041,1.0,-0.16064555589610519,0.07575312918311128
NewMedia6,0.6299765233843244,-0.8231679245783406,1.0,-0.27056450360704964,0.04914358339581537
NewMedia6,0.6423248194550195,-0.8301747838747034,-1.0,-0.29633597206713713,0.08052429651409909
NewMedia6,0.6420248725225537,-0.8314124084786805,1.0,-0.27758120418614896,0.09152140329987857
NewMedia6,0.642800696799797,-0.8310710416923088,1.0,-0.28478801241640606,0.10331168282795034
NewMedia6,0.6488068457119125,-0.830459029525507,-1.0,-0.26174178034195084,0.2884204711352776
NewMedia6,0.6565607623266652,-0.833291965844281,1.0,-0.21194977809522397,0.24862092921586498
NewMedia6,0.6549788306684203,-0.8332423248574181,1.0,-0.19178810557995662,0.2606276982453619
NewMedia6,0.6504781846288732,-0.8315511312364889,1.0,-0.16949258269615308,0.19688273780835197
NewMedia6,0.6540400544519047,-0.8308112765281774,1.0,-0.15083826942628809,0.3110473566118648
NewMedia6,0.6662542396345261,-0.8316021322503891,1.0,-0.14885456089588223,0.34824622508096215
NewMedia6,0.6662744283703652,-0.8318986181445287,1.0,-0.16708113195064234,0.3539281413489819
NewMedia6,0.665834602339586,-0.8318020562248778,1.0,-0.13295194786081643,0.3099985023032339
NewMedia6,0.6651640478992178,-0.8316592533859573,1.0,-0.10674139553598072,0.3177743946109046
NewMedia6,0.6719806303500149,-0.8326235125554295,1.0,-0.10097551688893158,0.34957688899920747
NewMedia6,0.6717657645185853,-0.8332654453170529,1.0,-0.08556329518128425,0.3622695191646865
NewMedia6,0.6424488359751737,-0.8288834382027515,-1.0,-0.21265944131573933,0.20519145556996254
NewMedia6,0.6408769986848479,-0.8305413111612658,1.0,-0.21565201658581246,0.32831426063936275
NewMedia6,0.6403246925543944,-0.8298048565205476,1.0,-0.10564935669893194,0.35230633637709485
NewMedia6,0.6400478184628873,-0.825051562025053,1.0,-0.14328419068553522,0.3825747413673646
NewMedia6,0.649428370365243,-0.8278389374380762,1.0,-0.1376257876708168,0.38832291088797555
NewMedia6,0.6504839528391131,-0.8280055407501501,1.0,-0.09256379340375065,0.33593338468738065
NewMedia6,0.6574807918599017,-0.8263918686703492,1.0,-0.13918013375045413,0.3409863616279827
NewMedia6,0.6600534136268199,-0.8256764944487096,1.0,-0.13141596445202963,0.35258068083148797
NewMedia6,0.6657841304999885,-0.8245000710614128,1.0,-0.1271585252074915,0.3343003819826613
NewMedia6,0.6659917860686186,-0.825938299653397,1.0,-0.13794389393937356,0.3689844262864914
NewMedia6,0.6717023142059482,-0.8264034289001665,1.0,-0.14611906301771604,0.34257084082376155
NewMedia6,0.6722113587596039,-0.8274275292592816,1.0,-0.16472206882491058,0.2378141838882355
NewMedia6,0.6659917860686186,-0.8269630800260309,1.0,-0.1595897023222027,0.21711984046963306
NewMedia6,0.6661893472693292,-0.8268943986606454,1.0,-0.1884558208991498,0.2647400656280461
NewMedia6,0.6651164601647401,-0.8246768745762666,1.0,-0.18052854787728878,0.280280652510555
NewMedia6,0.6714268821670011,-0.8277342153562013,-1.0,-0.19081110347500052,0.34249338983833755
NewMedia6,0.6758280265799128,-0.8298007764394356,1.0,-0.17749384647997057,0.32492321387996315
NewMedia6,0.6879455942410191,-0.8250563221196837,1.0,-0.17587091042392122,0.3209881439337916
NewMedia6,0.6882686140144434,-0.8269467597015828,1.0,-0.1685566265613334,0.30306430624679526
NewMedia6,0.6893400590664729,-0.8267182751593102,1.0,-0.18678103730187556,0.30691819262993225
NewMedia6,0.6964335156087769,-0.8293070866248821,1.0,-0.14128698019126884,0.3070917574888339
NewMedia6,0.686973650815625,-0.8278198970595536,-1.0,-0.13805893067146613,0.31152046082403206
NewMedia6,0.6844111234166261,-0.8245177514128981,1.0,-0.4983620767640654,-0.3397368812727716
NewMedia6,0.6153440160586974,-0.8399975791518736,-1.0,-0.4983620767640654,-0.3397368812727716
NewMedia6,0.6885642347892296,-0.8275363314222687,1.0,-0.1631066938686232,0.2993298623472036
NewMedia6,0.6877595694607876,-0.8284013086180153,1.0,-0.1462697449344007,0.2673491373779857
NewMedia6,0.6708024734085507,-0.8301958642937821,1.0,-0.11329254840116498,0.31305828279967574
NewMedia6,0.6710952100782168,-0.8311608034767731,1.0,-0.11821536442475555,0.35903057494292656
NewMedia6,0.6711774070741332,-0.8304760298634737,1.0,-0.12191814299389858,0.3494565133712595
NewMedia6,0.6516332687293787,-0.8257954968144767,-1.0,-0.13154450314798294,0.32042639100336845
NewMedia6,0.634167128123486,-0.820130984203966,1.0,-0.15614130075219446,0.30330599064709385
NewMedia6,0.6414004637641033,-0.8164432708922253,-1.0,-0.15174668155483217,0.2933325432710725
NewMedia6,0.6472898064188644,-0.8235052112836003,-1.0,-0.1817151004613622,0.2863442248392778
NewMedia6,0.6488962529706284,-0.8205389923151672,1.0,-0.17321372393614665,0.3007249132292349
NewMedia6,0.648883274497589,-0.8207062756407597,1.0,-0.15303368875002876,0.37552576854939446
NewMedia6,0.6551778339216907,-0.8224661506270745,1.0,-0.16222042496081046,0.3529427408597341
NewMedia6,0.6576293232735746,-0.823711255379757,1.0,-0.16880938332480466,0.3018166921803902
NewMedia6,0.6663508571560415,-0.8264938706981495,1.0,-0.1622128638610486,0.3360584260373418
NewMedia6,0.6656788606631134,-0.8257526559628006,1.0,-0.15797162697314326,0.33575422096206253
NewMedia6,0.6755670150665651,-0.824253226154136,1.0,-0.15048073742325818,0.3792266192504894
NewMedia6,0.676054428831822,-0.823195805132606,1.0,-0.13935511920208798,0.36402569693056175
NewMedia6,0.6721536766572069,-0.8255214513664532,1.0,-0.1440948485957282,0.38578102553503024
NewMedia6,0.6720974366073695,-0.8255615721640546,1.0,-0.13392786980866367,0.41795677768441153
NewMedia6,0.6700800050760249,-0.8255241714205278,1.0,-0.12186251490279265,0.40305352842894404
NewMedia6,0.6869462518169862,-0.8258226973552234,1.0,-0.12037891911378518,0.38987379688525725
NewMedia6,0.6877768740915069,-0.8248523180640831,1.0,-0.13652294726267933,0.3951236672948286
NewMedia6,0.6861978265383817,-0.8254922107851504,1.0,-0.14175036759096615,0.36317373609089953
NewMedia6,0.6874423178976026,-0.8255370916773825,1.0,-0.132096463430606,0.38008044637895666
NewMedia6,0.688747375464341,-0.8254371296901383,1.0,-0.1564037789296454,0.36767522468950786
NewMedia6,0.6901202095013959,-0.8257954968144767,1.0,-0.15305691212786898,0.3192254341570979
NewMedia6,0.6857565584550425,-0.826562552063535,1.0,-0.17612798781582795,0.2852375155776794
NewMedia6,0.6864674903670889,-0.825283446634919,1.0,-0.18696898463881584,0.26042707219878225
NewMedia6,0.6861560070141437,-0.8256968948542697,1.0,-0.19266033244535408,0.32524328241008815
NewMedia6,0.6870544057589811,-0.8281313432511038,1.0,-0.18899751968923884,0.3156710871272266
NewMedia6,0.6851148450658728,-0.8271650440410756,1.0,-0.1804264730305024,0.3435114503816794
NewMedia6,0.6851119609607532,-0.826102862924915,1.0,-0.16784966373359,0.32017630830344546
NewMedia6,0.6862035947486214,-0.8249774405515181,1.0,-0.1695563119655754,0.31327663858990684
NewMedia6,0.6869967236565837,-0.8256499739214815,1.0,-0.2070140001863271,0.28331803754133245
NewMedia6,0.6892391153872777,-0.8280307012503408,1.0,-0.18905908864444343,0.29319910362148693
NewMedia6,0.6885916337878684,-0.8279654199525487,1.0,-0.18864484839319884,0.3143441557865918
NewMedia6,0.6875620082600771,-0.8276539737609984,1.0,-0.157188513069226,0.29402773585108144
NewMedia6,0.6849302623382016,-0.8247598362255442,1.0,-0.13777971005882805,0.3225772888515839
NewMedia6,0.6846980918760528,-0.8252100051749028,1.0,-0.1565857854024869,0.31941019674883186
NewMedia6,0.6858834590803167,-0.8255064910690424,1.0,-0.1535316411772092,0.34618117651779445
NewMedia6,0.6871668858586559,-0.8258553380041196,1.0,-0.14281864297162017,0.33314981493413653
NewMedia6,0.7013840820470225,-0.8264483097923987,1.0,-0.15917600214951266,0.345583030955666
NewMedia6,0.7053987563738724,-0.8173402087233494,-1.0,-0.37115791491872496,-0.19423167456029078
NewMedia6,0.6153440160586974,-0.8399975791518736,-1.0,-0.37115791491872496,-0.19423167456029078
NewMedia6,0.7037937518746684,-0.825581292556096,1.0,-0.16751049440141064,0.22296972273013815
NewMedia6,0.6930201771994187,-0.8230754427398017,1.0,-0.10822877187486935,0.3104333475948906
NewMedia6,0.6397132622689834,-0.8178651791597616,1.0,-0.1435634112981733,0.2968010410158959
NewMedia6,0.6410471608869202,-0.8188532388023874,1.0,-0.14968034100559924,0.2709538742056026
NewMedia6,0.6413081724002676,-0.8182459867302162,1.0,-0.19459813429863382,0.18539106448914344
NewMedia6,0.6499229943932996,-0.8193537287521275,1.0,-0.19998055717204077,0.17839528090212697
NewMedia6,0.6527595117786855,-0.8220071415019731,1.0,-0.2030919497240875,0.19048509978346395
NewMedia6,0.6510232804965275,-0.8189872014655651,1.0,-0.19589594306491886,0.20558524250790056
NewMedia6,0.6522547933827092,-0.8206695549107517,1.0,-0.1959294279352931,0.21232441138417513
NewMedia6,0.6604643986064003,-0.8229673205903334,1.0,-0.2381489887704168,0.2141225806481717
NewMedia6,0.6612070556747653,-0.8219527404204796,1.0,-0.206625683705695,0.24370699079126457
NewMedia6,0.669428197318936,-0.8219575005151103,1.0,-0.22005527704004557,0.23050766321512128
NewMedia6,0.67039725663921,-0.8217011354185721,1.0,-0.188694535620206,0.21641438330119445
NewMedia6,0.6710259915553403,-0.8220193817453091,1.0,-0.19689508839060643,0.1908518255337237
NewMedia6,0.6770220460995362,-0.8209708008995219,1.0,-0.18047886065028163,0.2048125989424674
NewMedia6,0.6832517131584412,-0.8225103515057879,-1.0,-0.19996975560095231,0.20091858735001478
NewMedia6,0.6844039131538266,-0.8215052915251955,1.0,-0.2011287641787498,0.26209646753520666
NewMedia6,0.6858993216584757,-0.8206083536940714,1.0,-0.2004623072425885,0.23339481199706436
NewMedia6,0.697719826492236,-0.8184751512860076,1.0,-0.21464747047458066,0.14425525978506903
NewMedia6,0.6975900417618421,-0.8197753371337022,1.0,-0.19503721816338182,0.2537252290986154
NewMedia6,0.6930879536697354,-0.821112243711405,1.0,-0.17957854970005382,0.25068597777903245
NewMedia6,0.6931903394014907,-0.8204111497736575,1.0,-0.17934253537176992,0.24620688464608875
NewMedia6,0.6933879006022012,-0.8206899553163116,1.0,-0.18065492625902446,0.240965412536142
NewMedia6,0.7056179483629819,-0.8198691789992785,-1.0,-0.22353284285199293,0.21917369129996822
NewMedia6,0.7090529175607392,-0.8189055998433249,1.0,-0.20153598340878687,0.2357379375922357
NewMedia6,0.7082367158118181,-0.8185785133408452,1.0,-0.19517871874464143,0.23748291762527818
NewMedia6,0.7043720149512009,-0.8181732252837186,1.0,-0.21670516976694276,0.21775064608585604
NewMedia6,0.7013581251009438,-0.8155504131422133,-1.0,-0.5703367254767205,0.012318905832199523
NewMedia6,0.6461505848965183,-0.8141312249287516,-1.0,-0.153206513887445,0.23244673728392473
NewMedia6,0.6382841881820909,-0.8129629617036787,1.0,-0.15586208013955638,0.23760609268643407
NewMedia6,0.6398358367365775,-0.8133437692741332,1.0,-0.16959897817137504,0.2665662292241231
NewMedia6,0.645756904547657,-0.8162365467825501,1.0,-0.18370907048430196,0.23601788091304465
NewMedia6,0.6519216792413651,-0.8158890598745103,-1.0,-0.1808083085684813,0.22171930923052452
NewMedia6,0.6550076717196189,-0.8175680132521035,1.0,-0.23806689683014393,0.2124037286584044
NewMedia6,0.6441893934150111,-0.8159849417806426,1.0,-0.21070597718438155,0.15945338267178855
NewMedia6,0.643556332341201,-0.8150920840306305,1.0,-0.24952952406927587,0.21092562792453284
NewMedia6,0.6438908885351053,-0.8152675275184471,1.0,-0.19954471377861915,0.16285096144200706
NewMedia6,0.6445181813986758,-0.8150506032059918,1.0,-0.2603451372002058,0.19905789741103752
NewMedia6,0.6505560554671097,-0.8170505229643965,1.0,-0.21690715914629777,0.2217575681510351
NewMedia6,0.6505401928889505,-0.8172660872498145,1.0,-0.23095622258257464,0.19545502687222616
NewMedia6,0.6507968782446183,-0.8167771575298917,1.0,-0.2103554662025593,0.22408203085815237
NewMedia6,0.6502460141667243,-0.8166037540826312,1.0,-0.2224337829937365,0.23278920127971436
NewMedia6,0.6629793382709213,-0.818408509961178,-1.0,-0.22166579128934305,0.27566438715041497
NewMedia6,0.6705255993170438,-0.8202812671915918,1.0,-0.23197697105043935,0.2405417649773176
NewMedia6,0.6706813409935164,-0.8206838351946437,1.0,-0.21333777998009806,0.2142681511749922
NewMedia6,0.6684389492628229,-0.8151940860584308,1.0,-0.24839643926209065,0.2486022663278109
NewMedia6,0.667634283934381,-0.818260947027627,-1.0,-0.21562285234387346,0.15944031865015074
NewMedia6,0.6729006598832514,-0.8183636290689459,1.0,-0.2403028220454666,0.2372841578675038
NewMedia6,0.6750507602501097,-0.8185900735706626,1.0,-0.25916722587300334,0.20007222537676883
NewMedia6,0.6759361805219077,-0.8190028417764945,1.0,-0.25799255501712737,0.21341525719092758
NewMedia6,0.6794778616091,-0.8219010593930607,-1.0,-0.2369872797998469,0.1832924227274786
NewMedia6,0.6800128631088345,-0.8211421643062264,1.0,-0.24031524385221836,0.18749997083923753
NewMedia6,0.6806747652338432,-0.8198644189046478,1.0,-0.24722284856332355,0.1920630469684237
NewMedia6,0.6889103274036132,-0.8193013677111901,1.0,-0.24133275184875647,0.21816029647864
NewMedia6,0.6937224567961051,-0.8179977817959021,1.0,-0.22378667977257294,0.17436596337128307
NewMedia6,0.6934268360213194,-0.817725096374916,1.0,-0.23734643203854,0.20772960834529708
NewMedia6,0.6923669273897695,-0.817566653225066,1.0,-0.2475144909827134,0.17297184563365398
NewMedia6,0.7058904962968091,-0.8189430005868517,1.0,-0.21803430308938443,0.1534485984404359
NewMedia6,0.7058126254585726,-0.8185200321782397,1.0,-0.22831631860854174,0.19744449073877512
NewMedia6,0.7025636810410465,-0.8156483350889016,1.0,-0.21440065457520807,0.171760624198954
NewMedia6,0.7023473731570569,-0.8165949139068884,1.0,-0.19642359981259283,0.13091222797091007
NewMedia6,0.7170332364274015,-0.8172361666549931,1.0,-0.2308222831010771,0.17362131413793125
NewMedia6,0.7177484944971273,-0.8164181103920346,1.0,-0.23333526861482012,0.13214211229366457
NewMedia6,0.7181508271613484,-0.8159958219969413,1.0,-0.26651283429174777,0.1331424430933552
NewMedia6,0.7318604208486192,-0.8169743614503057,1.0,-0.26048771793857417,0.13287649693858672
NewMedia6,0.7330371357375234,-0.8170852036538486,1.0,-0.24438203536704406,0.14163592344669973
NewMedia6,0.7333731339839873,-0.8171321245866368,1.0,-0.2578812988349156,0.10401807314079159
NewMedia6,0.735370376779493,-0.8173014479527854,1.0,-0.33719615518077106,0.12051046731405135
NewMedia6,0.666128781061812,-0.8170172023019817,-1.0,-0.21016265815862922,0.10126343086403122
NewMedia6,0.6459313929074086,-0.814056423441698,1.0,-0.2188287586429447,0.13010039234056436
NewMedia6,0.6466682817655338,-0.8128194788512395,1.0,-0.2080509510108245,0.11090374568828953
NewMedia6,0.6417970282180845,-0.8092242473780379,1.0,-0.22098313199654895,0.08468425426132065
NewMedia6,0.6411668512493942,-0.8110813642975222,1.0,-0.23402170845749515,0.10676151768471942
NewMedia6,0.6420075678918347,-0.8110092828645433,1.0,-0.23323319376803364,0.16182170316583244
NewMedia6,0.6496677510901918,-0.8119626618177169,1.0,-0.23770126364879773,0.17353826428609098
NewMedia6,0.6498797328165018,-0.8111446055547584,1.0,-0.2619853557699968,0.16414429958414423
NewMedia6,0.6487852149235136,-0.8112622478934881,1.0,-0.23201693686346692,0.16828372815450643
NewMedia6,0.6415850464917745,-0.8105285133068445,1.0,-0.2404038167351441,0.16250103229099566
NewMedia6,0.6411336840405157,-0.8102877885212358,1.0,-0.23477457796236467,0.19380709385706396
NewMedia6,0.6414264207101821,-0.8106577158753916,1.0,-0.24013485761504005,0.1815147826403416
NewMedia6,0.6504507856302346,-0.8113866903674045,-1.0,-0.20241361105972866,0.19112057112170033
NewMedia6,0.6554013520684803,-0.8136361750871608,1.0,-0.19722561646591497,0.2173624580143343
NewMedia6,0.6618603054844143,-0.8126243149713817,1.0,-0.21806508756698673,0.22892784974135583
NewMedia6,0.6610368934726933,-0.8128371592027249,1.0,-0.20944597391690623,0.16609737081898812
NewMedia6,0.6741624558731918,-0.8157843377926353,1.0,-0.21492399069444657,0.2573476956698837
NewMedia6,0.675190639348423,-0.8156136543994494,1.0,-0.1769354052546943,0.2780681671317615
NewMedia6,0.6716417479984311,-0.813500172383427,-1.0,-0.20746334554360935,0.2528630036705235
NewMedia6,0.6737312821577721,-0.8140883840770754,1.0,-0.22927711835686504,0.2216409251006981
NewMedia6,0.6812573544680556,-0.8145915940808903,1.0,-0.23717630729389605,0.2282289245837359
NewMedia6,0.6804036593525762,-0.8146391950271972,1.0,-0.21974149139992427,0.19437817823151415
NewMedia6,0.6795095867654184,-0.814368549646767,1.0,-0.2139021620694731,0.20635508664012514
NewMedia6,0.6785088022888259,-0.8142237067672905,1.0,-0.23148171901603087,0.20651558747738896
NewMedia6,0.6398257423686577,-0.8083252695063577,1.0,-0.20153544333023254,0.20646799711285113
NewMedia6,0.6403621859209523,-0.8072617283631599,1.0,-0.22189964530340933,0.18825488466101925
NewMedia6,0.640924586419326,-0.8079886628146168,1.0,-0.2166765456035581,0.21741844667849608
NewMedia6,0.6411120532521168,-0.808183146680956,1.0,-0.21664522104740147,0.22541922678721682
NewMedia6,0.6467605731293695,-0.806873440644,1.0,-0.2345931115680776,0.19115789689780827
NewMedia6,0.6493778985256455,-0.806990402969211,1.0,-0.236473665094588,0.1658911459059924
NewMedia6,0.6535439883712884,-0.8071563262677661,1.0,-0.2545047277126459,0.1638475596640867
NewMedia6,0.6527191343070073,-0.807208007295185,1.0,-0.258802672848766,0.15580105547963408
NewMedia6,0.6488544334463902,-0.8098430596800265,1.0,-0.24510790094419244,0.15888976345255967
NewMedia6,0.649242345585012,-0.8086299155627215,1.0,-0.22216590403074132,0.1846856073207046
NewMedia6,0.6498883851318613,-0.8083286695739511,1.0,-0.19868274840575573,0.21898799556383164
NewMedia6,0.6708558293532683,-0.8082729084654203,-1.0,-0.21118178639083063,0.21299814164292208
NewMedia6,0.6709221637710252,-0.8088774404835168,1.0,-0.20497358340770666,0.22065645775585319
NewMedia6,0.6703237119586534,-0.809486732596244,1.0,-0.2045404404070572,0.26066035829945644
NewMedia6,0.6800229574767542,-0.8085727944271532,1.0,-0.1961940664269619,0.2512449312762479
NewMedia6,0.678614072125701,-0.8097723382740849,1.0,-0.17358475790303707,0.1996756390056229
NewMedia6,0.6918146212593157,-0.8106379954833502,1.0,-0.1913976287851068,0.2539099916903491
NewMedia6,0.6153440160586974,-0.8399975791518736,-1.0,-0.3840620118196192,-0.3171538535831112
NewMedia6,0.6915824507971666,-0.811983062223277,-1.0,-0.21875800835231496,0.2831827316029416
NewMedia6,0.6908787291479199,-0.8100715442222991,1.0,-0.19943939846050607,0.23548318917029953
NewMedia6,0.6895390623197435,-0.8095860145699696,1.0,-0.2027554807846801,0.21055983531867595
NewMedia6,0.68897810387393,-0.809811099044649,1.0,-0.1824550080809254,0.16676363592251353
NewMedia6,0.6882945709605224,-0.8094445717580865,1.0,-0.20107853687318822,0.20268876228193022
NewMedia6,0.6883190858540413,-0.8096084550160857,1.0,-0.2161548297199828,0.21607098616100195
NewMedia6,0.6927634918437509,-0.8082552281139349,-1.0,-0.21636059964921905,0.14200358234136212
NewMedia6,0.7009125308599249,-0.8088169192803553,1.0,-0.24691608394440967,0.1596344126859115
NewMedia6,0.7012961168408667,-0.8093609300952903,1.0,-0.25907163196886995,0.15246506423999384
NewMedia6,0.700041531113726,-0.8096410956649818,1.0,-0.2548492978303696,0.1575730967003548
NewMedia6,0.696726252278443,-0.811324129123687,1.0,-0.27678134784704445,0.1600879208656223
NewMedia6,0.7067903370942066,-0.8101946266691782,-1.0,-0.24752961318223732,0.12564462781768793
NewMedia6,0.7134598301838908,-0.8083511100200672,1.0,-0.26034135665032476,0.12127191314665153
NewMedia6,0.7131065273067072,-0.8084075511421167,1.0,-0.2670399509608673,0.14338650234615846
NewMedia6,0.7119182759973237,-0.8086917967929202,1.0,-0.2512480540294586,0.09116214270484035
NewMedia6,0.7237214762003645,-0.8074228915670844,1.0,-0.2616829117795184,0.0502260309029432
NewMedia6,0.7243271382755361,-0.8078390598405096,1.0,-0.2686931314159645,0.037526868726645235
NewMedia6,0.6962503749336655,-0.8102871085077171,-1.0,-0.23803449211687844,0.15866674194031538
NewMedia6,0.6354289241134261,-0.802860000856817,1.0,-0.20900472973794038,0.13563020607094423
NewMedia6,0.6370959368727072,-0.8059132615556397,-1.0,-0.20853108084570904,0.11199925721705561
NewMedia6,0.6358442352506866,-0.8026845573690005,1.0,-0.2284313553406343,0.10984369364682633
NewMedia6,0.6486813871391985,-0.8057949392033914,1.0,-0.2474577827344987,0.10022577428823243
NewMedia6,0.6483958607323321,-0.8025845953817562,-1.0,-0.23391801337504547,0.11691879450807185
NewMedia6,0.6488674119194295,-0.8039786230950271,1.0,-0.22641146154708214,0.12053566221292389
NewMedia6,0.6479675711220321,-0.8038732209996335,1.0,-0.25446206150684614,0.14586213444651275
NewMedia6,0.6495884381993955,-0.8049483223726488,1.0,-0.21241910635901995,0.11897451162721273
NewMedia6,0.6645093560370088,-0.8045137937342195,1.0,-0.23289078396452767,0.18070201386559281
NewMedia6,0.6645742484022059,-0.804904801507454,1.0,-0.20705558623501796,0.170736031644793
NewMedia6,0.658824784845758,-0.8053767308894101,1.0,-0.20679148782190382,0.18083545351517838
NewMedia6,0.6585825200156896,-0.8052196477665976,1.0,-0.19992168860960824,0.22144309848732613
NewMedia6,0.6587916176368795,-0.8047708388442762,1.0,-0.18330239133281934,0.22622453040674384
NewMedia6,0.659123289725664,-0.8047354781413054,1.0,-0.20384049860052145,0.2318103328012855
NewMedia6,0.664424274935973,-0.8075296536895153,1.0,-0.159776569502034,0.2347861303014851
NewMedia6,0.6692955284834221,-0.8089502019300143,1.0,-0.19479850344232563,0.2115769627176154
NewMedia6,0.6382755358667314,-0.7976871380203039,1.0,-0.18523479240055463,0.2060779427525241
NewMedia6,0.6398834244710552,-0.7980325848877876,1.0,-0.23674100397902886,0.18240313611170866
NewMedia6,0.6405482107011837,-0.7983113904304417,1.0,-0.18541409848062407,0.18263922164559077
NewMedia6,0.6502258254308853,-0.8020956656618333,1.0,-0.17676906105993118,0.20753364802073082
NewMedia6,0.6507334279319812,-0.799678217602966,1.0,-0.17625652651178114,0.18636899982316923
NewMedia6,0.6493360790014076,-0.7990961260309855,1.0,-0.15742344724040114,0.2712291518043981
NewMedia6,0.6485689070395237,-0.7991886078695245,1.0,-0.16515035111857035,0.22816733705315806
NewMedia6,0.6591449205140629,-0.8016420966448813,1.0,-0.1575087796520005,0.24102606692231743
NewMedia6,0.6590064834683096,-0.8015829354687571,1.0,-0.16350581192034386,0.2411539077054865
NewMedia6,0.6597635610622736,-0.8014122520755713,1.0,-0.1339008658809424,0.22385807620150522
NewMedia6,0.6733837474908286,-0.8016420966448813,1.0,-0.18652990077406761,0.2729088117292522
NewMedia6,0.6730088138252464,-0.8009342025719471,1.0,-0.1872109398311984,0.23083146432285706
NewMedia6,0.6672896333725571,-0.8027328383288259,1.0,-0.20572213228414082,0.19671103923825561
NewMedia6,0.6672737707943981,-0.8012524488986841,1.0,-0.21795977224887364,0.20470342104735217
NewMedia6,0.6676861978265385,-0.8014034118998286,1.0,-0.1963890347851095,0.14279395565044606
NewMedia6,0.6682615767979512,-0.8015033738870729,1.0,-0.23167290682429764,0.10955721831519871
NewMedia6,0.6901389561846751,-0.8024077918669024,1.0,-0.23832397422205065,0.1588906965969623
NewMedia6,0.694299277820078,-0.8023690310963382,1.0,-0.2512264508872817,0.10700600151822592
NewMedia6,0.688411377217877,-0.805210807590855,1.0,-0.2239271001967238,0.10851116343977552
NewMedia6,0.6876312267829536,-0.8031136458992805,1.0,-0.2345234414345566,0.10239160244689116
NewMedia6,0.6879138690847004,-0.8024832733674745,1.0,-0.23957371599699184,0.07787416641044098
NewMedia6,0.6915694723241272,-0.8019855034718091,1.0,-0.3242002449256245,-0.26796501268376516
NewMedia6,0.6153440160586974,-0.8399975791518736,-1.0,-0.4955974146439599,-0.26796501268376516
NewMedia6,0.6994401951962346,-0.8053243698484726,-1.0,-0.23049931612553043,0.11558439801221598
NewMedia6,0.7002607231028357,-0.8031558067374379,1.0,-0.2172798133488516,0.15971652939334913
NewMedia6,0.6946021088576635,-0.8006587970968863,1.0,-0.2199045951233608,0.1467308918854231
NewMedia6,0.6935508525414735,-0.8010049239778887,1.0,-0.2488409239123831,0.07725082594943977
NewMedia6,0.6340935834429293,-0.7957640597895086,1.0,-0.22166363097512543,0.1501891250418168
NewMedia6,0.6340921413903695,-0.7939409435459577,-1.0,-0.25316533289766996,0.07593602548603995
NewMedia6,0.6389662790429385,-0.7943577918329017,1.0,-0.2514251997953103,0.07446912248500115
NewMedia6,0.6442456334648485,-0.7953812121784981,1.0,-0.24687125742439253,0.07002828827256802
NewMedia6,0.6512756396945156,-0.795894622385093,-1.0,-0.2680704208427116,0.08862678936271395
NewMedia6,0.6536939618375213,-0.7987914799746219,1.0,-0.26084470986304975,0.14901802881643245
NewMedia6,0.6639527237488754,-0.7973287708959654,1.0,-0.2727448007312663,0.1481492713775221
NewMedia6,0.6639844489051938,-0.7959721439262213,1.0,-0.2475144909827134,0.09794236993483385
NewMedia6,0.677515228075033,-0.7965807560254298,1.0,-0.2873485248429385,0.12798868655726192
NewMedia6,0.6779478438430124,-0.7964930342815215,1.0,-0.26105426034216683,0.13322082722318163
NewMedia6,0.6727708751528576,-0.7974552534104378,-1.0,-0.22270274211384056,0.008951187682867179
NewMedia6,0.6691527652799889,-0.7963012704692569,1.0,-0.2508726994341327,0.05831919230753102
NewMedia6,0.6711283772870953,-0.795882382141757,1.0,-0.25045737902577936,0.1083394648696796
NewMedia6,0.6721176253432086,-0.795888502263425,1.0,-0.23179820504892445,0.11802643691407289
NewMedia6,0.6920741907201033,-0.799795179928177,1.0,-0.2821167838862164,0.07722936362817756
NewMedia6,0.6885426040008307,-0.7970622055966472,-1.0,-0.2604196680407166,0.14707988789203164
NewMedia6,0.6769600378394591,-0.7777525417205294,1.0,-0.2554725484821768,0.18287250774626518
NewMedia6,0.6778526683740569,-0.7780565077633743,1.0,-0.24337262854882247,0.1745096676092981
NewMedia6,0.675001730463072,-0.7952771701101418,-1.0,-0.23779523731726793,0.13144598656925255
NewMedia6,0.6755367319628067,-0.7959299830880637,1.0,-0.2394786621714129,0.0962001893349993
NewMedia6,0.6759578113103066,-0.7965419952548657,1.0,-0.2519939025131205,0.12250553004701659
NewMedia6,0.6849446828638011,-0.7975796958843542,1.0,-0.26706479457437093,0.0904902787348989
NewMedia6,0.696642613229967,-0.7954063726786889,-1.0,-0.24611730776241414,0.1350348599420239
NewMedia6,0.7004222329895482,-0.7969452432714362,1.0,-0.254805551467461,0.08147890323805784
NewMedia6,0.7005621120878613,-0.8000590251734204,1.0,-0.24670059260119392,0.08450695682480824
NewMedia6,0.7056280427309014,-0.7986377969194027,1.0,-0.2580227994161751,0.04189118509805745
NewMedia6,0.7071090307099515,-0.7980353049418623,1.0,-0.259300085197392,0.029378651802298705
NewMedia6,0.7170664036362797,-0.7973342110041147,1.0,-0.23927829302772086,0.0645973878488737
NewMedia6,0.71769658060497,-0.7976184566549183,1.0,-0.22219506827268032,0.10298414914260379
NewMedia6,0.7182402344200642,-0.7977816598993988,1.0,-0.21356029234452156,0.0446588913964554
NewMedia6,0.7260950947140121,-0.7943312713056736,1.0,-0.22773465400542514,0.0028838827765338415
NewMedia6,0.7259854987194574,-0.7941354274122969,1.0,-0.19698690174485878,0.053930614181648684
NewMedia6,0.7310139359959393,-0.7930317654714976,-1.0,-0.20427904238671524,0.004393710420097285
NewMedia6,0.7346940541288851,-0.7916132572715545,1.0,-0.22865440778361212,0.007077433722252557
NewMedia6,0.6563833898617937,-0.7962835901177715,-1.0,-0.2545916803599084,0.07054525027166192
NewMedia6,0.6499676980226576,-0.7979543833331406,1.0,-0.2243759054754514,0.10817336516599951
NewMedia6,0.6504767425763134,-0.7975973762358396,1.0,-0.24519377343434612,0.08994812183693202
NewMedia6,0.6608724994808612,-0.795586576261136,1.0,-0.22566291267064797,0.07396335821873934
NewMedia6,0.6625193235043032,-0.7957239389919071,1.0,-0.23497278679183897,0.10768719693219464
NewMedia6,0.662692369811495,-0.7963821920779786,1.0,-0.22681165975591155,0.13096821663507208
NewMedia6,0.6798571214323619,-0.7975280148569354,1.0,-0.23911680953994774,0.12940426661615256
NewMedia6,0.6803849126692969,-0.796561715646907,1.0,-0.25334355882063064,0.0813977196750233
NewMedia6,0.6788361482199303,-0.7969452432714362,1.0,-0.23414322613224092,0.13984428619352207
NewMedia6,0.6758035116863939,-0.798261749443579,1.0,-0.23915137456743085,0.10633880327029788
NewMedia6,0.6753651277081747,-0.7982059883350481,1.0,-0.2369014073096931,0.08775429934619261
NewMedia6,0.674788306684202,-0.7979115424814646,1.0,-0.22763419939430196,0.1001641867576546
NewMedia6,0.6739749890404005,-0.7977714596966188,1.0,-0.24253496671090813,0.09936448200454362
NewMedia6,0.6153440160586974,-0.8399975791518736,-1.0,-0.5266875767080321,-0.04312013627640843
NewMedia6,0.6153440160586974,-0.8399975791518736,-1.0,-0.5266875767080321,-0.04312013627640843
NewMedia6,0.6815385547172423,-0.7978659815757138,1.0,-0.2155521020532437,0.1260617433656932
NewMedia6,0.6812386077847767,-0.7972900101254012,1.0,-0.24268510854903858,0.19064933319833854
NewMedia6,0.6800099790037148,-0.7974729337619232,1.0,-0.24930593154774372,0.1926061370107932
NewMedia6,0.6763486075540481,-0.7986894779468215,1.0,-0.22872461799568744,0.14128599429568833
NewMedia6,0.6768230428462656,-0.7978884220218299,1.0,-0.26459609550209084,0.08163473835330826
NewMedia6,0.676642786276274,-0.7976898580743785,1.0,-0.316632664221011,0.012201329637459457
NewMedia6,0.6777243256962229,-0.7976769378175238,1.0,-0.3158965371513288,0.037056563947686305
NewMedia6,0.677092706674973,-0.7976531373443704,1.0,-0.3312218062117135,-0.0002262875176538559
NewMedia6,0.6761279735123786,-0.7981291468074385,1.0,-0.334778223492607,0.007124090942387085
NewMedia6,0.6788592210608893,-0.8089617621598317,-1.0,-0.2825348046873418,0.14236657551401088
NewMedia6,0.6802868530952217,-0.8150179625570957,1.0,-0.2707556914153164,0.19745008960519161
NewMedia6,0.6803358828822592,-0.8148724396641005,1.0,-0.2776190096849587,0.17644687538929626
NewMedia6,0.6776695276989455,-0.8135232928430617,1.0,-0.2433018782581926,0.18507006281461558
NewMedia6,0.6781684778846819,-0.8148323188664991,1.0,-0.245419526270096,0.1970096454471184
NewMedia6,0.6785765787591427,-0.8143637895521363,1.0,-0.23769640294180783,0.18336894056849973
NewMedia6,0.6772455642463255,-0.8144161505930738,1.0,-0.20327935698247324,0.17819745428875522
NewMedia6,0.6771028010428923,-0.8132295270029968,1.0,-0.21623530142459224,0.1808681135692729
NewMedia6,0.6891165409196836,-0.8282455855222401,1.0,-0.20834637398009537,0.2310852796003906
NewMedia6,0.6886435476800259,-0.8253990489330928,1.0,-0.19104117693918587,0.3019837250284727
NewMedia6,0.6881921852287671,-0.8256486138944442,1.0,-0.1834968196124126,0.29273066513133306
NewMedia6,0.687014028287303,-0.8255683722992413,1.0,-0.1755538843124732,0.3371977953530343
NewMedia6,0.6709019750351861,-0.8356475326729496,1.0,-0.14579933651349597,0.29364328035717047
NewMedia6,0.6712668143328488,-0.8341549029994716,1.0,-0.18365020192186965,0.27282016301099565
NewMedia6,0.671262488175169,-0.8338794975244108,1.0,-0.1478932210690046,0.32880136201757026
NewMedia6,0.66870572898641,-0.8362989856238342,1.0,-0.17822349260699977,0.2834094856927969
NewMedia6,0.6688124408758451,-0.8342616651219026,1.0,-0.18330131117571058,0.2891968472783213
NewMedia6,0.638007314090584,-0.8312498852477187,-1.0,-0.17647741864054123,0.138389514069718
NewMedia6,0.6381183521376987,-0.8294981704236281,1.0,-0.2197873980770504,0.1278459154636491
NewMedia6,0.6399973466232896,-0.8290575216635306,1.0,-0.18385219130122488,0.29092689700092067
NewMedia6,0.6459097621190097,-0.8305392711207099,1.0,-0.20452369797186998,0.26966426864107595
NewMedia6,0.655741676472624,-0.8315361709390783,-1.0,-0.18998154281540258,0.3122483134581353
NewMedia6,0.6571808449274359,-0.8329118382873452,1.0,-0.2216944154527276,0.23020345813984222
NewMedia6,0.6742100436076695,-0.828923559000353,-1.0,-0.19398730545357823,0.2816421101940896
NewMedia6,0.6872159156456934,-0.8264836704953694,1.0,-0.20286025602423874,0.29178352356259607
NewMedia6,0.68728946032625,-0.8261157831817696,1.0,-0.17218973499695522,0.3238230366291841
NewMedia6,0.6872678295378511,-0.8262912266695862,1.0,-0.1768230689153738,0.3562777989549717
NewMedia6,0.6874264553194436,-0.82600834104582,1.0,-0.181505549982245,0.2702773445136475
NewMedia6,0.6868626127685102,-0.801969183147361,-1.0,-0.46481239696313825,-0.2631901127751668
NewMedia6,0.6153440160586974,-0.8399975791518736,-1.0,-0.46481239696313825,-0.2631901127751668
NewMedia6,0.6888425509332963,-0.8249563601324394,1.0,-0.1400691030510388,0.3327215016532987
NewMedia6,0.6883796520615584,-0.8257553760168752,1.0,-0.11515473925682485,0.3762144291185847
NewMedia6,0.6526556839943702,-0.8212686468206988,1.0,-0.12978816768899026,0.3421891847630585
NewMedia6,0.6529094852449182,-0.8219255398797328,1.0,-0.06959479256257828,0.3194605865465774
NewMedia6,0.642187824461826,-0.8212421262934707,1.0,-0.13072574405947335,0.36027445643172107
NewMedia6,0.640454477284788,-0.822627313830999,1.0,-0.12898453080000494,0.33748707011787027
NewMedia6,0.6398661198403359,-0.8223906691265023,1.0,-0.11542261821982014,0.3516624667392343
NewMedia6,0.6588348792136776,-0.8226483942500777,1.0,-0.09746608644227306,0.35311910515184364
NewMedia6,0.658594056436169,-0.8227259157912059,1.0,-0.07825225179002282,0.3992565638543719
NewMedia6,0.6870197964975429,-0.823157044362042,-1.0,-0.09788032669351765,0.3772716817268398
NewMedia6,0.688366673588519,-0.8232168855516848,1.0,-0.08859097555739481,0.3444221993187113
NewMedia6,0.6885036685817125,-0.8234542102697002,1.0,-0.08224073191445691,0.3715365762278664
NewMedia6,0.6947030525368587,-0.8255302915421958,-1.0,-0.09720144795060448,0.3817442428489646
NewMedia6,0.6952149811956345,-0.8238418179753414,1.0,-0.06885002423602515,0.3642365875655711
NewMedia6,0.6872548510648118,-0.8229020392925411,-1.0,-0.10359651811355974,0.3499884056807967
NewMedia6,0.6849778500726795,-0.8257030149759377,1.0,-0.09215225354527823,0.3353231082480168
NewMedia6,0.685723391246164,-0.8231679245783406,-1.0,-0.051455714233635264,0.37292789453228714
NewMedia6,0.6880162548164555,-0.8249128392672447,1.0,-0.0731792939283018,0.3511025800976164
NewMedia6,0.6882700560670036,-0.8258662182204182,1.0,-0.052774586063542905,0.3836151973763715
NewMedia6,0.6885757712097091,-0.8260668222084255,1.0,-0.07752476597721147,0.41414861537700665
NewMedia6,0.6891396137606423,-0.8240784626798381,1.0,-0.04647240941194897,0.4291059870078304
NewMedia6,0.685623889619529,-0.8231291638077765,1.0,-0.01063981756146437,0.4225777087665652
NewMedia6,0.6848624858678849,-0.8235147314728617,1.0,-0.01578136539959729,0.38554587314555055
NewMedia6,0.6832228721072426,-0.8235174515269363,1.0,-0.021410064093822512,0.3999134975138703
NewMedia6,0.685747906139683,-0.8236928950147528,1.0,-0.02536127879800132,0.3872404633808477
NewMedia6,0.6860867884912669,-0.8241070232476222,1.0,-0.024807158201160306,0.4064781683868406
NewMedia6,0.6886248009967468,-0.8220499823536492,1.0,-0.015093305321259076,0.43286375951749
NewMedia6,0.687058731916661,-0.8245626323051303,1.0,-0.02564157956774815,0.4398100864511634
NewMedia6,0.6825537597194342,-0.8221900651384949,1.0,-0.011369463688493564,0.5295879094346032
NewMedia6,0.6841039662213608,-0.8235548522704631,1.0,-0.004851255615129335,0.4457150242314274
NewMedia6,0.6876312267829536,-0.8268467977143386,1.0,-0.01062469536194044,0.4810093449746211
NewMedia6,0.6871726540688954,-0.8251032430524718,1.0,-0.003261264350899795,0.47915891962407353
NewMedia6,0.6153440160586974,-0.8399975791518736,-1.0,-0.6856931840736236,-0.1482733795830803
NewMedia6,0.6703597632726519,-0.8197528966875862,1.0,0.006337551796908869,0.502726414658579
NewMedia6,0.6693387900602201,-0.8243545481684176,-1.0,-0.013621051181894384,0.5380683257663099
NewMedia6,0.6701333610207425,-0.8253548480543793,1.0,-0.010295787522295097,0.5682256865726587
NewMedia6,0.6707563277266329,-0.8244171094121351,1.0,-0.0012991589626711875,0.494178811929878
NewMedia6,0.6684115502641841,-0.8224029093698383,1.0,-0.0565859204221254,0.4390775680950465
NewMedia6,0.6427473408550795,-0.8176319345228583,1.0,-0.07651913970887059,0.4308808276617595
NewMedia6,0.6429593225813894,-0.8187553168556991,1.0,-0.0799745623000866,0.3745487663597711
NewMedia6,0.6520082023949609,-0.8222941072068513,1.0,-0.08785484848771263,0.38214362865331886
NewMedia6,0.6524985002653376,-0.8225722327359868,1.0,-0.11516824122068559,0.3517576474683095
NewMedia6,0.6858560600816779,-0.82644762977888,-1.0,-0.12399204464289337,0.3567583683223605
NewMedia6,0.6930519023557369,-0.8252161252965708,1.0,-0.13110595936178915,0.381779702336267
NewMedia6,0.6932393691885281,-0.8261314234926991,1.0,-0.13476607172513255,0.39668388473613714
NewMedia6,0.6959388915807203,-0.8282258651301988,-1.0,-0.13673465805601426,0.336365430545829
NewMedia6,0.6966108880736483,-0.8270474017023458,1.0,-0.11198501822090035,0.2906553519797359
NewMedia6,0.7073008237004221,-0.8254650102444037,1.0,-0.16876887743322277,0.31657437090903673
NewMedia6,0.7099542004106965,-0.8230577623883163,1.0,-0.18227516192230153,0.2484641609562117
NewMedia6,0.7053136752728364,-0.8232284457815021,1.0,-0.19820639912075222,0.2675926880670896
NewMedia6,0.7051463971758842,-0.824364068357679,1.0,-0.21953302107791595,0.22690665896511497
NewMedia6,0.6153440160586974,-0.8399975791518736,-1.0,-0.2212925970082349,0.1487268877627912
NewMedia6,0.6153440160586974,-0.8399975791518736,-1.0,-0.24198408658539383,0.08048043872717248
NewMedia6,0.6153440160586974,-0.8399975791518736,-1.0,-0.2522104740134453,0.12041528658497636
NewMedia6,0.6153440160586974,-0.8399975791518736,-1.0,-0.23389965070419494,0.11021881769671027
NewMedia6,0.6153440160586974,-0.8399975791518736,-1.0,-0.2589555150796684,0.06714207263502714
NewMedia6,0.6153440160586974,-0.8399975791518736,-1.0,-0.2648569534438784,0.11860778587695275
NewMedia6,0.6153440160586974,-0.8399975791518736,-1.0,-0.20768477775092398,0.1725155380207355
NewMedia6,0.6153440160586974,-0.8399975791518736,-1.0,-0.23436627857521874,0.12050020272562145
NewMedia6,0.6153440160586974,-0.8399975791518736,-1.0,-0.19484927082644166,0.1609688091817678
NewMedia6,0.6153440160586974,-0.8399975791518736,-1.0,-0.18903694542371197,0.20866368589239648
NewMedia6,0.6153440160586974,-0.8399975791518736,-1.0,-0.21005032181930872,0.262451062408231
NewMedia6,0.6153440160586974,-0.8399975791518736,-1.0,-0.21258437039667433,0.289259367953302
NewMedia6,0.6153440160586974,-0.8399975791518736,-1.0,-0.13584190820554853,0.32482523371768
NewMedia6,0.6153440160586974,-0.8399975791518736,-1.0,-0.1433781643540054,0.3414846607390227
NewMedia6,0.6153440160586974,-0.8399975791518736,-1.0,-0.12073807135247827,0.3829629294388863
NewMedia6,0.6153440160586974,-0.8399975791518736,-1.0,-0.1099089562576877,0.3812711386367975
NewMedia6,0.6153440160586974,-0.8399975791518736,-1.0,-0.06930531045740607,0.38602550936853675
NewMedia6,0.6153440160586974,-0.8399975791518736,-1.0,-0.1001016697878706,0.40294714996703673
NewMedia6,0.6153440160586974,-0.8399975791518736,-1.0,-0.07608005584412258,0.3784791705839292
NewMedia6,0.6860839043861473,-0.8315722116555677,1.0,-0.06658007407177369,0.44238743129141134
NewMedia6,0.6862165732216607,-0.8311077624223169,1.0,-0.076434347375826,0.43928565929684793
NewMedia6,0.6153440160586974,-0.8399975791518736,-1.0,-0.03440327395619702,0.3910299628001983
NewMedia6,0.6153440160586974,-0.8399975791518736,-1.0,-0.06442678087527831,0.37885429463381337
NewMedia6,0.6153440160586974,-0.8399975791518736,-1.0,-0.06905525408670699,0.3899073900837544
NewMedia6,0.6153440160586974,-0.8399975791518736,-1.0,-0.06895371931847494,0.3896433102177914
NewMedia6,0.6852129046399484,-0.8049945632919182,-1.0,-0.4918962563104804,-0.6173529399414265
NewMedia6,0.6153440160586974,-0.8399975791518736,-1.0,-0.4918962563104804,-0.6173529399414265
NewMedia6,0.69341385754828,-0.8186295143547454,1.0,-0.15409170263814886,0.4254471278048573
NewMedia6,0.694491070810549,-0.8184493107722981,1.0,-0.16639361195085833,0.3585817324852296
NewMedia6,0.6153440160586974,-0.8399975791518736,-1.0,-0.16556621160547813,0.33309849199198815
NewMedia6,0.6153440160586974,-0.8399975791518736,-1.0,-0.12810852338472634,0.3173134212759723
NewMedia6,0.6153440160586974,-0.8399975791518736,-1.0,-0.15546350216639004,0.25697350476440217
NewMedia6,0.6153440160586974,-0.8399975791518736,-1.0,-0.1796741436041872,0.20958189998464993
NewMedia6,0.6153440160586974,-0.8399975791518736,-1.0,-0.22323904011838536,0.2518206813727113
NewMedia6,0.6153440160586974,-0.8399975791518736,-1.0,-0.22255530066848228,0.2528844659917857
NewMedia6,0.6153440160586974,-0.8399975791518736,-1.0,-0.22512661466610318,0.21376705263074425
NewMedia6,0.6153440160586974,-0.8399975791518736,-1.0,-0.2314298714748061,0.23616531772867067
NewMedia6,0.6153440160586974,-0.8399975791518736,-1.0,-0.2232773856957494,0.26523929788348877
NewMedia6,0.6153440160586974,-0.8399975791518736,-1.0,-0.23839688482689803,0.2860773455401062
NewMedia6,0.6153440160586974,-0.8399975791518736,-1.0,-0.21755795380438092,0.2869507687010304
NewMedia6,0.6153440160586974,-0.8399975791518736,-1.0,-0.19639659588487157,0.2770771677760979
NewMedia6,0.6153440160586974,-0.8399975791518736,-1.0,-0.18462558379116245,0.28519459093515565
NewMedia6,0.6153440160586974,-0.8399975791518736,-1.0,-0.19172005568209904,0.31760642861841926
NewMedia6,0.6153440160586974,-0.8399975791518736,-1.0,-0.16642169603568835,0.3040879656565536
NewMedia6,0.6153440160586974,-0.8399975791518736,-1.0,-0.1696016785641472,0.2983976510889095
NewMedia6,0.6153440160586974,-0.8399975791518736,-1.0,-0.5321175264942286,-0.33060886272559353
NewMedia6,0.6881590180198887,-0.8241818247346757,1.0,-0.1110760660138016,0.3964123397149526
NewMedia6,0.6873269536928082,-0.8236432540278901,1.0,-0.05905191910163343,0.4420682959056892
NewMedia6,0.6867039869869176,-0.8229877209958933,1.0,-0.05544905506505926,0.43652075243165767
NewMedia6,0.685306638056344,-0.8192714471163687,1.0,-0.0435975712667408,0.44397284363159284
NewMedia6,0.6872534090122515,-0.823294407092813,1.0,-0.0775512298263783,0.4140842284132207
NewMedia6,0.6876499734662329,-0.822093503218844,1.0,-0.09148417637345352,0.4048087730504166
NewMedia6,0.6831031817447681,-0.8262232253177193,1.0,-0.11187160172447075,0.42748791461355484
NewMedia6,0.6827816040239036,-0.8224178696672491,-1.0,-0.1082298520319781,0.4222016515722784
NewMedia6,0.6830253109065321,-0.8217725368380323,1.0,-0.09606890322197359,0.3580843665185922
NewMedia6,0.6873687732170464,-0.8191266042368922,1.0,-0.07071383532734843,0.3941438656719971
NewMedia6,0.687100551440899,-0.8214196098218433,1.0,-0.020120356505853754,0.4636705888281156
NewMedia6,0.6878215777208647,-0.8211176838195543,1.0,-0.018584913175621498,0.46873196406834183
NewMedia6,0.6870904570729792,-0.8210469624136127,1.0,-0.0045644739027291825,0.43516209418133145
NewMedia6,0.683508398514109,-0.8218745388658326,1.0,0.007122826015043993,0.47429537099721886
NewMedia6,0.6845077409381419,-0.8215936932826224,1.0,0.015737619036688688,0.458765981847542
NewMedia6,0.6858113564523198,-0.821335968159047,1.0,0.009487289926319642,0.434412779225966
NewMedia6,0.6868972220299485,-0.8213964893622085,1.0,-0.008594540075854029,0.4538809708994256
NewMedia6,0.6881835329134076,-0.8209626407372979,1.0,-0.004904183313462873,0.47689417815872903
NewMedia6,0.6847846150296488,-0.8206015535588848,1.0,0.030292195999908067,0.5260932836465047
NewMedia6,0.6747565815278838,-0.8265401116174189,1.0,0.04401451191075756,0.5594951875410292
NewMedia6,0.6730376548764452,-0.8295287710319681,-1.0,0.054292746880033826,0.6346394400013811
NewMedia6,0.6724420871691934,-0.8301877041315582,1.0,0.07643596761148919,0.5984147742886994
NewMedia6,0.6730535174546042,-0.8295811320729056,1.0,0.023246331178869983,0.5569840959533727
NewMedia6,0.6853513416857018,-0.8222070654764617,1.0,0.06331745952448786,0.4834924422301965
NewMedia6,0.6860550633349485,-0.820890559304319,1.0,0.041803430308938294,0.489030654260201
NewMedia6,0.6849547772317206,-0.8207885572765187,1.0,0.032665841246609206,0.4935162794039636
NewMedia6,0.6813683925151706,-0.8154926119931264,1.0,0.0074646957399953084,0.4326995261026152
NewMedia6,0.6153440160586974,-0.8399975791518736,-1.0,-0.07077324396833529,0.36559897839350786
NewMedia6,0.6153440160586974,-0.8399975791518736,-1.0,-0.12131217485583279,0.3210674612080209
NewMedia6,0.6153440160586974,-0.8399975791518736,-1.0,-0.17306412217657063,0.20036709900802108
NewMedia6,0.6153440160586974,-0.8399975791518736,-1.0,-0.15741696629774804,0.30748461128236926
NewMedia6,0.6153440160586974,-0.8399975791518736,-1.0,-0.17837309436657556,0.3307031103102658
NewMedia6,0.6153440160586974,-0.8399975791518736,-1.0,-0.18494369005971922,0.1824339298769977
NewMedia6,0.6153440160586974,-0.8399975791518736,-1.0,-0.19875295861783104,0.2850424883975158
NewMedia6,0.6153440160586974,-0.8399975791518736,-1.0,-0.1465165608337733,0.2155502915842975
NewMedia6,0.6011369142382501,-0.5731351139260649,-1.0,-0.17630351334601613,0.19281889393460827
NewMedia6,0.6153440160586974,-0.8399975791518736,-1.0,-0.16597289075696064,0.18921509025139382
NewMedia6,0.6153440160586974,-0.8399975791518736,-1.0,-0.13870864517244041,0.13079651806497594
NewMedia6,0.6153440160586974,-0.8399975791518736,-1.0,-0.18141427670654708,0.11143283856461883
NewMedia6,0.6153440160586974,-0.8399975791518736,-1.0,-0.21703191729237015,0.05824267446650988
NewMedia6,0.6153440160586974,-0.8399975791518736,-1.0,-0.19018137188053996,0.060038977441700725
NewMedia6,0.6153440160586974,-0.8399975791518736,-1.0,-0.23865234198314156,-0.013478804324750793
NewMedia6,0.6153440160586974,-0.8399975791518736,-1.0,-0.24693876724369568,0.0032552742488074493
NewMedia6,0.6153440160586974,-0.8399975791518736,-1.0,-0.30522728530864807,-0.1454076931223991
NewMedia6,0.6469091045430424,-0.7542546745829307,-1.0,-0.29702079167414897,-0.11233985492403964
NewMedia6,0.6153440160586974,-0.8399975791518736,-1.0,-0.2684225520601973,-0.1431998734656189
NewMedia6,0.6153440160586974,-0.8399975791518736,-1.0,-0.2726621687124392,-0.11883920568882145
NewMedia6,0.6153440160586974,-0.8399975791518736,-1.0,-0.30111458711669614,-0.20741980440360186
NewMedia6,0.6153440160586974,-0.8399975791518736,-1.0,-0.2758021854278706,-0.19607650104442176
NewMedia6,0.6153440160586974,-0.8399975791518736,-1.0,-0.2676232357996471,-0.1654740303579869
NewMedia6,0.6153440160586974,-0.8399975791518736,-1.0,-0.35521479599207706,-0.36817539008935307
NewMedia6,0.6153440160586974,-0.8399975791518736,-1.0,-0.6126691627297189,-0.36817539008935307
NewMedia6,0.6153440160586974,-0.8399975791518736,-1.0,-0.12778825680195194,0.11257594045792185
NewMedia6,0.6153440160586974,-0.8399975791518736,-1.0,-0.12559121724254785,0.13413904131543508
NewMedia6,0.6153440160586974,-0.8399975791518736,-1.0,-0.13326951405081866,0.12665895578341924
NewMedia6,0.6153440160586974,-0.8399975791518736,-1.0,-0.1251024461507927,0.08464226276319953
NewMedia6,0.6153440160586974,-0.8399975791518736,-1.0,-0.1347212452051152,0.075318283891455
NewMedia6,0.6153440160586974,-0.8399975791518736,-1.0,-0.17170744484785305,0.0534500448142603
NewMedia6,0.6153440160586974,-0.8399975791518736,-1.0,-0.22297710201948873,0.08799225116887999
NewMedia6,0.6153440160586974,-0.8399975791518736,-1.0,-0.5208336652566115,-0.25018207980157625
NewMedia6,0.6153440160586974,-0.8399975791518736,-1.0,-0.18033627991191326,0.16632225862003813
NewMedia6,0.6153440160586974,-0.8399975791518736,-1.0,-0.19570043462821662,0.10684643382536496
NewMedia6,0.6153440160586974,-0.8399975791518736,-1.0,-0.1733201194113685,0.1307349305343979
NewMedia6,0.6153440160586974,-0.8399975791518736,-1.0,-0.17848002992035206,0.10894880816464036
NewMedia6,0.6153440160586974,-0.8399975791518736,-1.0,-0.18771213272970555,0.0947659463880548
NewMedia6,0.6153440160586974,-0.8399975791518736,-1.0,-0.19725802117918068,0.05257475536453082
NewMedia6,0.6153440160586974,-0.8399975791518736,-1.0,-0.21267726390803543,0.025391325769575923
NewMedia6,0.6153440160586974,-0.8399975791518736,-1.0,-0.21604897432331538,0.034743298973401116
NewMedia6,0.6153440160586974,-0.8399975791518736,-1.0,-0.22948828907164553,0.04840639931768509
NewMedia6,0.6153440160586974,-0.8399975791518736,-1.0,-0.2154883727838215,0.06432490968328608
NewMedia6,0.6442932211993262,-0.6530373823831618,1.0,-0.19114703233585328,0.0734193350319674
NewMedia6,0.6153440160586974,-0.8399975791518736,-1.0,-0.19330194576801196,0.1477517518619731
NewMedia6,0.6840506102766433,-0.7878235419320136,1.0,-0.10934889479674825,0.1851503132332475
NewMedia6,0.6822408343139292,-0.8190354824253906,1.0,-0.09875309363746954,0.2079526298575416
NewMedia6,0.6809833644816687,-0.8195448125508735,-1.0,-0.1080689086227592,0.2680060710374841
NewMedia6,0.6785996516001016,-0.819032762371316,1.0,-0.05892392048423456,0.299718983563128
NewMedia6,0.6796624443367714,-0.818946400654445,1.0,-0.0421868860825807,0.32570612203382576
NewMedia6,0.6818067764933897,-0.818513232043053,1.0,-0.02134633482440018,0.3401735928532339
NewMedia6,0.689464075586627,-0.814078863887814,-1.0,-0.5385439212133405,-0.12902820942186577
NewMedia6,0.6153440160586974,-0.8399975791518736,-1.0,-0.5385439212133405,-0.12902820942186577
NewMedia6,0.6890617429224062,-0.8242865468165507,1.0,0.008729559714460544,0.45117485213160546
NewMedia6,0.6890314598186476,-0.8227809968862181,1.0,-0.00696242268437941,0.47485992336085014
NewMedia6,0.684729817032371,-0.8243382278439695,1.0,-0.021870751100747654,0.5052543028454839
NewMedia6,0.6853498996331417,-0.8189613609518558,-1.0,-0.021391161344417542,0.4844311854993093
NewMedia6,0.6878215777208647,-0.8248149173205563,-1.0,-0.06779471074067733,0.45838339264243655
NewMedia6,0.6864819108926881,-0.8241281036667009,1.0,-0.06951918156495862,0.4075699473379957
NewMedia6,0.6862468563254194,-0.8236310137845541,1.0,-0.08341972339876846,0.3667327488427845
NewMedia6,0.6865799704667637,-0.8234630504454429,1.0,-0.0763841200702643,0.43115423897174954
NewMedia6,0.686507867838767,-0.8227782768321434,1.0,-0.08221804861517112,0.39695449661291926
NewMedia6,0.6868842435569091,-0.8230360019557189,1.0,-0.06803990640438651,0.4117271056520091
NewMedia6,0.6873947301631249,-0.822842878116417,1.0,-0.03972250763873608,0.38170038506203796
NewMedia6,0.6884661752151544,-0.8225055914111572,1.0,-0.11226693922631037,0.4659353302934599
NewMedia6,0.6889723356636901,-0.8223879490724275,1.0,-0.05432137104341839,0.3930707496088959
NewMedia6,0.6860896725963868,-0.8212054055634626,1.0,-0.010438368260663466,0.4481337345232168
NewMedia6,0.6859901709697516,-0.8225171516409746,1.0,0.013911613444175464,0.4450814191819965
NewMedia6,0.6873110911146489,-0.822855118359753,1.0,0.00014879164174441684,0.48870592000806234
NewMedia6,0.6881518077570892,-0.8235072513241564,1.0,-0.0003475405497729289,0.48532700412589835
NewMedia6,0.6888310145128171,-0.8233127674578171,1.0,0.01050803839418446,0.47719278436759205
NewMedia6,0.688705555940103,-0.8229870409823747,1.0,0.013677219351554637,0.4515313132934353
NewMedia6,0.6888007314090583,-0.8230781627938764,1.0,0.03833288551819858,0.49063286319963084
NewMedia6,0.6869707667105052,-0.8215753329176184,1.0,0.024512275310443865,0.5381905676830632
NewMedia6,0.6859944971274312,-0.8222873070716645,1.0,0.03178713343855866,0.48813856821122314
NewMedia6,0.686046411019589,-0.8220969032864374,1.0,0.019210324141646362,0.5277150886183912
NewMedia6,0.6864025980018922,-0.8222029853953496,1.0,0.03164347254308142,0.5214098318893703
NewMedia6,0.6879369419256591,-0.8226402340878537,1.0,0.015950409987132597,0.5160881093607914
NewMedia6,0.6889276320343325,-0.8228251977649316,1.0,0.04651615577485746,0.5258637301234412
NewMedia6,0.6898995754597266,-0.8225572724385761,1.0,0.07179237220053647,0.5401762989720016
NewMedia6,0.6986513924459519,-0.820260186772513,1.0,0.05798148340676135,0.5137599140760634
NewMedia6,0.6986023626589144,-0.8214107696461006,1.0,0.03721006220354739,0.49062259861120117
NewMedia6,0.6997776354952585,-0.8214604106329634,1.0,0.031102313831546713,0.48105226961714487
NewMedia6,0.7053396322189149,-0.8201935454476835,1.0,0.005948695237722346,0.5114410502353626
NewMedia6,0.7050310329710898,-0.8204288301251429,1.0,0.045124913418656876,0.4861285751678144
NewMedia6,0.6995353706651901,-0.8202669869076997,1.0,0.016650891872222795,0.468810348198168
NewMedia6,0.7009990540135207,-0.8228020773052969,1.0,0.032870531018736715,0.4557351288275835
NewMedia6,0.6911267621882282,-0.8207572766546599,1.0,0.0032439818371581275,0.4562390268050398
NewMedia6,0.6896255854733393,-0.8151056843010039,-1.0,-0.5922520330582083,-0.5889685535002013
NewMedia6,0.6153440160586974,-0.8399975791518736,-1.0,-0.5922520330582083,-0.5889685535002013
NewMedia6,0.6893703421702313,-0.8243416279115628,1.0,0.0021416815075752105,0.4872054238085264
NewMedia6,0.6902355737061905,-0.822857158400309,1.0,-0.01663901014402558,0.4979356512951345
NewMedia6,0.6902788352829885,-0.8221159436649601,1.0,-0.0018327565744437058,0.5159294748123331
NewMedia6,0.6894265822200689,-0.8194108498876957,1.0,0.002790855929994951,0.5316716208858248
NewMedia6,0.689167012759281,-0.8213040075236695,1.0,-0.028003343086251964,0.5095290373542369
NewMedia6,0.6892045061258394,-0.8209864412104513,1.0,-0.04949792947384202,0.47506988085145707
NewMedia6,0.6891843173900003,-0.8209136797639537,1.0,-0.06024009192136992,0.43011191667393756
NewMedia6,0.6896111649477401,-0.8201044636767378,1.0,-0.07418600035375156,0.42797314970295686
NewMedia6,0.6899673519300433,-0.8208749189933896,1.0,-0.07934591086273501,0.4221624595073654
NewMedia6,0.697024757158349,-0.8262409056692047,1.0,-0.09749471060565762,0.4461433375122652
NewMedia6,0.7026732770356012,-0.8218078975410031,1.0,-0.07384359055024547,0.42422284234851926
NewMedia6,0.702027237488752,-0.828387708347642,1.0,-0.05935436309211184,0.44974340861786866
NewMedia6,0.7008808057036062,-0.8214889712007475,1.0,-0.04155715448812036,0.4485163237283225
NewMedia6,0.7012716019473477,-0.8211564445901185,1.0,-0.00801611594406404,0.44752439122825627
NewMedia6,0.7018080454996423,-0.8220642626375412,1.0,-0.0202542959873514,0.49539936480860525
NewMedia6,0.7020906878013891,-0.8220146216506784,1.0,-0.021631496301137143,0.45335747688951256
NewMedia6,0.6882412150158048,-0.8222621465714739,1.0,0.0015740589468737909,0.45147999035128694
NewMedia6,0.6868597286633902,-0.8221343040299641,1.0,-0.006465550414307741,0.3706696850777613
NewMedia6,0.6724190143282343,-0.8340495009040779,-1.0,0.017093756286851836,0.4863441315248376
NewMedia6,0.671373526222284,-0.8329580792066147,1.0,-0.007016430539822038,0.5136647333469886
NewMedia6,0.6715552248448351,-0.8330852417346057,1.0,-0.0035015993076193963,0.517498090553266
NewMedia6,0.673669273897695,-0.8347403946390454,1.0,-0.008725239086025072,0.5627649255280784
NewMedia6,0.6385019381186408,-0.8330471609775603,-1.0,-0.014116843294857295,0.5302663054153636
NewMedia6,0.639700283795944,-0.8280116608718181,1.0,0.03153491675364162,0.5225380034722305
NewMedia6,0.6401228051960037,-0.8281592238053692,1.0,0.026290753990168003,0.5616908763205744
NewMedia6,0.6607181998569485,-0.8310180006378527,1.0,0.023236069686335847,0.5683815216879091
NewMedia6,0.6603374979811265,-0.831666053521144,1.0,0.001357487446548955,0.5609555585312496
NewMedia6,0.6667099282434645,-0.8312920460858761,-1.0,0.003946083957911739,0.5709597996725597
NewMedia6,0.6714787960591588,-0.8296620536816272,1.0,0.00045231578933169203,0.5570260874514941
NewMedia6,0.675019035093791,-0.8182847475007803,-1.0,-0.06023037050739022,0.43183543438571803
NewMedia6,0.6783746914007522,-0.8161189044438204,1.0,-0.07084345418041049,0.47661983370433614
NewMedia6,0.6781958768833207,-0.8159033401584024,1.0,-0.050182209002299416,0.4532548310052158
NewMedia6,0.6807785930181585,-0.8276689340584091,1.0,-0.013261898943201289,0.5764840145365235
NewMedia6,0.6803402090399391,-0.8284332692533928,1.0,-0.040688168094049404,0.5694900972383128
NewMedia6,0.6809703860086294,-0.8279035387223498,1.0,0.006738830162847265,0.5206791798220589
NewMedia6,0.6813020580974136,-0.8279953405473701,1.0,0.01930915851710635,0.5305229201261055
NewMedia6,0.6809689439560693,-0.8275546917872727,1.0,0.006562224475549883,0.5323322871229339
NewMedia6,0.6759058974181491,-0.8294206488824998,1.0,0.01178316386118361,0.5126550711032707
NewMedia6,0.6749786576221128,-0.8289242390138716,1.0,0.018396965838681112,0.4954637517723912
NewMedia6,0.6740889111926351,-0.8287358752692003,1.0,0.011541208668800707,0.5639668155187516
NewMedia6,0.6722128008121642,-0.8255894527183201,-1.0,0.016422438643700854,0.5211793452219042
NewMedia6,0.6713418010659653,-0.826544191698531,1.0,-0.04981495558528981,0.4675123443340172
NewMedia6,0.6757876491082346,-0.8131792060026153,-1.0,-0.37109580588496605,-0.33308542797035023
NewMedia6,0.6153440160586974,-0.8399975791518736,-1.0,-0.37109580588496605,0.31563002877350765
NewMedia6,0.6153440160586974,-0.8399975791518736,-1.0,-0.09927264920682721,0.3266084726712333
NewMedia6,0.6153440160586974,-0.8399975791518736,-1.0,-0.038593203381431795,0.4432627207411408
NewMedia6,0.6153440160586974,-0.8399975791518736,-1.0,-0.04960540510617273,0.4641595564951282
NewMedia6,0.6703583212200919,-0.8326099122850562,1.0,-0.011602777624005411,0.5602062435758841
NewMedia6,0.6704621490044069,-0.8314906100333275,1.0,-0.04353168168310095,0.6109627670717606
NewMedia6,0.6706164486283197,-0.8309683596509898,1.0,-0.0452766754924504,0.5518378045725012
NewMedia6,0.6692263099605453,-0.8299326990620574,1.0,-0.045194043473623324,0.5612196383972126
NewMedia6,0.6704059089545698,-0.830056461522455,1.0,-0.06101510464697091,0.512026131775853
NewMedia6,0.6792514593571908,-0.8314538893033193,1.0,-0.05171981264674941,0.5123536654611998
NewMedia6,0.6800388200549132,-0.8314266887625725,1.0,-0.03394798773481611,0.5579051094788345
NewMedia6,0.6787207840151357,-0.8283231070633684,-1.0,-0.0035842313264464742,0.5462249409902811
NewMedia6,0.6904937011144181,-0.8281061827509131,-1.0,-0.037459038417137935,0.5308784481435325
NewMedia6,0.6870241226552227,-0.8273595279074148,1.0,0.051216999512579076,0.5822480475119804
NewMedia6,0.689249209755197,-0.8292411253135712,1.0,0.03943140529790057,0.5659133547427766
NewMedia6,0.6865179622066866,-0.8201303041904473,1.0,0.04924139216048973,0.5654234539313607
NewMedia6,0.6859036478161555,-0.8217922572300738,1.0,0.0209888028213705,0.5348891027863225
NewMedia6,0.6858185667151195,-0.8224749908028172,1.0,0.0361390864301212,0.5189136706121569
NewMedia6,0.6862367619574998,-0.8221839450168269,1.0,0.028343052496985655,0.5448606838735386
NewMedia6,0.6869015481876282,-0.8224593504918878,1.0,0.014676364677242315,0.4523300849021439
NewMedia6,0.6833699614683555,-0.8042118677319305,1.0,-0.06940576506852925,0.32438478955960726
NewMedia6,0.6843246002630305,-0.804808239587803,1.0,-0.0651548067666442,0.4019160254020573
NewMedia6,0.6624645255070258,-0.81013750553361,1.0,-0.09001678294107873,0.4580969173108085
NewMedia6,0.6674857525207079,-0.8081518660590972,1.0,-0.07436530643382078,0.3947924010318713
NewMedia6,0.6776349184375072,-0.8076846967717718,1.0,-0.07309990238080144,0.4088203608376093
NewMedia6,0.6890617429224062,-0.8081063051533465,-1.0,-0.09960317728213575,0.36307482278421377
NewMedia6,0.692486617752244,-0.8084327116423075,1.0,-0.10066389156302791,0.3566482572828422
NewMedia6,0.692972589464941,-0.8081654663294706,1.0,-0.10958166865370578,0.35859293021806193
NewMedia6,0.6991243856856095,-0.8075616143248927,1.0,-0.1006946760406301,0.3383987521993048
NewMedia6,0.6995007614037516,-0.8073623703639228,1.0,-0.12544161548297206,0.3105910489989463
NewMedia6,0.6946468124870215,-0.8088869606727782,-1.0,-0.11896931408673395,0.30882833922225217
NewMedia6,0.6951327841997186,-0.8080471439772223,1.0,-0.12962236357278178,0.3200773949967597
NewMedia6,0.6472249140536674,-0.8084014310204487,1.0,-0.11629214469244564,0.3774667089070036
NewMedia6,0.6467749936549687,-0.8092392076754487,1.0,-0.12332180715685104,0.38233212382266357
NewMedia6,0.6455968367135045,-0.8089080410918569,1.0,-0.15025390443039932,0.48136580613645097
NewMedia6,0.6398848665236152,-0.8043716709088177,1.0,-0.1645092778744669,0.46550141814620627
NewMedia6,0.6399454327311322,-0.8035542946593779,1.0,-0.1493498129302907,0.4630537803779329
NewMedia6,0.6423781753997369,-0.8018093799704739,1.0,-0.13767655505493281,0.43190448707151763
NewMedia6,0.65181496735193,-0.8022459486494592,1.0,-0.15420835960590473,0.4401329544144965
NewMedia6,0.6521177983895159,-0.8039249020270522,1.0,-0.17121651344188005,0.2749794591588357
NewMedia6,0.6587310514293625,-0.8049585225754288,1.0,-0.16197468921854685,0.30720840053917087
NewMedia6,0.661468067188113,-0.8034006116041587,1.0,-0.18286546778228896,0.3625345321750524
NewMedia6,0.6731962806580374,-0.8039391823109443,1.0,-0.18171780085413414,0.2803086468426361
NewMedia6,0.6734645024341848,-0.8038671008779654,1.0,-0.20714091864661732,0.26784743648902576
NewMedia6,0.6905009113772178,-0.8014278923865006,1.0,-0.20349268801147136,0.2677671860703936
NewMedia6,0.6900928105027573,-0.8016373365502506,1.0,-0.20849759597533457,0.2555122006297792
NewMedia6,0.6904489974850605,-0.8023697111098569,1.0,-0.21082155399502867,0.2129010946250418
NewMedia6,0.6760025149396647,-0.8102163871017756,-1.0,-0.15333721289761604,0.2795089420895249
NewMedia6,0.6771633672504096,-0.8125590336735894,1.0,-0.14876544793440216,0.21898612927502636
NewMedia6,0.676625481645555,-0.813109844623711,1.0,-0.13211644633711983,0.2859905631106554
NewMedia6,0.6702761242241757,-0.8198528586748305,1.0,-0.1449973198601736,0.2900105491974727
NewMedia6,0.6696055697838075,-0.8198990995940999,1.0,-0.12024443955373298,0.2547460890751656
NewMedia6,0.6380779746660208,-0.8095302534614388,1.0,-0.13183668564592732,0.2702129575498615
NewMedia6,0.6422541588795829,-0.8133947702880333,-1.0,-0.11667398023042452,0.3410208879708825
NewMedia6,0.6443134099351653,-0.811572334058001,1.0,-0.12616856121722897,0.3895583940771459
NewMedia6,0.6554979695899956,-0.8137701377503385,1.0,-0.09472572785711675,0.3620045061543209
NewMedia6,0.656549225906186,-0.8142305069024772,1.0,-0.07951765584304238,0.37910717676694405
NewMedia6,0.6573827322858263,-0.8169662012880816,1.0,-0.08485417203932322,0.30215355730976334
NewMedia6,0.6765937564892366,-0.8166867157319088,1.0,-0.10797115440440819,0.3301992123328099
NewMedia6,0.6779089084238941,-0.8165921938528138,1.0,-0.12098920788028611,0.3198179808528101
NewMedia6,0.6732539627604346,-0.8135770139110365,1.0,-0.11342162717567272,0.356898339982765
NewMedia6,0.6727896218361367,-0.8132091265974367,1.0,-0.12701486431201414,0.33687679367850665
NewMedia6,0.68010948063035,-0.8110460035945515,1.0,-0.14115250063121687,0.34220318192909893
NewMedia6,0.6815299024018828,-0.8111670460008744,1.0,-0.1073943505082815,0.2976259406678796
NewMedia6,0.6934700975981172,-0.8132995683954197,1.0,-0.12986053821528354,0.3228236389738961
NewMedia6,0.6926885051106344,-0.8140537033876234,1.0,-0.1497980781304642,0.3486092182536109
NewMedia6,0.6919141228859509,-0.8146595954327572,1.0,-0.10562181269265614,0.35984054428446743
NewMedia6,0.6153440160586974,-0.8399975791518736,-1.0,-0.4630090746699107,0.28160011869596824
NewMedia6,0.7058198357213723,-0.814167265645241,-1.0,-0.08847377851108451,0.36920838094313835
NewMedia6,0.7053554947970744,-0.8148540792990965,1.0,-0.10357545504993715,0.37850623177160747
NewMedia6,0.704791652246141,-0.8146697956355372,1.0,-0.078757225238411,0.36441295185768063
NewMedia6,0.7041254239634527,-0.8148051183257523,1.0,-0.0695235021933941,0.39092918320470726
NewMedia6,0.7035111095729216,-0.8147847179201922,1.0,-0.07395538681101166,0.34383431834501255
NewMedia6,0.717000069218523,-0.811467611976126,1.0,-0.13777106880195733,0.3348444051694335
NewMedia6,0.7174370111441821,-0.8116212950313453,1.0,-0.10105544851498649,0.3218718316831455
NewMedia6,0.7277678756835328,-0.8115526136659597,1.0,-0.11623921699411177,0.3103838909415475
NewMedia6,0.7308841512655455,-0.8147840379066735,1.0,-0.10847558777424171,0.3812468768823274
NewMedia6,0.7329059089545695,-0.8159149003882197,1.0,-0.12628035747799515,0.29067401486778977
NewMedia6,0.6582508479269051,-0.8147813178525989,-1.0,-0.09755465932519891,0.2772852589778989
NewMedia6,0.646979765118479,-0.811638295369312,1.0,-0.09029168292528156,0.314802329688316
NewMedia6,0.6463582404651487,-0.8121639458192429,1.0,-0.0991279081542411,0.2665531652024855
NewMedia6,0.6396426016935466,-0.8104319513871936,1.0,-0.13073870594477965,0.3237558502321898
NewMedia6,0.640541000438384,-0.813487932140091,-1.0,-0.14103908413478738,0.3011187001671729
NewMedia6,0.6451454742622458,-0.8121551056435001,1.0,-0.14094457038776298,0.300233146129014
NewMedia6,0.652495616160218,-0.8139877420763124,1.0,-0.16773354684438846,0.31489471098418287
NewMedia6,0.6557560969982232,-0.8125243529841373,1.0,-0.17694998737566392,0.33717913246498044
NewMedia6,0.6591304999884635,-0.8122380672927778,1.0,-0.1470220743607158,0.22553680298195644
NewMedia6,0.6625510486606216,-0.8127079566341779,1.0,-0.14051682817265765,0.3111770636838398
NewMedia6,0.6627442837036523,-0.8133682497608052,1.0,-0.1354935575379439,0.29257389687168
NewMedia6,0.6754473247040909,-0.8109698420804605,1.0,-0.139816886366122,0.2832993746532786
NewMedia6,0.6753045615006577,-0.8112649679475628,1.0,-0.12916383688007416,0.30100299026123856
NewMedia6,0.674959910938834,-0.8136368551006794,1.0,-0.13110541928323471,0.2567990067610979
NewMedia6,0.6738971182021645,-0.8140074624683539,1.0,-0.14169635973552352,0.28738188141507615
NewMedia6,0.6919588265153089,-0.8234766507158162,-1.0,-0.12954675257516213,0.37075180178519873
NewMedia6,0.6916689739507627,-0.8245775926025409,1.0,-0.17189269179202116,0.3521467686842339
NewMedia6,0.6909883251424747,-0.8253045270539978,1.0,-0.1618925972782742,0.32872297788774363
NewMedia6,0.6705703029464019,-0.8322590253094232,1.0,-0.16661396400106387,0.27695679214814994
NewMedia6,0.6723108603862393,-0.8317979761437657,1.0,-0.11821590450330999,0.28560797390555015
NewMedia6,0.6910330287718327,-0.7815374969654396,1.0,-0.1732439683351943,0.1930531131796851
NewMedia6,0.6890271336609679,-0.7823521531608049,1.0,-0.19375345143951184,0.3249082835695203
NewMedia6,0.6771201056736116,-0.7787596417416778,1.0,-0.16207676406533333,0.3246208750934896
NewMedia6,0.676693258115872,-0.7797409012491168,1.0,-0.18109184980955484,0.2890176835530034
NewMedia6,0.6572082439260747,-0.7886531584247894,1.0,-0.16425814134665895,0.23090704901947534
NewMedia6,0.6578196742114857,-0.7883600725982433,1.0,-0.14555306069267782,0.24800132133247432
NewMedia6,0.6893213123831938,-0.7881723888670906,1.0,-0.186770235730787,0.2577937386943727
NewMedia6,0.6889622412957708,-0.7886667586951629,1.0,-0.1956021403313113,0.19778882102337025
NewMedia6,0.6884921321612332,-0.7893209317001222,1.0,-0.18301128899198404,0.16441491146092635
NewMedia6,0.6991921621559263,-0.7885470763158772,1.0,-0.21708268467648617,0.23874359571332127
NewMedia6,0.7142197918829747,-0.7878106216751589,1.0,-0.17744631956718115,0.19113456828774078
NewMedia6,0.7158695000115365,-0.7880003454468675,1.0,-0.19765875946656453,0.13375551896592675
NewMedia6,0.7156589603377863,-0.7879656647574154,1.0,-0.20758810368968172,0.14746807596355338
NewMedia6,0.7068220622505248,-0.7872414503600331,1.0,-0.23875657714414555,0.13319843175751678
NewMedia6,0.7066374795228536,-0.7871877292920584,1.0,-0.22704119314154247,0.13062202006167167
NewMedia6,0.706823504303085,-0.7875760170112182,1.0,-0.22718593419412847,0.14813527421148143
NewMedia6,0.7070700952908331,-0.7876868592147612,1.0,-0.19669039861847915,0.15533168384507756
NewMedia6,0.7077334394684018,-0.7875610567138075,1.0,-0.19114271170741792,0.14265771656765258
NewMedia6,0.7099642947786162,-0.7800571075352978,1.0,-0.20850515707509665,0.16820161144706924
NewMedia6,0.7088149788883507,-0.7793043325701314,1.0,-0.19170817395390172,0.14940994946556518
NewMedia6,0.7099426639902173,-0.7791282090687963,1.0,-0.1796120345704283,0.12480479785526111
NewMedia6,0.7300520869384648,-0.7776022587329037,1.0,-0.15567035225273518,0.1504532049077798
NewMedia6,0.7291998338755452,-0.7771894905270718,1.0,-0.1586888512934207,0.17234757202825013
NewMedia6,0.7284514085969405,-0.7774444955965725,1.0,-0.1495285789318056,0.18323923349652493
NewMedia6,0.7082266214438984,-0.7789425653781997,1.0,-0.2016358979413555,0.1371176382488426
NewMedia6,0.709521584642717,-0.7791934903665885,1.0,-0.17965902140466328,0.12393883984955867
NewMedia6,0.7229442098705614,-0.778301312630095,1.0,-0.18290543359531652,0.10683430294813001
NewMedia6,0.7144461941348839,-0.7773377334741415,-1.0,-0.36297896529050155,0.056081512029864555
NewMedia6,0.6153440160586974,-0.8399975791518736,-1.0,-0.36297896529050155,0.056081512029864555
NewMedia6,0.6392993931842827,-0.7752004509849656,1.0,-0.20182978614239455,0.21074739734361803
NewMedia6,0.6389432062019798,-0.7738853048398602,1.0,-0.19888797825643745,0.20989170392634504
NewMedia6,0.6755972981703238,-0.8274968906381859,1.0,-0.17077202879158782,0.33001351659667333
NewMedia6,0.6753074456057775,-0.8285291511595251,1.0,-0.17378404688962013,0.3358475354023325
NewMedia6,0.6755900879075241,-0.8287093547419723,1.0,-0.15125845054163134,0.33735456361268734
NewMedia6,0.6756492120624811,-0.8285787921463879,1.0,-0.2124363888727615,0.3181187248954995
NewMedia6,0.6778007544818994,-0.8239785006925937,1.0,-0.21007516543281213,0.2632694300493963
NewMedia6,0.6775440691262318,-0.8242484660595053,1.0,-0.19204572305041767,0.28046728139109467
NewMedia6,0.687645647308553,-0.8234100093909866,1.0,-0.18067274885132045,0.35267212898295197
NewMedia6,0.6875966175215154,-0.8238989391109095,1.0,-0.1916887311259423,0.29055457238424487
NewMedia6,0.685264818532106,-0.8256588140972243,1.0,-0.18918114639774364,0.3034179679754174
NewMedia6,0.684227982741515,-0.8260688622489816,1.0,-0.2022159423088089,0.32678297067453776
NewMedia6,0.6854450751020973,-0.826129383452143,1.0,-0.14305249698568667,0.28824224055436276
NewMedia6,0.6867155234073972,-0.8262769463856942,1.0,-0.14283754572102514,0.31517932002700544
NewMedia6,0.688682483099144,-0.8257852966116966,1.0,-0.180887700115982,0.3380114972721857
NewMedia6,0.6895145474262248,-0.825361648189566,1.0,-0.16443744742672828,0.32226655176548613
NewMedia6,0.6896169331579798,-0.8252066051073095,1.0,-0.1843744472633546,0.3465283062355977
NewMedia6,0.6890992362889643,-0.8247455559416521,1.0,-0.14037586766995258,0.38144470349569914
NewMedia6,0.6837549895018573,-0.8260824625193549,1.0,-0.13255553020186783,0.4170880202455012
NewMedia6,0.6836727925059412,-0.8262857865614368,1.0,-0.11595783606725607,0.4148195462025457
NewMedia6,0.6907345238919269,-0.8265244713064895,1.0,-0.1267766896695124,0.3985753684404032
NewMedia6,0.6908325834660021,-0.8267726762408036,1.0,-0.11542531861259231,0.44764943257821743
NewMedia6,0.6724824646408711,-0.8360310602974788,1.0,-0.11741172753577023,0.45291796587584265
NewMedia6,0.6720094714012137,-0.8342133841620771,1.0,-0.07354654734531141,0.4318111726312479
NewMedia6,0.6731933965529178,-0.8304352290523536,1.0,-0.08552332936825668,0.48298294538632436
NewMedia6,0.671604254631873,-0.8320271406995571,1.0,-0.07162170737733808,0.449859118523803
NewMedia6,0.663130753789714,-0.8338774574838548,-1.0,-0.0460160430334593,0.5576456953348847
NewMedia6,0.6428107911677163,-0.8304828299986604,1.0,-0.08423848248727772,0.5326644865302939
NewMedia6,0.6426189981772457,-0.8305249908368179,1.0,-0.09403766777877853,0.453033675781777
NewMedia6,0.6621112226298425,-0.8273105669340707,-1.0,-0.030073464185365717,0.535927692506524
NewMedia6,0.6885901917353083,-0.8257614961385432,1.0,-0.07462076359006431,0.47364870192615016
NewMedia6,0.6887271867285019,-0.8249645202946634,1.0,-0.07534878948143009,0.47027071918838836
NewMedia6,0.6892218107565584,-0.8249917208354102,1.0,-0.14542668231094213,0.21730553620576964
NewMedia6,0.6153440160586974,-0.8399975791518736,-1.0,-0.5800181736433565,0.21730553620576964
NewMedia6,0.6662614498973258,-0.8306977142705597,1.0,-0.059387847962486195,0.4088119625379849
NewMedia6,0.6664806418864353,-0.8332885657766876,1.0,-0.05993872808800049,0.4704648132241491
NewMedia6,0.6663696038393208,-0.832860837273445,1.0,-0.024047807753637684,0.5120363963642831
NewMedia6,0.6660033224890982,-0.8325337507709654,1.0,-0.03908035423752376,0.5253766287452335
NewMedia6,0.6655822431415981,-0.8323562672425928,1.0,-0.0406590038521103,0.5066596183159453
NewMedia6,0.6878475346669435,-0.8269882405262217,-1.0,-0.06460554687679332,0.514379521959454
NewMedia6,0.6866866823561986,-0.8263361075618183,1.0,-0.07092716635634655,0.5238500045024219
NewMedia6,0.6865554555732447,-0.8262164251825326,1.0,-0.031011580634403235,0.5536994276558806
NewMedia6,0.6748113795251611,-0.8280885023994278,1.0,-0.024652155656040287,0.5567498767082961
NewMedia6,0.6737860801550495,-0.8285917124032426,1.0,-0.0076218585993331756,0.5695059606931583
NewMedia6,0.674680152742207,-0.8288154368508847,1.0,-0.0008422525056269725,0.5480119125214451
NewMedia6,0.6803027156733807,-0.8277709360862093,1.0,-0.023664892058549936,0.5334259323628943
NewMedia6,0.6796855171777301,-0.8266801944022647,1.0,-0.025675064438122508,0.5443866465169687
NewMedia6,0.6657163540296718,-0.7773112129469134,1.0,-0.02105955311200025,0.5447869654657256
NewMedia6,0.6664921783069149,-0.7765094770084029,1.0,0.0250167086802775,0.5731358924196484
NewMedia6,0.6410168777831615,-0.7752664122962765,1.0,-0.04947956680299148,0.5619885493850347
NewMedia6,0.6407760550056529,-0.7750549280919705,1.0,0.022098124172160727,0.5415256257783008
NewMedia6,0.6465500334556193,-0.7744211554925712,1.0,-0.016820476538312423,0.5393840593741124
NewMedia6,0.6474397798850973,-0.77578050251639,1.0,-0.043299987983252186,0.5719153395409213
NewMedia6,0.6584628296532153,-0.7860561867969935,1.0,-0.08123510564611636,0.51610490596004
NewMedia6,0.6589141921044739,-0.786898723546624,1.0,-0.10973073033472724,0.4959237919629209
NewMedia6,0.6568808979949703,-0.7895460161748016,-1.0,-0.10013083402980971,0.48912956756688675
NewMedia6,0.6499042477100208,-0.797615056587325,1.0,-0.13987467477144566,0.5071084607736422
NewMedia6,0.6510405851272469,-0.7973192507067041,1.0,-0.08632156547169778,0.515262276564405
NewMedia6,0.6605912992316745,-0.7954213329760995,1.0,-0.15190222417850685,0.49580621576818085
NewMedia6,0.6642541127339008,-0.796303310509813,1.0,-0.1741280769287893,0.5221722108663733
NewMedia6,0.6707866108303917,-0.7959388232638065,-1.0,-0.16778701462127676,0.4557500591380266
NewMedia6,0.6815068295609239,-0.7972736898009533,1.0,-0.16579520491255462,0.5069852857124864
NewMedia6,0.6820490413234581,-0.7978700616568257,1.0,-0.13921631901360065,0.5090596657196809
NewMedia6,0.6827224798689464,-0.7973552914231935,1.0,-0.10095229351109125,0.42419671430524386
NewMedia6,0.6965113864470134,-0.7974538933834004,1.0,-0.17697969169615735,0.4306186140846018
NewMedia6,0.6962633534067051,-0.7965460753359777,1.0,-0.166988238439281,0.4040949175823536
NewMedia6,0.7019681133337947,-0.7959979844399306,-1.0,-0.09565682328494685,0.35781468778621295
NewMedia6,0.7077276712581619,-0.7958062206276661,1.0,-0.07024558722066121,0.38350415319245035
NewMedia6,0.6503238850049609,-0.7787712019714952,-1.0,-0.07314256858660095,0.40353129836312496
NewMedia6,0.6487707943979142,-0.7764285553996814,1.0,-0.07220121166623683,0.4184186841637465
NewMedia6,0.6489568191781456,-0.7759341855716092,1.0,-0.0663462200577074,0.4606621312738215
NewMedia6,0.6153440160586974,-0.8399975791518736,-1.0,-0.48421903965931845,-0.15497428953884484
NewMedia6,0.6634782884566577,-0.8264925106711122,-1.0,0.008629645181891687,0.5994617623085248
NewMedia6,0.6641546111072658,-0.8296749739384819,1.0,-0.006826862967218683,0.5843336252520075
NewMedia6,0.6645569437714867,-0.8298660577372279,1.0,-0.06942358766082524,0.5794458148706825
NewMedia6,0.6735957292171386,-0.8336503329686193,1.0,-0.09908362171277807,0.5655755564690006
NewMedia6,0.6725689877944672,-0.8283047466983644,-1.0,-0.04624287602631816,0.5382120300043254
NewMedia6,0.6708414088276691,-0.8301414632122887,1.0,-0.06581532283870684,0.5366126204981032
NewMedia6,0.67736381255624,-0.840259384356561,-1.0,-0.09395179528862485,0.48049144983112413
NewMedia6,0.6764711820216425,-0.840485148844759,1.0,-0.09220356100794869,0.46486594680796967
NewMedia18,0.6763990793936456,-0.8406816727516543,1.0,-0.07453489109991052,0.5379012929182272
NewMedia18,0.6762361274543733,-0.8403981071143695,1.0,-0.07337858291488508,0.49653033582467354
NewMedia18,0.6758900348399899,-0.8405511101560699,1.0,-0.10799977856779286,0.5059681583135469
NewMedia18,0.6721580028148868,-0.8320869818891999,-1.0,-0.0483794267876263,0.504574040575918
NewMedia18,0.6687028448812904,-0.8290140007983359,1.0,-0.03927964322410704,0.5501058885610961
NewMedia18,0.6697252601462818,-0.8284597897806208,1.0,-0.020359071226910053,0.5487882886644886
NewMedia18,0.6902788352829885,-0.8259811405050732,-1.0,-0.030881421702786738,0.5482713266653945
NewMedia18,0.6903264230174662,-0.823856778272752,1.0,-0.013672898723119276,0.566180234041948
NewMedia18,0.6680654576498006,-0.8072841688092759,-1.0,-0.04032469522692084,0.5693911839316268
NewMedia18,0.6582724787153043,-0.7983787117687899,1.0,-0.042441263081715364,0.5667494521275929
NewMedia18,0.6581715350361088,-0.7983453911063751,1.0,-0.040080039641765985,0.5567797373291823
NewMedia18,0.6552196534459287,-0.7953866522866475,1.0,-0.05184727118559396,0.5623450105468648
NewMedia18,0.6640075217461527,-0.796346151361489,-1.0,-0.07282392223948975,0.5195034178746609
NewMedia18,0.6686076694123348,-0.7956912983430111,1.0,-0.10884824197679555,0.5605244458172038
NewMedia18,0.6840001384370458,-0.7965107146330069,1.0,-0.14393174487229166,0.4939707207280768
NewMedia18,0.6842582658452736,-0.7969160026901335,1.0,-0.1667668062319666,0.4690902915189772
NewMedia18,0.6843058535797513,-0.7965304350250483,1.0,-0.17894071692727698,0.3958739153945967
NewMedia18,0.6960138783138368,-0.7967806799999184,1.0,-0.1645578849443653,0.3745385017713414
NewMedia18,0.6966656860709262,-0.7961849881575646,1.0,-0.19588136094394937,0.3102215238154782
NewMedia18,0.7183570406774187,-0.7958817021282383,-1.0,-0.16110840321724795,0.3383670252896134
NewMedia18,0.7168832629611683,-0.7949473635535874,1.0,-0.14074852187250642,0.30531318425729426
NewMedia18,0.7043994139498395,-0.8084401917910128,-1.0,-0.12455750688937706,0.39459644070730504
NewMedia18,0.6923698114948895,-0.8221037034216241,1.0,-0.1425685866009211,0.28354012590917455
NewMedia18,0.6917684755773978,-0.8214672107681501,1.0,-0.17350266596276442,0.28959436679386985
NewMedia18,0.6921982072402575,-0.8266067529422485,1.0,-0.1846979543174554,0.3285167529747479
NewMedia18,0.6741797605039108,-0.8301992643613755,1.0,-0.20685035638433613,0.2942022338543857
NewMedia18,0.6728804711474123,-0.8278756581680844,1.0,-0.15831781732653005,0.2889654274664524
NewMedia18,0.6695911492582081,-0.8289718399601784,1.0,-0.1463329341252686,0.33496664708618673
NewMedia18,0.6687201495120094,-0.8285923924167613,1.0,-0.1350366510808998,0.35838950473827413
NewMedia18,0.6711153988140559,-0.8284611498076582,1.0,-0.10909073724773277,0.42771746813661804
NewMedia18,0.6724882328511108,-0.8299150187105719,1.0,-0.10509361586642774,0.45691555649699467
NewMedia18,0.6724175722756744,-0.8304087085251255,1.0,-0.09553206513887458,0.45018665220914955
NewMedia18,0.6719633257192958,-0.8303407071732586,1.0,-0.06467899756019513,0.4892686060828886
NewMedia18,0.6765980826469165,-0.8299884601705881,-1.0,-0.046085173088425635,0.4337315838119977
NewMedia18,0.6843721879975082,-0.8295430513158601,1.0,-0.026717956126718567,0.5159546697112058
NewMedia18,0.684796151450128,-0.8298130166827716,1.0,-0.01285305947750115,0.5833174309974709
NewMedia18,0.692800985210309,-0.8261198632628817,1.0,0.011227963107234062,0.5756759114837884
NewMedia18,0.692800985210309,-0.8266536738750366,1.0,0.03793268730936927,0.5845482484646276
NewMedia18,0.6924952700676035,-0.8267930766463637,1.0,0.041958432854058536,0.6725848239926355
NewMedia18,0.692208301608177,-0.8267713162137663,1.0,0.08437890291142858,0.6440949922339059
NewMedia18,0.6737384924205718,-0.8147969581635283,-1.0,0.026176797415184083,0.5879150334695571
NewMedia18,0.6720397545049721,-0.8137068964931022,1.0,0.03296666500142442,0.5632725560831453
NewMedia18,0.6695103943148519,-0.8248128772800003,-1.0,0.0934781463963934,0.6918159969878102
NewMedia18,0.6679976811794837,-0.8284257891046873,1.0,0.1236625967246936,0.705422175523529
NewMedia18,0.6678462656606907,-0.8282238250896428,1.0,0.11677065429166666,0.6449002958534331
NewMedia18,0.6689667404997579,-0.8272065248657143,1.0,0.07926867962945194,0.684169811752114
NewMedia18,0.6693229274820607,-0.8255438918125693,1.0,-0.30137490497992936,-0.018877977838753446
NewMedia18,0.6153440160586974,-0.8399975791518736,-1.0,-0.30137490497992936,-0.018877977838753446
NewMedia18,0.6740456496158371,-0.827972900101254,1.0,-0.06475622879347798,0.6224908330226742
NewMedia18,0.6735293947993817,-0.8279171389927231,1.0,-0.09106237502244707,0.6211872302921069
NewMedia18,0.6153440160586974,-0.8399975791518736,-1.0,-0.1058421647428619,0.44713340372352617
NewMedia18,0.6153440160586974,-0.8399975791518736,-1.0,-0.10552783902418617,0.43622401251160015
NewMedia18,0.6153440160586974,-0.8399975791518736,-1.0,-0.11752946466063496,0.42170521875004385
NewMedia18,0.6153440160586974,-0.8399975791518736,-1.0,-0.12399690534988317,0.40149611042084365
NewMedia18,0.6153440160586974,-0.8399975791518736,-1.0,-0.1402575904665334,0.3572482691337764
NewMedia18,0.6153440160586974,-0.8399975791518736,-1.0,-0.12171507345743449,0.30380149032492554
NewMedia18,0.6153440160586974,-0.8399975791518736,-1.0,-0.15551859017894154,0.3009330044310363
NewMedia18,0.6153440160586974,-0.8399975791518736,-1.0,-0.1816454303278412,0.32712450152592454
NewMedia18,0.6153440160586974,-0.8399975791518736,-1.0,-0.15037596218369975,0.3456735459627276
NewMedia18,0.6153440160586974,-0.8399975791518736,-1.0,-0.17321750448602746,0.33865909948765727
NewMedia18,0.6153440160586974,-0.8399975791518736,-1.0,-0.17391960660678107,0.33156906831596844
NewMedia18,0.6153440160586974,-0.8399975791518736,-1.0,-0.16738357594112063,0.33027386388502533
NewMedia18,0.6153440160586974,-0.8399975791518736,-1.0,-0.4207500881003141,-0.2640252770155802
NewMedia18,0.6518539027710484,-0.7829662053681627,1.0,-0.34327311907516955,0.02216171299184322
NewMedia18,0.6472162617383077,-0.7888796029265062,1.0,-0.2595679641603872,0.12158824909916599
NewMedia18,0.6451988302069633,-0.7892005693073179,1.0,-0.22028265011145864,0.12147907120405033
NewMedia18,0.6460265683763644,-0.7881669487589413,1.0,-0.1641890112916924,0.25341075943490643
NewMedia18,0.6485818855125631,-0.7841616691339823,1.0,-0.15415219143624448,0.2280171008043239
NewMedia18,0.6565521100113056,-0.7831634092885766,-1.0,-0.16858687096038127,0.24882155526244465
NewMedia18,0.6877278443044694,-0.7862282302172167,1.0,-0.15924837267580572,0.35986947176095097
NewMedia18,0.6871971689624143,-0.7854088139272208,1.0,-0.15298130113024955,0.4159915755723327
NewMedia18,0.686761669089315,-0.7850858075058532,1.0,-0.12427126525553145,0.44499650304135097
NewMedia18,0.6864963314182877,-0.7844731153255327,1.0,-0.11956394057515662,0.43503425339816193
NewMedia18,0.6901519346577145,-0.7832960119247171,1.0,-0.13866219841675964,0.4691938705476766
NewMedia18,0.6905355206386563,-0.7830886078015231,1.0,-0.13440205877944955,0.4891071721012219
NewMedia18,0.7280029302508018,-0.7818625434273634,1.0,-0.0675181905208112,0.37010513271413004
NewMedia18,0.7286893472693292,-0.7823514731472861,1.0,-0.07386303337820488,0.3467625254806743
NewMedia18,0.7284961122262985,-0.7823569132554355,1.0,-0.058833727365645405,0.3865060787359256
NewMedia18,0.7276510694261786,-0.7824099543098917,1.0,-0.284653532856354,0.2815189351329337
NewMedia18,0.6153440160586974,-0.8399975791518736,-1.0,-0.604058150257955,-0.8034014046622693
NewMedia18,0.678357386770033,-0.8192258862106179,-1.0,-0.041040299311534856,0.5036073029747246
NewMedia18,0.6740759327195958,-0.8211068036032556,1.0,-0.04367156202869704,0.4767728693863784
NewMedia18,0.6684591379986617,-0.8311574034091798,1.0,-0.05748407105813558,0.49197192541750057
NewMedia18,0.6678159825569323,-0.8312580454099427,1.0,-0.011459656807082719,0.4905302173153345
NewMedia18,0.6685961329918553,-0.8295321710995615,1.0,-0.027262355309579878,0.5044471329371514
NewMedia18,0.6153440160586974,-0.8399975791518736,-1.0,-0.1683017094836443,0.2760796364096152
NewMedia18,0.6153440160586974,-0.8399975791518736,-1.0,-0.1683017094836443,0.2760796364096152
NewMedia18,0.6550797743476156,-0.8302740658484291,-1.0,-0.029397825913779152,0.5048931759616404
NewMedia18,0.6759087815232689,-0.827199044717009,1.0,-0.04403125434594457,0.4984824739151148
NewMedia18,0.6720440806626522,-0.8100402636004403,1.0,-0.08476505907784282,0.39768981440224427
NewMedia18,0.671901317459219,-0.8087965188747952,1.0,-0.09026521907611462,0.37391609445474283
NewMedia18,0.6720830160817701,-0.8044587126392073,-1.0,-0.0891775008675012,0.4189851028161833
NewMedia18,0.6709120694031054,-0.8049490023861674,1.0,-0.11026432794649976,0.43777676479768757
NewMedia18,0.6734053782792275,-0.8140611835363287,1.0,-0.06373872079693998,0.41095819466418715
NewMedia18,0.6741624558731918,-0.8139877420763124,1.0,-0.04636007307262846,0.4029555482666609
NewMedia18,0.6737889642601695,-0.8139095405216655,1.0,-0.06647259843944309,0.407122971169104
NewMedia18,0.6743874160725409,-0.8143277488356468,1.0,-0.09190435748879677,0.39673334138948024
NewMedia18,0.692633707113357,-0.8194305702797372,1.0,-0.11825046953079332,0.4266760789832087
NewMedia18,0.6910532175076718,-0.8188226381940473,1.0,-0.0965549739209568,0.34877998367930463
NewMedia18,0.6771013589903325,-0.8164684313924161,1.0,-0.09544187202028542,0.41203037758288574
NewMedia18,0.6764956969151612,-0.8158679794554315,1.0,-0.09070268270519954,0.3539533362478544
NewMedia18,0.6953404397683487,-0.8231298438212952,-1.0,-0.07830787988112875,0.4401114920932343
NewMedia18,0.6943958953415934,-0.8216922952428294,1.0,-0.0479749079503613,0.4881898911533715
NewMedia18,0.6796422556009323,-0.8159468610235971,-1.0,-0.022954688759480146,0.4437162289208514
NewMedia18,0.673947590041762,-0.8148588393937272,1.0,-0.034394092620771755,0.4342868047316022
NewMedia18,0.6738178053113681,-0.8194366904014052,1.0,-0.04809264507522626,0.4328143028641469
NewMedia18,0.6153440160586974,-0.8399975791518736,-1.0,-0.36547196789773073,-0.4308071092539464
NewMedia18,0.6965777208647699,-0.8213305280508977,1.0,0.0031797124891814743,0.47328290932029304
NewMedia18,0.6967233681733231,-0.8202533866373263,1.0,-0.00685764744482098,0.511051929019438
NewMedia18,0.6863751990032534,-0.8165112722440921,1.0,-0.032894834553685914,0.4607722423133398
NewMedia18,0.6857695369280818,-0.8162501470529234,1.0,-0.014504079618380405,0.47124118936719284
NewMedia18,0.6860492951247086,-0.8164997120142748,1.0,-0.03894425444180871,0.4275551010105487
NewMedia18,0.6898202625689303,-0.8163399088373877,1.0,-0.02609632571057474,0.4613769198862874
NewMedia18,0.6887214185182622,-0.8170308025723552,1.0,-0.0542403592602545,0.4562222302057912
NewMedia18,0.6767235412196304,-0.8148112384474203,1.0,-0.06588175250090123,0.4428931955576729
NewMedia18,0.6766110611199558,-0.8142917081191574,1.0,-0.042763689978707387,0.4305495613988022
NewMedia18,0.6772066288272076,-0.8145174726073554,1.0,-0.08113357087788431,0.41389106752186255
NewMedia18,0.6771028010428923,-0.8149608414215275,1.0,-0.06836989440114061,0.38600591333608003
NewMedia18,0.6762707367158118,-0.8164405508381507,1.0,-0.07604819120941142,0.4128515446572585
NewMedia18,0.6775166701275928,-0.814161145523573,1.0,-0.06899206489583909,0.38810175566453653
NewMedia18,0.6784554463441084,-0.814910520421146,1.0,-0.08455388836306255,0.40659574458158065
NewMedia18,0.6788621051660091,-0.8146283148108985,1.0,-0.06236476095448096,0.3936371682613329
NewMedia18,0.6790986017858378,-0.8148873999615112,1.0,-0.07756959249722861,0.4335813475631636
NewMedia18,0.6797907870146052,-0.8150240826787637,1.0,-0.0714072961912311,0.42604993908899913
NewMedia18,0.6792601116725503,-0.817831858497347,-1.0,-0.06558794976729354,0.40036513940477514
NewMedia18,0.6757083362174385,-0.8155368128718399,1.0,-0.028375997288805577,0.4495997043798534
NewMedia18,0.6716561685240303,-0.8109637219587925,-1.0,-0.3260548746815225,-0.2523871000251483
NewMedia18,0.6153440160586974,-0.8399975791518736,-1.0,-0.3260548746815225,-0.2523871000251483
NewMedia18,0.6903321912277058,-0.8176468948202691,-1.0,-0.052344143455665626,0.474325231618105
NewMedia18,0.6912075171315846,-0.8171042440323714,1.0,-0.035351651897768566,0.45783190430044285
NewMedia18,0.6918997023603517,-0.8161209444843763,1.0,-0.02710789284301407,0.4384001052586888
NewMedia18,0.7005794167185806,-0.8200963035145139,1.0,0.007284849581371544,0.4852682160285282
NewMedia18,0.7011072079555156,-0.8198990995940999,1.0,-0.0020579693316393755,0.4893488565015205
NewMedia18,0.7005577859301817,-0.8201996655693515,1.0,-0.033359302110492095,0.4655088833014276
NewMedia18,0.692165040031379,-0.829840897237037,1.0,-0.06479511444939667,0.4902390762616933
NewMedia18,0.6923539489167301,-0.8287848362425445,1.0,-0.06391532648423703,0.44729670399399835
NewMedia18,0.6932898410281259,-0.8290901623124267,1.0,-0.06870636334054792,0.4670644350207229
NewMedia18,0.6947391038508572,-0.8300782219550524,1.0,-0.07198842071579303,0.5199223997114719
NewMedia18,0.6955163701806604,-0.8301129026445045,1.0,-0.01878474224075899,0.47462757040457904
NewMedia18,0.6954442675526638,-0.830134663077102,1.0,-0.015069541864864311,0.45631181206844995
NewMedia18,0.6952207494058744,-0.8325140303789239,1.0,-0.027332565521655305,0.4720968827844658
NewMedia18,0.6937642763203435,-0.8320475411051171,1.0,-0.025704228680061503,0.4965639290231707
NewMedia18,0.6940627812002493,-0.8314144485192365,1.0,-0.011734016712730888,0.5414808348469715
NewMedia18,0.6956951846980919,-0.8286964344851175,1.0,-0.00787623559846784,0.506518713511138
NewMedia18,0.6954471516577836,-0.8287433554179057,1.0,-0.004205861742590411,0.5615294423389077
NewMedia18,0.6963743914538196,-0.8282197450085308,1.0,-0.00925181567659017,0.5149076816913805
NewMedia18,0.69678681848596,-0.828274826103543,1.0,0.005444261867888711,0.5501908047017416
NewMedia18,0.6948429316351723,-0.8275880124496875,1.0,0.006361855331858068,0.5585564442719166
NewMedia18,0.6940872960937678,-0.831043841151562,-1.0,0.007335076886933356,0.5550086292528642
NewMedia18,0.6952986202441105,-0.8326214725148736,1.0,0.010496696744541456,0.5790650919543825
NewMedia18,0.6957456565376896,-0.8331763635461074,1.0,-0.007876775677022274,0.559161121844864
NewMedia18,0.694296393714958,-0.8319727396180636,-1.0,0.016495889327102553,0.5399420797269245
NewMedia18,0.6945588472808657,-0.8319122184149021,1.0,0.0077871226369876645,0.6008848075226372
NewMedia18,0.6943425393968758,-0.8291364032316962,-1.0,0.03522203304470639,0.575296121711891
NewMedia18,0.6153440160586974,-0.8399975791518736,-1.0,-0.2984795438496529,0.10973638204051617
NewMedia18,0.6946295078563025,-0.8276118129228409,1.0,0.039609091142306596,0.5356738772289906
NewMedia18,0.6936460280104289,-0.8277566558023174,1.0,0.05473507121610832,0.6068559985554927
NewMedia18,0.6803315567245793,-0.8308561574204095,1.0,0.03957722650759554,0.5766790417166872
NewMedia18,0.6786256085461801,-0.8304352290523536,1.0,0.05300357937061939,0.5858695809388461
NewMedia18,0.6714052513786022,-0.832185583849407,1.0,0.026047718640676232,0.5349553560389142
NewMedia18,0.6715480145820354,-0.8288127167968099,1.0,-0.0019035068650734566,0.5191152298031394
NewMedia18,0.6720311021896126,-0.830050341400787,1.0,-0.01787903050498696,0.46509270089782495
NewMedia18,0.7054852795274682,-0.8224525503567011,1.0,-0.079953499236464,0.45328842420371296
NewMedia18,0.7052660875383585,-0.8234351698911775,1.0,-0.10688019572446827,0.4802301693983695
NewMedia18,0.7050079601301307,-0.8237799367451425,1.0,-0.10570174431871115,0.42478739471215055
NewMedia18,0.7040547633880161,-0.8240750626122447,1.0,-0.10532368933061331,0.41449014622839364
NewMedia18,0.6975121709236061,-0.8251930048369361,1.0,-0.09533385630940017,0.3814866949938205
NewMedia18,0.6707274866754342,-0.8133498893958012,1.0,-0.05377049091790409,0.3281136345927831
NewMedia18,0.6718292148312222,-0.8134994923699083,1.0,-0.0550726203126245,0.3757515894948471
NewMedia18,0.6666810871922659,-0.8070189635369951,1.0,-0.10587726984889956,0.4172251924726975
NewMedia18,0.6675059412565469,-0.8060343039619627,1.0,-0.09186385159721489,0.4253379499097416
NewMedia18,0.6676660090906994,-0.8065150735196616,1.0,-0.10163927343232082,0.397152323226291
NewMedia18,0.6988994254862602,-0.8203247880567865,-1.0,-0.033906401686125354,0.46341210782856845
NewMedia18,0.7010697145889573,-0.8217575765406216,1.0,-0.05011037855456091,0.4072022884433333
NewMedia18,0.7011562377425533,-0.821097963427513,1.0,-0.08014468704473077,0.3682425764863475
NewMedia18,0.6826273043999909,-0.8128929203112558,1.0,-0.1392562848266281,0.3419083082978467
NewMedia18,0.6706207747859994,-0.8119613017906796,1.0,-0.1296439667149587,0.35947101910099954
NewMedia18,0.671305749751967,-0.8114920924627982,1.0,-0.09544835296293852,0.3113291662214792
NewMedia18,0.6707808426201518,-0.8115260931387316,1.0,-0.07588724780019263,0.3723241501037424
NewMedia18,0.6705876075771209,-0.8107930385656067,1.0,-0.06897748277486959,0.46529612637761275
NewMedia18,0.6700367434992271,-0.8110310432971407,1.0,-0.05527839024186065,0.44059019517181763
NewMedia18,0.6748070533674813,-0.8171804055464622,1.0,-0.05562674090946529,0.435324461307401
NewMedia18,0.6752612999238596,-0.816113464335671,1.0,-0.05783512211851216,0.3836021333547335
NewMedia18,0.6759621374679865,-0.8161603852684591,1.0,-0.0738160465439699,0.41149848527334854
NewMedia18,0.6692248679079855,-0.8096431357055378,1.0,-0.1096032717958828,0.3429021070867184
NewMedia18,0.6692392884335847,-0.809700256841106,1.0,-0.09466091843058577,0.42014313501992984
NewMedia18,0.669216215592626,-0.8089835225924291,1.0,-0.0314090784504607,0.4125230778275093
NewMedia18,0.6738033847857687,-0.8208245979930081,1.0,-0.015539410207214721,0.5066670834711668
NewMedia18,0.6747262984241249,-0.8217079355537589,1.0,-0.013252717607776021,0.46542116772757414
NewMedia18,0.7003284995731525,-0.8232862469305889,1.0,-0.004521807696929558,0.43234773066279875
NewMedia18,0.6998742530167741,-0.8236820147984542,1.0,-0.01848877919293368,0.47070276504683717
NewMedia18,0.6987422417572275,-0.823826177664412,1.0,-0.020822458626607254,0.5003683587529646
NewMedia18,0.6947708290071755,-0.8254031290142048,1.0,-0.021598551509317,0.4779682273662327
NewMedia18,0.6952005606700353,-0.8223219877611166,-1.0,-0.012966475973930414,0.48567973271011744
NewMedia18,0.6953548602939481,-0.8208823991420949,1.0,-0.011284131276894205,0.510141180082406
NewMedia18,0.6955221383909,-0.8214182497948059,1.0,0.023298718798649087,0.47754551295181114
NewMedia18,0.693372038024042,-0.8262742263316194,1.0,0.021211315185793556,0.5514085581472608
NewMedia18,0.6931658245079717,-0.8262640261288394,1.0,0.015743559900787574,0.49344629357376135
NewMedia18,0.692081400982903,-0.8315769717501984,1.0,0.02896576307023846,0.4874844339849327
NewMedia18,0.6153440160586974,-0.8399975791518736,-1.0,-0.5515873583812765,-0.14539369595635887
NewMedia18,0.6932667681871669,-0.8279871803851461,1.0,0.0002487061743130514,0.5073790726504241
NewMedia18,0.6935018227544358,-0.8283775081448619,1.0,-0.011525546390722563,0.5202126076207103
NewMedia18,0.6931744768233314,-0.8285502315786037,1.0,0.017248758831972077,0.5470619715194998
NewMedia18,0.6927966590526293,-0.8283373873472605,1.0,0.00030055371553805443,0.5111116502612105
NewMedia18,0.6935090330172355,-0.8262789864262501,1.0,-0.01756254447209349,0.5626492156221437
NewMedia18,0.6929927782007799,-0.8272085649062704,1.0,-0.008892663437897075,0.4800398079402193
NewMedia18,0.6792889527237489,-0.8285808321869439,1.0,-0.02443936470559649,0.5155431530296166
NewMedia18,0.6800114210562747,-0.8307663956359452,1.0,-0.015061980765102234,0.5185973346596429
NewMedia18,0.6797778085415658,-0.830255705483425,1.0,-0.025989930235352787,0.5298398584233315
NewMedia18,0.6796624443367714,-0.830467189687731,1.0,-0.014619116350473194,0.5191236281027636
NewMedia18,0.6808997254331925,-0.8334680893456162,1.0,-0.025080978028254153,0.5603882067344099
NewMedia18,0.6702184421217785,-0.8304726297958803,1.0,-0.0057909922998300445,0.5403246689320305
NewMedia18,0.6699833875545096,-0.8314212486544232,1.0,-0.004135651530515205,0.5527737484084059
NewMedia18,0.6695248148404513,-0.8314362089518339,1.0,0.021172969608429515,0.5569421044552516
NewMedia18,0.6710735792898179,-0.8301992643613755,1.0,0.030699415229945126,0.6168126493322654
NewMedia18,0.6707620959368727,-0.8316334128722479,1.0,0.04586320080255657,0.6092215196163286
NewMedia18,0.6777416303269423,-0.8278736181275284,1.0,0.02318638245932858,0.5925014382088107
NewMedia18,0.6782881682471562,-0.8269039188499068,1.0,0.0310191417341652,0.606162672264289
NewMedia18,0.6702069057012989,-0.828508750753965,1.0,0.034229908740226245,0.6037047699075864
NewMedia18,0.6701953692808194,-0.8284536696589528,1.0,0.024065630345933897,0.5911455793916924
NewMedia18,0.6690748944417526,-0.8318312968061805,1.0,0.05022217481532687,0.552072023817578
NewMedia18,0.6699776193442699,-0.8310594814624914,1.0,0.04336803788110988,0.6058052779580563
NewMedia18,0.6706611522576775,-0.8315205306281489,1.0,0.017375677292262193,0.555900715301842
NewMedia18,0.6762361274543733,-0.8283258271174431,1.0,0.021720609262617208,0.576652913673412
NewMedia18,0.6753204240788169,-0.8297667757635021,1.0,0.004666008670961119,0.5501366823263854
NewMedia18,0.6692868761680626,-0.8296402932490298,-1.0,0.021769216332515606,0.5919583481664412
NewMedia18,0.6689407835536789,-0.8257268154490911,1.0,0.04247258763787176,0.579426218838226
NewMedia18,0.6691426709120694,-0.8257893766928086,1.0,0.042839300976327044,0.5907284638436874
NewMedia18,0.6690431692854342,-0.825585372637208,1.0,0.0298698545703473,0.6199937386010581
NewMedia18,0.6683048383747492,-0.8308833579611563,1.0,0.026230265192072277,0.5688882190985733
NewMedia18,0.6689393415011191,-0.8317211346161562,1.0,0.035394858182122624,0.581754414122954
NewMedia18,0.6687215915645695,-0.8318421770224792,1.0,0.021975526340306084,0.6022238697405069
NewMedia18,0.6689220368703999,-0.8258145371929995,1.0,-0.16047921170134205,-0.04785211154248303
NewMedia18,0.6153440160586974,-0.8399975791518736,-1.0,-0.5984326920350564,-0.04785211154248303
NewMedia18,0.6799263399552389,-0.8286229930251013,1.0,0.004301455646723795,0.5969264089663981
NewMedia18,0.6806906278120026,-0.8296178528029137,1.0,0.029194756377315167,0.5736015314765939
NewMedia18,0.6698175515101175,-0.8278164969919601,1.0,0.029330316094475783,0.6239829309225859
NewMedia18,0.6699329157149121,-0.8271004427568021,1.0,0.031032103619471396,0.5729501966835118
NewMedia18,0.6700497219722665,-0.8266584339696673,1.0,0.010794280028030068,0.5918538359933392
NewMedia18,0.6788347061673703,-0.8066102754122753,-1.0,-0.07952143639292342,0.536146048296755
NewMedia18,0.6794043169285433,-0.789692899094834,1.0,-0.055718554263717635,0.5048913096728351
NewMedia18,0.6803964490897765,-0.7886803589655362,1.0,-0.08474993687831889,0.5299051785315201
NewMedia18,0.6895765556863018,-0.7849382445723021,1.0,-0.08161586102698648,0.5140827820393965
NewMedia18,0.6895390623197435,-0.7828376828131343,1.0,-0.04143077610638468,0.5227479609628372
NewMedia18,0.6885094367919522,-0.7837230604144411,1.0,-0.03663163807175751,0.5122258246780302
NewMedia18,0.6875966175215154,-0.7834272545338201,1.0,-0.06770559777919694,0.47985131277087434
NewMedia18,0.7192222722133776,-0.7828451629618397,-1.0,-0.08808384179478912,0.3221517750039544
NewMedia18,0.7290945640386701,-0.7813287328152083,1.0,-0.12056848668638853,0.2784712855137266
NewMedia18,0.7208200664497819,-0.7827098402716246,-1.0,-0.20629029492339668,0.3348621349130847
NewMedia18,0.6449940587434531,-0.7819747456579437,1.0,-0.15239531589869748,0.3276619927018778
NewMedia18,0.6459602339586075,-0.7820393469422172,1.0,-0.13285635395668305,0.32460781107185177
NewMedia18,0.6465183082993009,-0.7824466750398997,1.0,-0.1306485128261906,0.3016813862419989
NewMedia18,0.6417422302208071,-0.7806221987693116,1.0,-0.15316708815297186,0.3334932120743288
NewMedia18,0.6413024041900279,-0.7811682496248025,1.0,-0.1444831650763604,0.3652817092965912
NewMedia18,0.6422628111949424,-0.7812158505711093,1.0,-0.14563839310427706,0.3678375918155772
NewMedia18,0.6429131768994716,-0.7812743317337149,1.0,-0.1862306972549158,0.3034655583399548
NewMedia18,0.6755367319628067,-0.8279933005068141,1.0,-0.09310495211528524,0.42224364307039997
NewMedia18,0.67504354998731,-0.8230054013473788,1.0,-0.10078864970910029,0.37817029978663674
NewMedia18,0.6680265222306823,-0.8298470173587051,1.0,-0.1152708561460265,0.45450337821602416
NewMedia18,0.6712365312290902,-0.8291425233533642,1.0,-0.0902274135773049,0.47194198081361804
NewMedia18,0.6857868415588013,-0.8288086367156979,1.0,-0.09467820094432733,0.4367288436334591
NewMedia18,0.6872577351699314,-0.8284244290776501,1.0,-0.07981145857665006,0.43992206377948695
NewMedia18,0.6948977296324497,-0.8266189931855845,1.0,-0.08006637565433894,0.4940556368687219
NewMedia18,0.6932999353960454,-0.8268039568626624,1.0,-0.047451031752568484,0.4665754673537099
NewMedia18,0.6906090653192127,-0.8289412393518383,1.0,-0.02280994770689393,0.4764985249319855
NewMedia18,0.6882743822246833,-0.8276539737609984,1.0,0.011327337561248152,0.5404683731700455
NewMedia18,0.673669273897695,-0.8278178570189976,1.0,-0.016356549060060788,0.5883750736600863
NewMedia18,0.6733563484921901,-0.827872258100491,1.0,0.003612855489830924,0.5596127637357693
NewMedia18,0.6722070326019243,-0.828303386671327,1.0,-0.03245143006050222,0.4958957976308396
NewMedia18,0.6744782653838166,-0.8113683300024004,1.0,-0.10434776738276585,0.3439350979405036
NewMedia18,0.6746167024295702,-0.8125576736465521,1.0,-0.10339722912697646,0.3992201712226666
NewMedia18,0.6900452227682794,-0.815688455886503,-1.0,-0.06991451906679824,0.40265227633578493
NewMedia18,0.6944405989709515,-0.8172212063575823,1.0,-0.0715552777151437,0.3978269866294406
NewMedia18,0.6928557832075863,-0.8169308405851108,1.0,-0.0692864077080011,0.40071320226698104
NewMedia18,0.6850340901225167,-0.8177006158882438,1.0,-0.08462139818236569,0.3833791118424892
NewMedia18,0.6853830668420202,-0.8169689213421563,1.0,-0.07023154517824626,0.3660711494612725
NewMedia18,0.6912796197595812,-0.8166261945287472,1.0,-0.05461625393413483,0.3726460849226727
NewMedia18,0.6919573844627491,-0.8166010340285565,1.0,-0.09605810165088513,0.34828355085706986
NewMedia18,0.68411982879952,-0.8167451968945143,-1.0,-0.05818347278611691,0.39394137333661194
NewMedia18,0.6821067234258555,-0.818474471272489,1.0,-0.08258152148229958,0.39262657287321256
NewMedia18,0.6971675203617822,-0.8189797213168597,1.0,-0.04631416639550234,0.4195589866238416
NewMedia18,0.6994416372487946,-0.8206049536264781,1.0,-0.07687559155479173,0.3796595982533404
NewMedia18,0.6153440160586974,-0.8399975791518736,-1.0,-0.6297567081131951,-0.17115221404839565
NewMedia18,0.6932278327680486,-0.8264591900086974,-1.0,-0.027988760965282466,0.48418390223259467
NewMedia18,0.6940180775708913,-0.828619592957508,1.0,-0.03526955995749592,0.46125747740274203
NewMedia18,0.6874336655822431,-0.8183473087444979,1.0,-0.10391084383223548,0.40259908710483105
NewMedia18,0.6860449689670289,-0.8141101445096728,1.0,-0.07911961794843059,0.4217994663347162
NewMedia18,0.6863030963752568,-0.8144766717962353,1.0,-0.08948804603629601,0.41299151631766295
NewMedia18,0.6891223091299232,-0.8147180765953628,1.0,-0.07151369166645294,0.3992201712226666
NewMedia18,0.6884387762165156,-0.8150907240035932,1.0,-0.08054434517500564,0.3999060323586485
NewMedia18,0.6890199233981682,-0.8167968779219331,1.0,-0.08897875195947258,0.4050504574507148
NewMedia18,0.6737514708936112,-0.8111996866497706,1.0,-0.07226818140698577,0.3662008565332473
NewMedia18,0.6714874483745183,-0.8127310770938126,1.0,-0.08577014526762927,0.33082535222701903
NewMedia18,0.6706539419948778,-0.8135865341002979,1.0,-0.08355960374436455,0.317047475121204
NewMedia18,0.7149610068987793,-0.7930514858635389,-1.0,-0.1306155680343707,0.36519679315594566
NewMedia18,0.7177167693408091,-0.788912923588921,1.0,-0.11680791971192206,0.32855221246205035
NewMedia18,0.7177629150227267,-0.7898513422446838,1.0,-0.12077857724406016,0.3330434364722292
NewMedia18,0.6482949170531369,-0.7853734532242501,1.0,-0.11509263022306604,0.3350347666275837
NewMedia18,0.6491587065365358,-0.7845145961501715,1.0,-0.1423736182427735,0.2587231505194585
NewMedia18,0.6493461733693269,-0.7844601950686779,1.0,-0.1700602052568546,0.0709409034984052
NewMedia18,0.6153440160586974,-0.8399975791518736,-1.0,-0.28378670677650064,-0.45708632192268805
NewMedia18,0.6788289379571306,-0.8257723763548419,1.0,-0.11624731817242828,0.4029070247577209
NewMedia18,0.6787279942779354,-0.8243293876682268,1.0,-0.11076714108067032,0.4297731852557587
NewMedia18,0.6697382386193214,-0.8297987363988797,1.0,-0.11285994547906986,0.45287130865570746
NewMedia18,0.6700223229736277,-0.83015098340155,1.0,-0.09489639268031536,0.41532437732440464
NewMedia18,0.6695392353660505,-0.8296790540195939,1.0,-0.09905067692095826,0.4335794812743581
NewMedia18,0.6683178168477886,-0.8280504216423823,1.0,-0.08157697537106767,0.45430181902504163
NewMedia13,0.6688975219768811,-0.8291160028261362,1.0,-0.07200516315098038,0.49866723650684874
NewMedia13,0.6691152719134308,-0.8293363272061849,1.0,-0.031407998293351835,0.48324889154109263
NewMedia13,0.6690662421263931,-0.8296532135058845,1.0,-0.035924675244014326,0.5219025321339941
NewMedia13,0.6762548741376526,-0.8112853683531229,-1.0,-0.11169283572295585,0.3716942776319221
NewMedia13,0.6774935972866338,-0.8125318331328426,1.0,-0.10128660213628071,0.3579173336705097
NewMedia13,0.6560834429293279,-0.7951894483662335,1.0,-0.12628359794932176,0.4509882232510658
NewMedia13,0.6570885535636002,-0.7959435833584372,1.0,-0.13605739954876428,0.45355810293609244
NewMedia13,0.6691008513878316,-0.7978598614540457,1.0,-0.13424597607722044,0.3973380189624276
NewMedia13,0.6691902586465472,-0.7975069344378567,1.0,-0.2036898166838368,0.30936396410940037
NewMedia13,0.6803618398283382,-0.796648077363778,1.0,-0.16620728484958136,0.3342434601740969
NewMedia13,0.6799840220576359,-0.797073085812946,1.0,-0.17181762087295605,0.22308170005846173
NewMedia13,0.6789558385824046,-0.7970764858805393,1.0,-0.21276475663385241,0.2764342312826398
NewMedia13,0.7014547426224591,-0.7972437692061318,1.0,-0.19978720904955638,0.28470375697933714
NewMedia13,0.7005130823008237,-0.7974212527345044,1.0,-0.16717132506923127,0.25935208984687574
NewMedia13,0.7060678687616806,-0.7970261648801578,-1.0,-0.18869183522743382,0.255018567240753
NewMedia13,0.7127243833783254,-0.7959055026013917,1.0,-0.15754820538647352,0.2773757739849607
NewMedia13,0.6935695992247526,-0.8204832312066364,-1.0,-0.12689658710859497,0.3754875096288841
NewMedia13,0.6941334417756857,-0.8187036358282802,1.0,-0.10653184505686353,0.34272854222781723
NewMedia13,0.69425457419072,-0.8187233562203217,1.0,-0.14456093638819767,0.3355265337278046
NewMedia13,0.6943180245033569,-0.8190851234122535,1.0,-0.1679047517461415,0.3282060158886497
NewMedia13,0.6940281719388108,-0.8190280022766853,1.0,-0.1634885294066023,0.3093042428676276
NewMedia13,0.693726782953785,-0.8195924134971804,1.0,-0.16930193496644097,0.33959504332356194
NewMedia13,0.6890372280288872,-0.8243892288578697,1.0,-0.10646541539466925,0.3715860328812095
NewMedia13,0.688597401998108,-0.8240934229772487,1.0,-0.1226402280211657,0.3570849688633042
NewMedia13,0.6986816755497103,-0.8220758228673586,1.0,-0.13331164017806396,0.35750768327772575
NewMedia13,0.6997776354952585,-0.8184601909885969,-1.0,-0.7814885375077805,-0.4844638455534035
NewMedia13,0.6153440160586974,-0.8399975791518736,-1.0,-0.7814885375077805,-0.4844638455534035
NewMedia13,0.6822365081562494,-0.8301883841450768,1.0,-0.04519728394494982,0.47314013822668044
NewMedia13,0.6818875314367456,-0.8298361371424063,1.0,-0.017802879428812868,0.5110491295862298
NewMedia13,0.6483381786299347,-0.7818584633462513,-1.0,-0.0713586891213327,0.5087666583772339
NewMedia13,0.6485213193050461,-0.7807323609593358,1.0,-0.05904759847319796,0.4819891465974522
NewMedia13,0.6482617498442584,-0.7808765238252937,1.0,-0.06768291447991115,0.4758882484926221
NewMedia13,0.6599697745783437,-0.7964583535920694,-1.0,-0.12372902638688799,0.5183015278839878
NewMedia13,0.6606360028610323,-0.7963862721590905,1.0,-0.096706195916196,0.5095019761665589
NewMedia13,0.6836554878752221,-0.8379956193529128,-1.0,-0.0529711746573539,0.5421303033512481
NewMedia13,0.6826849865023881,-0.8366315122344632,1.0,-0.07399373238837592,0.5471244921944807
NewMedia13,0.6809300085369512,-0.8358250162013221,1.0,-0.06806529009644446,0.521524608650902
NewMedia13,0.6746138183244501,-0.8349845194922475,1.0,-0.049140397470812114,0.5216823100549577
NewMedia13,0.6938536835790592,-0.8337978959021706,1.0,-0.03243036699687962,0.6040015098276439
NewMedia13,0.6953534182413883,-0.8362819852858675,1.0,-0.03730619618623521,0.5774031617731796
NewMedia13,0.6944939549156686,-0.8337346546449343,1.0,-0.01907422434593109,0.5378229087884008
NewMedia13,0.6911195519254287,-0.8285264311054503,1.0,0.00038318573436502135,0.5541594678464101
NewMedia13,0.6908037424148035,-0.8290534415824187,1.0,0.010673842510392939,0.6034052305543205
NewMedia13,0.6907475023649663,-0.8294308490852798,1.0,0.015644725525327585,0.5914040603912396
NewMedia13,0.6931139106158142,-0.8292996064761767,1.0,-0.01682965787373769,0.6227119882461132
NewMedia13,0.6956634595417732,-0.8303855880654907,1.0,0.015997936899922127,0.6308368765603924
NewMedia13,0.6153440160586974,-0.8399975791518736,-1.0,-0.25606825512770837,0.13386189742783428
NewMedia13,0.6153440160586974,-0.8399975791518736,-1.0,-0.25606825512770837,0.13386189742783428
NewMedia13,0.6985576590295564,-0.8294791300451053,1.0,0.011166394152029469,0.6467591195036047
NewMedia13,0.7000011536420478,-0.8335184103459977,-1.0,-0.010762955471873337,0.5999208693546516
NewMedia13,0.699998269536928,-0.8291751640022604,1.0,-0.013720425635908806,0.5767704898681516
NewMedia13,0.6922457949747352,-0.8304359090658722,-1.0,0.004134031294851903,0.5877694629427364
NewMedia13,0.6923409704436907,-0.8278321373028896,1.0,-0.015090064849932472,0.5762936530783733
NewMedia13,0.693158614245172,-0.8273642880020455,1.0,-0.03836258983869212,0.5447375088123827
NewMedia13,0.6921837867146581,-0.8272752062310998,1.0,-0.03314435084583056,0.4811110577145148
NewMedia13,0.6788116333264116,-0.8255078510960798,1.0,-0.03473974289560422,0.5123312699955349
NewMedia13,0.6785044761311458,-0.8211986054282759,1.0,-0.038052584748451745,0.5056275606065628
NewMedia13,0.678399206294271,-0.8226749147773058,1.0,-0.05824396158421241,0.5572593735521683
NewMedia13,0.6780430193119678,-0.8228054773728901,1.0,-0.04365319935784673,0.5252898463157827
NewMedia13,0.6734010521215477,-0.8341270224452062,1.0,-0.06342601531392744,0.5706751906297374
NewMedia13,0.6737745437345699,-0.8345343505428888,1.0,-0.05411506103562769,0.5771204190191628
NewMedia13,0.6745229690131747,-0.8270365214860471,-1.0,-0.02323877007910813,0.5601063971247957
NewMedia13,0.6767970859001868,-0.823961500354627,1.0,-0.0346824945688351,0.5024362067493402
NewMedia13,0.676328418818209,-0.8245374718049394,1.0,-0.04706055495771866,0.5169223404568024
NewMedia13,0.677278731455204,-0.8077248175693733,1.0,-0.11378293972858367,0.4382013455009144
NewMedia13,0.6776911584873444,-0.8078084592321695,1.0,-0.10707948471105122,0.40434406713787374
NewMedia13,0.6738711612560855,-0.8300863821172765,1.0,-0.0008190291277866413,0.5733178555781742
NewMedia13,0.6741033317182346,-0.8291262030289162,1.0,-0.015315817685682465,0.5761042247646262
NewMedia13,0.6755641309614453,-0.8349641190866874,1.0,-0.04259194499840002,0.547673181103266
NewMedia13,0.6756304653792022,-0.8349151581133433,1.0,-0.08424712374414867,0.4744288106468044
NewMedia13,0.6751026741422672,-0.8231182835914779,1.0,-0.05920206093976366,0.48048678410911094
NewMedia13,0.6748056113149212,-0.8229013592790224,1.0,-0.3977686654523901,0.0839545353384119
NewMedia13,0.6153440160586974,-0.8399975791518736,-1.0,-0.3977686654523901,0.0839545353384119
NewMedia13,0.6752685101866593,-0.8367824752356077,1.0,-0.02395059361384111,0.5195575402500177
NewMedia13,0.675613160748483,-0.8374760890246498,1.0,-0.04709349974953847,0.53358363376695
NewMedia13,0.6756867054290394,-0.8369905593723204,1.0,-0.05433595316438766,0.5738544136097246
NewMedia13,0.674135056874553,-0.8341399427020609,-1.0,-0.029680827076298266,0.6004919537291018
NewMedia13,0.6736058235850579,-0.8319203785771261,1.0,-0.036679705063101475,0.5907312632768953
NewMedia13,0.6734745968021043,-0.8156408549401962,1.0,-0.019297276788908913,0.47643227167939406
NewMedia13,0.6739850834083203,-0.8155939340074081,1.0,-0.044440633890199366,0.4339200789813422
NewMedia13,0.6928485729447866,-0.8318299367791432,1.0,-0.029361640650632737,0.5370493320785652
NewMedia13,0.6931038162478946,-0.8305365510666352,1.0,-0.04042298952382617,0.5679130831977552
NewMedia13,0.6927735862116702,-0.826353107899785,-1.0,-0.020475728194666032,0.6011227593453248
NewMedia13,0.6973939226136914,-0.8336333326306526,-1.0,-0.0198562580927395,0.5681081103779191
NewMedia13,0.6930374818301377,-0.8336632532254741,1.0,-0.016896627614486515,0.5417047895036187
NewMedia13,0.6746844788998869,-0.835342886616586,1.0,-0.047197194831988365,0.5049939555571314
NewMedia13,0.6749079970466765,-0.834632272489577,1.0,-0.04500987668656398,0.49750640486989406
NewMedia13,0.6939041554186567,-0.8295355711671548,1.0,-0.05174195586748098,0.47127384942128736
NewMedia13,0.6930230613045385,-0.8288643978242287,1.0,-0.030002173816181532,0.5069526256583918
NewMedia13,0.6934095313906001,-0.8285481915380478,1.0,-0.012295698409333755,0.5063722098399146
NewMedia13,0.6985490067141968,-0.8276900144774878,1.0,0.00025086648853078763,0.511996271154967
NewMedia13,0.6810626773724651,-0.8219377801230688,-1.0,0.015377386640886836,0.5349226959848197
NewMedia13,0.6755367319628067,-0.8231550043214859,1.0,0.008831094482692592,0.5827584775002557
NewMedia13,0.6761222053021387,-0.8226177936417376,1.0,0.011758320247679865,0.5216580483004873
NewMedia13,0.6871034355460188,-0.8208415983309748,1.0,0.051403326613855826,0.5446441943721128
NewMedia13,0.6866938926189983,-0.8204356302603296,1.0,0.010828845055513403,0.4964174253519471
NewMedia13,0.6880162548164555,-0.8225701926954307,1.0,0.03130160281812988,0.49871109429377536
NewMedia13,0.6869361574490669,-0.8187199561527283,-1.0,0.019289715689146947,0.5838362592853703
NewMedia13,0.6860276643363097,-0.8186247542601147,1.0,0.015313657371464728,0.5329453629955054
NewMedia13,0.6863953877390925,-0.8191041637907761,1.0,0.023749144313040205,0.47829016218516296
NewMedia13,0.6944939549156686,-0.822204345422387,1.0,0.02456034230178772,0.5070925973187963
NewMedia13,0.6950260723102835,-0.820247946529177,1.0,0.004649266235773997,0.5229429881430008
NewMedia13,0.6973016312498557,-0.8241124633557715,1.0,-0.000732616559078525,0.42149339497063165
NewMedia13,0.6990537251101727,-0.818636314489932,1.0,0.01571601589451177,0.46308737357643004
NewMedia13,0.6997574467594194,-0.8225504723033894,-1.0,0.018779881533769194,0.5176557919573217
NewMedia13,0.6999449135922107,-0.826882838430828,1.0,-0.010461591638503909,0.5451005019850315
NewMedia13,0.6776392445951871,-0.8252208853912015,1.0,0.01783852461340496,0.47821831006615545
NewMedia13,0.6774517777623958,-0.8258879786530156,1.0,0.010815343091652663,0.4412312653764703
NewMedia13,0.7003876237281097,-0.824483070723446,-1.0,0.014866472328400215,0.4714978040779343
NewMedia13,0.6993652084631179,-0.8232631264709542,1.0,0.014666103184708179,0.46630765491013615
NewMedia13,0.6990133476384945,-0.8222437862064698,1.0,0.01654179600422867,0.48886548770092375
NewMedia13,0.692105915876422,-0.8141339449828262,1.0,-0.044921303803638346,0.41958791410032537
NewMedia13,0.6913632588080572,-0.8145807138645916,1.0,-0.04171161695468617,0.4262179050814847
NewMedia13,0.6780531136798875,-0.8111609258792065,1.0,-0.02663532410789149,0.4487682727170508
NewMedia13,0.6766009667520361,-0.8102911885888291,1.0,-0.07241454269523495,0.4604633715160471
NewMedia13,0.6907662490482454,-0.8125923543360042,1.0,-0.047067035900371756,0.4598530950766837
NewMedia13,0.6923539489167301,-0.8122101867385123,1.0,-0.03513075976900837,0.4267628614126595
NewMedia13,0.6919328695692302,-0.8120524236021812,1.0,-0.03149981164760418,0.41474116207271905
NewMedia13,0.6911368565561478,-0.8119572217095676,1.0,-0.060323264018751654,0.4549354240744725
NewMedia13,0.6851927159041094,-0.8130160027581348,1.0,-0.08035855815228332,0.40329987855125626
NewMedia13,0.6782896102997162,-0.8083545100876606,1.0,-0.09493149778635301,0.37516370852114833
NewMedia13,0.6799869061627559,-0.8084306716017514,1.0,-0.06166967985493488,0.42480885703341276
NewMedia13,0.6939142497865762,-0.8101341054660167,1.0,-0.027189984783286714,0.43833851772811094
NewMedia13,0.7243545372741746,-0.7836394187516448,1.0,-0.012396693099011369,0.41652066844866154
NewMedia13,0.7231086038623935,-0.7831702094237634,1.0,0.006948380641964347,0.4545043113604268
NewMedia13,0.705088715073487,-0.7851816894119855,1.0,-0.014744414575100007,0.4762867011525733
NewMedia13,0.7057520592510556,-0.7836815795898022,1.0,-0.00203420587524461,0.45701073722606966
NewMedia13,0.7354814148266076,-0.7828873237999971,1.0,0.008363386454559585,0.4157956152477662
NewMedia13,0.7356385985556402,-0.78313620874783,1.0,0.0024754500542103486,0.3920722850980105
NewMedia13,0.7355737061904433,-0.7833293325871318,1.0,-0.008282914749950465,0.37718863187499996
NewMedia13,0.6896270275258993,-0.7810846079620063,-1.0,0.02617517717952067,0.5435066913452256
NewMedia13,0.6721983802865645,-0.7813736137074405,1.0,0.05754672017044893,0.547676913680877
NewMedia13,0.6715941602639532,-0.781996506090541,1.0,0.05773196711461681,0.5478486122509729
NewMedia13,0.6391566299808495,-0.7814728956811661,1.0,0.02130150830438282,0.5624439238535506
NewMedia13,0.6388177476292656,-0.7820141864420265,1.0,0.014113602823530691,0.5579489672657612
NewMedia13,0.6398589095775362,-0.7817183805614055,1.0,-0.016951175548483466,0.5684981647382461
NewMedia13,0.6435159548695233,-0.7819081043331142,1.0,-0.022059238516242252,0.5709318053404788
NewMedia13,0.700569322350661,-0.8102762282914184,1.0,-0.009836180672478823,0.5191945470773685
NewMedia13,0.7005217346161832,-0.8096370155838698,1.0,-0.03868501673568414,0.46608556654229405
NewMedia13,0.6991921621559263,-0.8101225452361993,1.0,-0.026476000934335886,0.48853515458236907
NewMedia13,0.6896789414180569,-0.8126018745252656,1.0,-0.024339990251582067,0.4463700916021205
NewMedia13,0.6876485314136731,-0.8119687819393849,1.0,-0.03568109981596834,0.476737409899076
NewMedia13,0.677048003045615,-0.8091038849852334,1.0,-0.021852928508451552,0.46126214312475566
NewMedia13,0.6906393484229714,-0.8127473974182606,-1.0,-0.01932806126651121,0.416365766477814
NewMedia13,0.6926221706928775,-0.8139197407244456,1.0,-0.0022885828743790526,0.442388364435814
NewMedia13,0.6940425924644102,-0.8142753877947093,1.0,0.02345750189365048,0.4887497777949892
NewMedia13,0.6999391453819708,-0.8157469370491085,1.0,0.018592474275383353,0.49119928185206785
NewMedia13,0.7001338224775617,-0.8159869818211987,1.0,0.01826086604296595,0.46703457439983675
NewMedia13,0.6913574905978173,-0.8129792820281267,1.0,-0.02319394355909077,0.481322881493927
NewMedia13,0.6925990978519183,-0.8136531754251275,1.0,-0.024748829717282428,0.45409466096764284
NewMedia13,0.6923683694423293,-0.8135532134378831,1.0,0.006011884428590131,0.4773887446921581
NewMedia13,0.6920568860893841,-0.8096465357731312,-1.0,-0.598374903629733,-0.6193461363855863
NewMedia13,0.6153440160586974,-0.8399975791518736,-1.0,-0.598374903629733,-0.6193461363855863
NewMedia13,0.6953447659260283,-0.8112391274338534,1.0,0.017059731337923045,0.5052505702678733
NewMedia13,0.6957384462748897,-0.8119171009119661,1.0,0.03759297789863547,0.4633785146300713
NewMedia13,0.6775080178122332,-0.8092385276619299,1.0,-0.003704668844083492,0.5112786831092933
NewMedia13,0.6774157264483978,-0.8083891907771127,1.0,0.0021751663779496777,0.4791617190572819
NewMedia13,0.6874423178976026,-0.8107318373489265,-1.0,-0.020220811116976933,0.41897577137215647
NewMedia13,0.6932321589257286,-0.8111983266227333,1.0,-0.029457774633320444,0.38474150267042595
NewMedia13,0.6926697584273551,-0.8114744121113128,1.0,-0.05862255665086491,0.4349073457593955
NewMedia13,0.6924534505433655,-0.8110922445138209,1.0,-0.07000525226394183,0.3553670500179398
NewMedia13,0.6929783576751805,-0.8114023306783339,1.0,-0.07883121600036724,0.34916723860642374
NewMedia13,0.6885079947393924,-0.8258124971524434,1.0,-0.0406265991388447,0.4401049600824154
NewMedia13,0.67969128538797,-0.8327588352456446,1.0,-0.047474255130408816,0.46311536790851093
NewMedia13,0.6799364343231582,-0.8302659056862051,1.0,-0.055258407335346926,0.4213403592885896
NewMedia13,0.6805925682379272,-0.8302869861052837,1.0,-0.0766395772265076,0.5034626655923067
NewMedia13,0.6900365704529199,-0.8302448252671263,1.0,-0.049139317313703246,0.449902043166327
NewMedia13,0.6904965852195382,-0.8305290709179298,1.0,-0.03230722908647066,0.5447095144803018
NewMedia13,0.697150215731063,-0.8354115679819715,1.0,-0.03768695156710533,0.5224045638226449
NewMedia13,0.6965459957084517,-0.829937459156688,1.0,-0.03590361218039173,0.43010071894110524
NewMedia13,0.6967046214900441,-0.8316082523720572,1.0,-0.015036597073044167,0.503470130747528
NewMedia13,0.6905124477976974,-0.8149676415567142,1.0,-0.02916505205682174,0.39544093639174527
NewMedia13,0.6902081747075517,-0.8148561193396524,1.0,-0.01112588826044758,0.38961344959690525
NewMedia13,0.690772017258485,-0.814475311769198,1.0,-0.00776767980902815,0.4224480016945904
NewMedia13,0.6907763434161649,-0.8138945802242549,1.0,-0.03629516913235031,0.47528170463086905
NewMedia13,0.6750824854064281,-0.8085877547245639,1.0,-0.02871030591399515,0.45660201997768857
NewMedia13,0.6762346854018135,-0.8091304055124615,1.0,-0.03117900498627524,0.4476429005673985
NewMedia13,0.689590976211901,-0.8116552957072787,1.0,-0.018413168195314134,0.4626730574616329
NewMedia13,0.6901173253962762,-0.8118191789652778,1.0,-0.02044170324573713,0.48103174044028574
NewMedia13,0.697781834752313,-0.8237819767856985,-1.0,0.04420677987613297,0.5156140720042217
NewMedia13,0.6969223714265937,-0.8251222834309946,1.0,0.05641741591314453,0.49966663416213675
NewMedia13,0.6975064027133662,-0.8217228958511695,1.0,0.030031338058120527,0.4993894902745357
NewMedia13,0.6996795759211831,-0.8201146638795179,1.0,0.01261434475644485,0.47680832887368085
NewMedia13,0.6996968805519022,-0.8200187819733856,1.0,0.006385618788252723,0.46532225442088837
NewMedia13,0.7014143651507809,-0.8244082692363924,1.0,-0.01145587625720168,0.6152552313241648
NewMedia13,0.6986542765510717,-0.8302128646317489,-1.0,0.007803865072174787,0.5678039053026398
NewMedia13,0.6974588149788885,-0.8368892373580387,-1.0,0.022816428649546916,0.556583777004616
NewMedia13,0.6969973581597102,-0.8316640134805879,1.0,0.014691486876766247,0.5155226238527575
NewMedia13,0.6962301861978266,-0.8192231661565432,1.0,0.031066128568400186,0.5156663280907727
NewMedia13,0.6970579243672272,-0.8202758270834424,1.0,0.009646613099875356,0.4643013944443384
NewMedia13,0.699940587434531,-0.8248903988211286,1.0,-0.010519380043827353,0.547781425853979
NewMedia13,0.7004366535151474,-0.8242226255457958,1.0,-0.003092759841919035,0.5174859596760311
NewMedia13,0.6977472254908745,-0.8329172783954946,1.0,0.001804132411059145,0.5478019550308382
NewMedia13,0.697254043515378,-0.8310078004350726,1.0,-0.03159864602306406,0.5512125978226943
NewMedia13,0.6963859278742992,-0.8196542947273792,1.0,0.021340393960301407,0.45770219722846806
NewMedia13,0.6971444475208233,-0.8194285302391812,1.0,0.011620060137746968,0.46941222633790747
NewMedia13,0.6973059574075355,-0.8210435623460195,1.0,0.03555202104146038,0.5010206266904496
NewMedia13,0.6153440160586974,-0.8399975791518736,-1.0,-0.5407290790445471,-0.3913882902508339
NewMedia13,0.7175898687155351,-0.7839841856056098,1.0,0.018666465037339597,0.47534795788346074
NewMedia13,0.7180686301654324,-0.7834279345473388,1.0,0.017453448604099364,0.45032755701395666
NewMedia13,0.7063418587480679,-0.7827968820020141,1.0,-0.015463799209595064,0.4386473885254034
NewMedia13,0.7050555478646086,-0.7831844897076554,1.0,-0.019218425319962873,0.41508269292410604
NewMedia13,0.7049935396045315,-0.7831885697887674,1.0,-0.04031605397004989,0.365531791996514
NewMedia13,0.7053468424817146,-0.783380333601032,1.0,-0.07338128330765714,0.3313385816485024
NewMedia13,0.6153440160586974,-0.8399975791518736,-1.0,-0.32104942663910463,-0.03687926651117368
NewMedia13,0.6608840359013404,-0.8046654367488826,-1.0,-0.040895018180394316,0.4045745538053396
NewMedia13,0.6864242287902911,-0.8173109681420466,1.0,-0.04902536073871955,0.3822808008805152
NewMedia13,0.6875331672088785,-0.8164147103244412,1.0,-0.07007060176902735,0.4029704785771042
NewMedia13,0.6904057359082623,-0.8141176246583782,1.0,-0.043814682845619846,0.4318540972737721
NewMedia13,0.690542730901456,-0.8148023982716777,1.0,-0.054986747822470816,0.4142885870374111
NewMedia13,0.6918665351514732,-0.8207185158840957,1.0,-0.04097657004211275,0.4807975211952087
NewMedia13,0.6915651461664476,-0.8199548607026308,1.0,-0.050109838476006474,0.43999764847610523
NewMedia13,0.6916040815855655,-0.8198412984450131,1.0,-0.02261173887741974,0.47737288123731214
NewMedia13,0.6827801619713434,-0.8234066093233934,1.0,-0.030251150029771745,0.461417045095603
NewMedia13,0.6832819962621999,-0.823715335460869,1.0,-0.008911566187301934,0.4960367024356471
NewMedia13,0.6830570360628503,-0.8240383418822366,1.0,-0.031827639330140545,0.4922798630703906
NewMedia13,0.6911282042407882,-0.8234990911619323,-1.0,-0.028542881562123146,0.48332447623771113
NewMedia13,0.6928528991024665,-0.824144423991149,1.0,-0.03978839722237604,0.48197981515342536
NewMedia13,0.6928096375256687,-0.8236398539602967,1.0,-0.03542834305249709,0.468887799183592
NewMedia13,0.690414388223622,-0.8248434778883404,1.0,-0.0239862387984332,0.5322268418054292
NewMedia13,0.6877999469324658,-0.8220819429890266,1.0,-0.02739845510529515,0.46930118215398675
NewMedia13,0.6872260100136129,-0.8224008693292822,1.0,0.023769667298108477,0.46106338336698127
NewMedia13,0.6765995246994763,-0.824600033048657,1.0,0.00415401420136563,0.4851403752453587
NewMedia13,0.6784208370826701,-0.8245306716697528,1.0,-0.03463280734182794,0.469219998590952
NewMedia13,0.6963974642947788,-0.8285903523762053,1.0,-0.044097143929584526,0.4422483927754095
NewMedia13,0.6965733947070905,-0.825152204025816,-1.0,-0.02735524882094109,0.5198990711014047
NewMedia13,0.6962720057220646,-0.8271378435003288,1.0,-0.05779839677681131,0.49448674958276806
NewMedia13,0.6931470778246924,-0.8262041849391966,1.0,-0.05509044290492049,0.5206241243022995
NewMedia13,0.693183129138691,-0.8268651580793426,1.0,-0.03555418135567823,0.5033488219751776
NewMedia13,0.6746873630050068,-0.831530730830929,1.0,0.018230081565363543,0.4831742399888772
NewMedia13,0.6754285780208118,-0.8311784838282585,1.0,-0.020050686372332982,0.5153723876039233
NewMedia13,0.6752858148173786,-0.8227265958047246,1.0,-0.0026180307925787183,0.4761952530011093
NewMedia13,0.675486260123209,-0.8205036316121964,1.0,-0.014084438581591807,0.491007987249515
NewMedia13,0.6753651277081747,-0.8205729929911006,1.0,-0.020210009545888474,0.5362225661377762
NewMedia13,0.6736721580028149,-0.8289344392166517,1.0,0.003125704633738957,0.49256167268000484
NewMedia13,0.6738610668881659,-0.8301904241856328,1.0,-0.013253257686330566,0.5169223404568024
NewMedia13,0.6744970120670959,-0.8308425571500362,1.0,-0.03779928790642606,0.504974359524675
NewMedia13,0.6750031725156318,-0.8319244586582382,1.0,-0.02172222949828062,0.5195846014376959
NewMedia13,0.6756362335894419,-0.822965960563296,1.0,-0.02821613403669565,0.5355507021678345
NewMedia13,0.6755641309614453,-0.823390969012464,1.0,-0.03862776840891513,0.5254858066403492
NewMedia13,0.6750103827784315,-0.8056575764726203,1.0,-0.11507696794498767,0.44004337255183734
NewMedia13,0.6747551394753235,-0.8061458261790244,1.0,-0.08768148327174197,0.4002233014555654
NewMedia13,0.6749094390992363,-0.8062933891125755,1.0,-0.05688728425549505,0.45294222763031255
NewMedia13,0.6754631872822501,-0.8063817908700025,1.0,-0.08674390690125888,0.43132687068624853
NewMedia13,0.6764178260769249,-0.8109793622697219,1.0,-0.0353586729189761,0.4364544991790664
NewMedia13,0.6757386193211972,-0.8217664167163643,1.0,-0.06103832802481124,0.47118426755862863
NewMedia13,0.6761481622482175,-0.8234460501074762,1.0,-0.07906885056431456,0.4354858952890672
NewMedia13,0.6153440160586974,-0.8399975791518736,-1.0,-0.5572436010817773,-0.060309589318482515
NewMedia13,0.6994502895641541,-0.822202305381831,1.0,-0.10471880134965628,0.44909860583560546
NewMedia13,0.7011836367411919,-0.8229816008742253,1.0,-0.08242759909428832,0.44723045074140666
NewMedia13,0.6998021503887775,-0.822842878116417,1.0,-0.07511115491748266,0.42235468725432046
NewMedia13,0.6912738515493413,-0.8316578933589199,1.0,-0.08633236704278635,0.3994422595905083
NewMedia13,0.6913373018619784,-0.8316884939672601,1.0,-0.11089675993373238,0.3667262168319656
NewMedia13,0.6911224360305483,-0.8307759158252066,1.0,-0.12466174205038127,0.4416577123685026
NewMedia13,0.6918102951016358,-0.8268739982550853,1.0,-0.13436587351630302,0.3966484252488347
NewMedia13,0.6985663113449159,-0.8309744797726579,1.0,-0.19797524549945789,0.39050553564588286
NewMedia13,0.6984221060889226,-0.8290874422583521,1.0,-0.19378099544578775,0.44867682456558633
NewMedia13,0.6978957569045476,-0.829904818507792,1.0,-0.19499833250746335,0.42250772293636296
NewMedia13,0.6960859809418334,-0.8335306505893337,1.0,-0.1863640966578589,0.42165669524110383
NewMedia13,0.6960167624189568,-0.8290310011363026,-1.0,-0.0849092600518746,0.46217942407260626
NewMedia13,0.6977414572806349,-0.8192612469135887,1.0,-0.07476172409276927,0.4383898406702593
NewMedia13,0.6830007960130131,-0.8212067655905,-1.0,-0.03279383986400819,0.5102858174648242
NewMedia13,0.6759852103089454,-0.8225477522493148,1.0,-0.0015718986326561657,0.4859662080417455
NewMedia13,0.676181329457096,-0.8200051817030123,-1.0,-0.015337420827859494,0.48674538361799713
NewMedia13,0.690728755681687,-0.8199208600266973,-1.0,0.0016286068808708531,0.49584727412189955
NewMedia13,0.6910618698230313,-0.8197617368633289,1.0,-0.005311942622054477,0.4962830525579589
NewMedia13,0.6910561016127914,-0.8203649088543881,1.0,0.009114095645211595,0.4879435410310593
NewMedia13,0.690965252301516,-0.8204519505847776,1.0,0.013288362792368114,0.5017708747902174
NewMedia13,0.6921549456634597,-0.8208953193989497,1.0,0.03510267568417813,0.47832468852806276
NewMedia13,0.6972800004614568,-0.8224668306405931,1.0,0.04232460611395927,0.4982491878144406
NewMedia13,0.6980313098451811,-0.8200915434198832,1.0,0.012786089736752215,0.4878744883452597
NewMedia13,0.6989744122193766,-0.8202445464615836,1.0,0.03360719816697322,0.5272839759043455
NewMedia13,0.6992368657852843,-0.820153424650082,1.0,0.05148271816135641,0.4974877419818402
NewMedia13,0.6965330172354123,-0.8345200702589968,1.0,0.02669635298454165,0.5454047070603105
NewMedia13,0.6960758865739138,-0.8342943057707988,1.0,0.048262229741316,0.6098504589437459
NewMedia13,0.6960153203663966,-0.8341290624857622,1.0,0.03986508837710434,0.6135550422224516
NewMedia13,0.6950722179922013,-0.8300612216170857,1.0,0.035787495291190075,0.5662016963632097
NewMedia13,0.6961941348838283,-0.8223695887074235,1.0,0.050608330981741334,0.5354284602510813
NewMedia13,0.6963542027179805,-0.8222016253683123,1.0,0.0485662939674576,0.49821559461594345
NewMedia13,0.6786631019127385,-0.8223961092346516,1.0,0.0537299850263222,0.48722222040777496
NewMedia13,0.6772657529821646,-0.8222512663551751,1.0,0.0336698472792869,0.5763925663850595
NewMedia13,0.7005044299854641,-0.8192224861430245,1.0,0.039853206648907236,0.5455260158326611
NewMedia13,0.7001626635287603,-0.8197834972959263,1.0,0.02751133152316987,0.547256065555261
NewMedia13,0.6988590480145822,-0.8201017436226632,1.0,0.007760118709266184,0.49121047958489994
NewMedia13,0.6925010382778432,-0.815602094169632,1.0,0.0014876463781656746,0.48404019799457965
NewMedia13,0.6153440160586974,-0.8399975791518736,-1.0,-0.3655654014876464,-0.5780983543531887
NewMedia13,0.6153440160586974,-0.8399975791518736,-1.0,-0.3655654014876464,-0.5780983543531887
NewMedia13,0.6817779354421909,-0.8066177555609806,1.0,-0.05306676856148729,0.4037011306444156
NewMedia13,0.6820072217992201,-0.8072195675250025,1.0,-0.02737307141323697,0.444097884981554
NewMedia13,0.6893126600678343,-0.8113390894210977,1.0,-0.030980256078246615,0.4478687215128512
NewMedia13,0.6888122678295379,-0.8120109427775424,1.0,-0.05754185946345902,0.3995617020740536
NewMedia13,0.6886896933619437,-0.8124447914024531,1.0,-0.07090448305706065,0.35924613129994976
NewMedia13,0.6898289148842898,-0.812652195525647,1.0,-0.08855641052991159,0.3570103173110888
NewMedia13,0.6910416810871922,-0.8121945464275829,1.0,-0.09143394906789193,0.3673943482242963
NewMedia13,0.6918997023603517,-0.8121109047647868,1.0,-0.08681681750610626,0.36627364179665767
NewMedia13,0.6906912623151287,-0.8133267689361665,1.0,-0.06786438087419822,0.40610211119255424
NewMedia13,0.6868366558224315,-0.8130840041100017,-1.0,-0.05006231156321683,0.40236300157094895
NewMedia13,0.6768042961629865,-0.8098729802748479,1.0,-0.06436737223429156,0.3557179123133538
NewMedia13,0.6768821670012231,-0.810145665695834,1.0,-0.06200128808735239,0.39390964642692006
NewMedia13,0.6871712120163356,-0.8118837802495513,1.0,-0.01683343842361873,0.4057232545650591
NewMedia13,0.6890401121340071,-0.8117946984786057,1.0,-0.01694091405594944,0.45178979429298227
NewMedia13,0.6805954523430469,-0.8122591477118566,-1.0,-0.016375451809465758,0.42865621140573085
NewMedia13,0.6768807249486628,-0.8112003666632892,1.0,-0.027771109307848874,0.43435305798419366
NewMedia13,0.7005318289841029,-0.7898316218526424,1.0,-0.002293443581368959,0.5070879315967829
NewMedia13,0.7009341616483238,-0.7886415981949721,1.0,-0.005744005465595059,0.5241738056101577
NewMedia13,0.7014489744122192,-0.7887925611961166,1.0,0.04743590955304455,0.49623732848222657
NewMedia13,0.7289950624120347,-0.7838291425233533,1.0,0.05738955731111095,0.4700878228854599
NewMedia13,0.726899760042454,-0.7838529429965068,1.0,0.08499675277769159,0.6200170672111254
NewMedia13,0.6720916683971299,-0.7856080578881908,1.0,0.07889980597677937,0.5697439125158463
NewMedia13,0.6734601762765049,-0.7855978576854108,1.0,0.05361278798001168,0.5025155240235692
NewMedia13,0.7035298562562009,-0.7848342025039458,1.0,0.016413257308275586,0.37046252702036275
NewMedia13,0.7366696661359915,-0.7821297887402001,1.0,-0.017430225226259255,0.3622041990564979
NewMedia13,0.7357481945501949,-0.7820298267529558,1.0,-0.02854882242622181,0.34901233663557596
NewMedia13,0.7351829099467018,-0.7816116184389745,1.0,-0.02221640137558012,0.3486820035170213
NewMedia13,0.7356645555017189,-0.7819788257390557,1.0,-0.013749589877847912,0.2734649657932591
NewMedia13,0.7359933434853834,-0.7815776177630411,1.0,-0.02334786594710203,0.2599091770552857
NewMedia13,0.7275097482753052,-0.7835530570347738,1.0,-0.026713095419728772,0.29516523887796864
NewMedia13,0.7266373064765466,-0.7835455768860685,1.0,-0.0181820145740198,0.2980859808584091
NewMedia13,0.7265277104819918,-0.7831858497346927,1.0,-0.011782083704074742,0.3119151809063727
NewMedia13,0.6809458711151104,-0.7682894735947351,-1.0,-0.5776612708318425,-0.8795478542111174
NewMedia13,0.691953058305069,-0.8165751935148471,-1.0,-0.5776612708318425,0.42756443245457576
NewMedia13,0.6901548187628341,-0.815994461969904,1.0,-0.03142690104275658,0.4052034931327573
NewMedia13,0.6898736185136476,-0.8161828257145752,1.0,-0.010559885935409352,0.4026625409242144
NewMedia13,0.6895030110057452,-0.8158808997122863,1.0,-0.0338064871535565,0.46422954232533065
NewMedia13,0.6787654876444937,-0.8090318035522546,1.0,-0.040328475776801875,0.42899307653510443
NewMedia13,0.6790481299462403,-0.8094357315823438,1.0,-0.023738342741951746,0.4000096113873479
NewMedia13,0.690710008998408,-0.8109310813098964,1.0,-0.03969820410378688,0.44065364899120096
NewMedia13,0.6912608730763019,-0.8114791722059435,1.0,-0.0018754227802434409,0.4818183811717589
NewMedia13,0.720926778339217,-0.7940721861550608,1.0,-0.024580325208301446,0.42683937925368065
NewMedia13,0.7210032071248933,-0.7938042608287053,1.0,-0.043878412115042176,0.398385006982253
NewMedia13,0.7373517569968389,-0.7856957796320991,1.0,0.002305325309566175,0.42756629874338126
NewMedia13,0.7364129807803237,-0.7856957796320991,1.0,-0.016602284802324507,0.38010844071103733
NewMedia13,0.7277996008398515,-0.7835102161830977,1.0,-0.006333771247027831,0.38836116980848634
NewMedia13,0.7273121870745947,-0.784154188985277,1.0,0.0067582729908064465,0.39793336509134813
NewMedia13,0.6153440160586974,-0.8399975791518736,-1.0,-0.6213649675345279,0.10793727963211741
NewMedia13,0.6914440137514133,-0.8169852416666044,-1.0,0.043022927684831735,0.5851435945935481
NewMedia13,0.6767293094298701,-0.832298466093506,1.0,0.031267037790646546,0.5402836105783115
NewMedia15,0.6768576521077041,-0.8313994882218259,1.0,0.026353403102481243,0.5585975026256353
NewMedia15,0.6763154403451697,-0.8317653354948696,1.0,-0.012361047914419276,0.5932096948104575
NewMedia15,0.673607265637618,-0.8343126661358028,1.0,-0.02911212435848809,0.5165574809953479
NewMedia15,0.6741206363489538,-0.8367103938026288,1.0,-0.0030074274303197868,0.4974858756930347
NewMedia15,0.6850283219122772,-0.828500590591741,1.0,-0.05801820874846253,0.4576844674848166
NewMedia15,0.6844731316767034,-0.8268467977143386,1.0,-0.0558168485606233,0.481980748297828
NewMedia15,0.650524330310791,-0.7852122900203256,-1.0,-0.0631230312448946,0.43747162657800565
NewMedia15,0.6510016497081286,-0.7854489347248224,1.0,-0.05305380667618098,0.429295415321578
NewMedia15,0.6514905055259455,-0.7858127419573101,1.0,-0.05994682926631678,0.4785897015384286
NewMedia15,0.6592761472970168,-0.7952635698397684,1.0,-0.06252030357815541,0.4807126050545636
NewMedia15,0.6616584181260239,-0.7962570695905434,1.0,-0.08802119268247577,0.4782043129001148
NewMedia15,0.6709553309799037,-0.7973192507067041,1.0,-0.13303782035097012,0.43146777549105564
NewMedia15,0.6798398168016428,-0.7983154705115538,1.0,-0.15900371709065086,0.35268425986018737
NewMedia15,0.6833151634710781,-0.7981706276320774,1.0,-0.15331506967688446,0.251453955622452
NewMedia15,0.7002722595233151,-0.7967684397565824,1.0,-0.1417800719114597,0.2743085283332969
NewMedia15,0.6998742530167741,-0.7964270729702106,1.0,-0.15258704378551868,0.2526334501474603
NewMedia15,0.6940397083592902,-0.7978211006834817,1.0,-0.15440872874959666,0.24914535637018043
NewMedia15,0.7129709743660737,-0.7953390513403407,1.0,-0.1816049244362593,0.1910552510135115
NewMedia15,0.7131310422002262,-0.796340031239821,1.0,-0.1645773277723246,0.2463785832161849
NewMedia15,0.7094350614891212,-0.7888394821289048,1.0,-0.14531488605017606,0.20629629854275522
NewMedia15,0.7100335133014928,-0.788818401709826,1.0,-0.1524736272890892,0.20962015890516028
NewMedia15,0.7090774324542581,-0.7884185537608488,1.0,-0.5112181066736157,-0.33712967581163733
NewMedia15,0.6819783807480215,-0.8181807054324239,-1.0,-0.08757994850350992,0.3825803402337806
NewMedia15,0.6817332318128333,-0.8230190016177521,1.0,-0.06805340836824725,0.44248354516488897
NewMedia15,0.6814477054059667,-0.8235337718513844,1.0,-0.06045288287181372,0.4781847168676583
NewMedia15,0.6885498142636304,-0.8272208051496064,1.0,-0.12726654091837664,0.4888169641919833
NewMedia15,0.6714167877990818,-0.7861772292033166,1.0,-0.12353243779307699,0.4406928410561144
NewMedia15,0.6548836551994648,-0.7902892709507066,-1.0,-0.07177022897980512,0.43201366496663307
NewMedia15,0.6482487713712191,-0.7921572680864896,1.0,-0.09874067183071789,0.4164768106617347
NewMedia15,0.6525460879998155,-0.7958164208304461,-1.0,-0.11059539610036295,0.45385017713413633
NewMedia15,0.6548302992547474,-0.7956035765991027,1.0,-0.11458117583202476,0.4644945553356967
NewMedia15,0.6342839343808404,-0.7805569174715193,1.0,-0.08026728487658541,0.43309611247376134
NewMedia15,0.6861761957499826,-0.8283530276581899,-1.0,-0.07621723579694673,0.5392198259592376
NewMedia15,0.6849706398098798,-0.8279252991549472,1.0,-0.07139217399170716,0.5383128095998164
NewMedia15,0.685241745691147,-0.827342527569448,1.0,-0.07530936374695707,0.5326794168407372
NewMedia15,0.6761193211970191,-0.8288283571077393,1.0,-0.0792935232429558,0.4683811017729278
NewMedia15,0.6760904801458205,-0.829249965489314,1.0,-0.07053830979716003,0.4649210023277288
NewMedia15,0.6832372926328418,-0.8298347771153691,1.0,-0.09612453131307941,0.44268417121146886
NewMedia15,0.6839150573360098,-0.8301013424146872,1.0,-0.1003096000313245,0.47250466688844406
NewMedia15,0.6917338663159596,-0.8321162224705028,1.0,-0.09383297800665102,0.4853223384038847
NewMedia15,0.6919054705705914,-0.831351887275519,1.0,-0.2347540549772965,0.03916080457576698
NewMedia15,0.6153440160586974,-0.8399975791518736,-1.0,-0.2347540549772965,0.03916080457576698
NewMedia15,0.6857507902448028,-0.8277559757887987,1.0,-0.11876570447171553,0.33545001588678347
NewMedia15,0.6153440160586974,-0.8399975791518736,-1.0,-0.3432736591537239,0.1194214877961044
NewMedia15,0.6153440160586974,-0.8399975791518736,-1.0,-0.3432736591537239,0.1194214877961044
NewMedia15,0.700991843750721,-0.8299197788052026,1.0,-0.024235215012023414,0.5953549937922569
NewMedia15,0.700312636994993,-0.8299789399813269,1.0,0.004912824570333818,0.593912352545688
NewMedia15,0.6917973166285964,-0.8300829820496831,1.0,0.01818903559522722,0.5679522752626687
NewMedia15,0.6916156180060451,-0.8295790920323496,1.0,0.007346958615130461,0.597775570372852
NewMedia15,0.684672134929974,-0.829487970220848,1.0,0.0181398884467745,0.5202294042199589
NewMedia15,0.6855806280427308,-0.8287365552827191,1.0,-0.03836475015290974,0.5552045895774302
NewMedia15,0.6910200502987933,-0.8300884221578325,1.0,-0.020085251399816206,0.5091137880950372
NewMedia15,0.6884589649523547,-0.831120002665653,1.0,0.0004966022307943962,0.5326635533858912
NewMedia15,0.6808622320666344,-0.8306229127835061,1.0,-0.015059820450884609,0.5354499225723433
NewMedia15,0.6809199141690316,-0.8294934103289974,1.0,0.008581578190547834,0.5828424604964981
NewMedia15,0.6811765995246994,-0.8292656058002433,1.0,0.024538199081056256,0.6095163932475804
NewMedia15,0.6926596640594356,-0.8284251090911687,1.0,0.03040237202501106,0.6382833688939114
NewMedia15,0.6925241111188021,-0.8282884263739163,1.0,0.017942219695854744,0.666444733822892
NewMedia15,0.6930418079878176,-0.8309894400700686,-1.0,0.018444492751470865,0.6095733150561451
NewMedia15,0.6915550517985278,-0.8325935919606082,1.0,0.03911653950067029,0.618667740404826
NewMedia15,0.6812948478346139,-0.8309914801106246,1.0,0.04991919074629414,0.6285432076185642
NewMedia15,0.6823720610968829,-0.8283163069281817,1.0,0.05493976098823561,0.6166885411267065
NewMedia15,0.6802046560993056,-0.8208402383039375,1.0,-0.008026377436598175,0.5272121237853378
NewMedia15,0.6805204656099304,-0.8191272842504109,1.0,-0.00573482413016968,0.5089626187018004
NewMedia15,0.6804397106665743,-0.82363305382511,1.0,-0.0012386701645754616,0.5647627876942518
NewMedia15,0.6807511940195194,-0.8238717385701628,1.0,-0.0037111497867364784,0.51984214929284
NewMedia15,0.6772297016681663,-0.822621193709331,1.0,-0.006794458253952973,0.5256015165462835
NewMedia15,0.6753853164440136,-0.8217997373787791,1.0,-0.007891357797991772,0.5038517868082311
NewMedia15,0.6764408989178836,-0.8221091435297734,1.0,-0.020878086717713074,0.5077019406137573
NewMedia15,0.6900582012413188,-0.8209361202100698,1.0,-0.02114920615203475,0.476300698318614
NewMedia15,0.688385420271798,-0.8207647568033652,1.0,-0.01799730770840624,0.5251209471788947
NewMedia15,0.6761034586188599,-0.8139666616572337,1.0,-0.010843967255037223,0.5442457417121616
NewMedia15,0.675696799796959,-0.8151791257610201,1.0,0.011874437136881522,0.5343497453215642
NewMedia15,0.6796768648623706,-0.8291921643402271,-1.0,0.048958390997970724,0.6199237527708559
NewMedia15,0.6800359359497936,-0.8264795904142574,1.0,0.03279005931412726,0.6511476976294865
NewMedia15,0.6783011467201956,-0.8233651284987545,1.0,0.06289673833059006,0.5905493001183695
NewMedia15,0.6744436561223783,-0.8293839281524917,-1.0,0.03436114782895161,0.6424601232403813
NewMedia15,0.6737557970512911,-0.8303305069704785,1.0,0.032601571898632775,0.6383178952368112
NewMedia15,0.6759909785191851,-0.8230156015501588,-1.0,0.03319079760151111,0.5658424357681715
NewMedia15,0.6751416095613851,-0.8181745853107559,1.0,-0.012211986233397698,0.585820124285503
NewMedia15,0.6786472393345795,-0.8174462908322617,-1.0,0.01992862861903255,0.5658760289666687
NewMedia15,0.679666770494451,-0.8274996106922605,1.0,0.001616725152673304,0.598415707433102
NewMedia15,0.6803041577259408,-0.8265169911577842,1.0,0.003229939794743286,0.5566836234557044
NewMedia15,0.6927317666874322,-0.8208449983985682,1.0,0.011068099855123803,0.5172797347630349
NewMedia15,0.6931845711912508,-0.8200663829196925,1.0,-0.013989384756012857,0.44916952481021033
NewMedia15,0.6153440160586974,-0.8399975791518736,-1.0,-0.6353016946314841,-0.1297495300451501
NewMedia15,0.6971631942041023,-0.8226048733848829,-1.0,-0.016695178313685832,0.5571763237003282
NewMedia15,0.6958336217438452,-0.8210816431030649,1.0,-0.04842965409318789,0.496575126756003
NewMedia15,0.6878648392976627,-0.8139999823196485,1.0,-0.05491707768894993,0.5271719985760217
NewMedia15,0.6875778708382363,-0.8142162266185852,1.0,-0.03247087288846162,0.49748400940422943
NewMedia15,0.6874769271590413,-0.8139047804270348,1.0,-0.07608977725810229,0.4835288348619018
NewMedia15,0.6952625689301124,-0.8180549029314703,1.0,-0.06649420158162,0.46783241286414223
NewMedia15,0.6945328903347869,-0.8192184060619125,1.0,-0.05513634958204672,0.4204697355608735
NewMedia15,0.6918737454142727,-0.8191402045072655,1.0,-0.08123456556756192,0.41307363302510036
NewMedia15,0.6911455088715075,-0.8203145878540066,-1.0,-0.11932738616831828,0.34822849533731093
NewMedia15,0.6903163286495466,-0.8191354444126349,1.0,-0.09322268924014998,0.32870991386610604
NewMedia15,0.6963022888258232,-0.8272106049468263,1.0,-0.1100861020235393,0.3802978690247849
NewMedia15,0.6977717403843935,-0.8276709740989651,1.0,-0.08294553442798258,0.40730493432763004
NewMedia15,0.7002189035785977,-0.8253330876217819,1.0,-0.07695930373072768,0.4247174088819483
NewMedia15,0.6917540550517987,-0.8208864792232069,-1.0,-0.055134729346383415,0.36935021889234854
NewMedia15,0.6902067326549919,-0.8194190100499198,1.0,-0.056001015347682315,0.3564634946911083
NewMedia15,0.6897250870999747,-0.8196182540108897,1.0,-0.03690545789885136,0.37460662131273836
NewMedia15,0.6896803834706167,-0.8200827032441405,1.0,-0.05248618411547956,0.40718735813289
NewMedia15,0.6894799381647865,-0.8201010636091446,1.0,-0.04907234757295453,0.422569310466941
NewMedia15,0.6774561039200755,-0.8204709909633003,1.0,-0.01765111735501923,0.42482845306586947
NewMedia15,0.6778368057958977,-0.8209748809806339,1.0,-0.025841948711440077,0.41662891319937456
NewMedia15,0.68897954592649,-0.8209714809130406,1.0,-0.03142906135697443,0.43004286398813796
NewMedia15,0.6994358690385547,-0.8203003075701145,-1.0,-0.05925012793110762,0.4920008528939843
NewMedia15,0.703313548372211,-0.8186648750577161,1.0,-0.05402000721004874,0.4605408225014709
NewMedia15,0.705130534597725,-0.8237030952175329,1.0,-0.05139576551409397,0.4574651785501831
NewMedia15,0.6892636302807966,-0.820783797181888,-1.0,-0.04760117359069893,0.4382386712770221
NewMedia15,0.6883940725871576,-0.8198283781881583,1.0,-0.04566553205163704,0.423101202776478
NewMedia15,0.6883089914861216,-0.82818438430556,1.0,-0.019826013693691746,0.49950240074726215
NewMedia15,0.6883046653284419,-0.8290058406361118,1.0,-0.05660266285731275,0.4840373985613713
NewMedia15,0.681401559724049,-0.8254949308392251,1.0,-0.02662452253680303,0.5366116873537006
NewMedia15,0.6756203710112827,-0.8212938073208895,-1.0,-0.44415385217779924,0.41385654117896276
NewMedia15,0.6153440160586974,-0.8399975791518736,-1.0,-0.44415385217779924,0.41385654117896276
NewMedia15,0.6884575228997947,-0.8267305154026462,-1.0,-0.03412567357922214,0.5188082252946522
NewMedia15,0.6892102743360791,-0.8287807561614324,1.0,-0.07979903676989819,0.48304080033929164
NewMedia15,0.6889579151380909,-0.8292220849350485,1.0,-0.03920619254070501,0.47149407150032374
NewMedia15,0.6886781569414642,-0.8290820021502028,1.0,-0.0456957764506849,0.5333372836446382
NewMedia15,0.7011158602708751,-0.826558471982423,1.0,-0.029348138686771996,0.5497568925544876
NewMedia15,0.7020719411181098,-0.8265645921040911,1.0,-0.08366167859115103,0.47529850123011763
NewMedia15,0.6774186105535176,-0.8259614201130319,1.0,-0.10796683377597271,0.4204277440627522
NewMedia15,0.6771316420940912,-0.8265890725907631,1.0,-0.08880754705771965,0.3795756152570977
NewMedia15,0.6871438130176968,-0.8296287330192125,1.0,-0.10115320273333761,0.38810268880893917
NewMedia15,0.6878273459311044,-0.8297790160068382,1.0,-0.08412128544096742,0.4094278378437646
NewMedia15,0.68771198172631,-0.8297062545603406,1.0,-0.04772323134399903,0.48376398725138126
NewMedia15,0.6875475877344779,-0.8295049705588147,1.0,-0.025207896488544268,0.5043967431394059
NewMedia15,0.6866953346715581,-0.8294097686662011,1.0,-0.004903103156354116,0.5288553910784863
NewMedia15,0.6853527837382618,-0.8315538512905637,1.0,-0.01926001136865363,0.6169199609385756
NewMedia15,0.6934253939687596,-0.8323725875670408,1.0,-0.003540484963537982,0.5744068350961209
NewMedia15,0.6937628342677833,-0.832871037476225,1.0,0.009622849643480702,0.4848464347585095
NewMedia15,0.694235827507441,-0.8333742474800399,1.0,0.039129501385976706,0.5578463213814644
NewMedia15,0.6834406220437923,-0.8309241587722764,1.0,0.03703021604492385,0.5333680774099274
NewMedia15,0.6824744468286379,-0.8320149004562211,1.0,0.06596816506960934,0.6085431236355681
NewMedia15,0.6911887704483053,-0.8317598953867202,1.0,0.04767192388132857,0.6312885184512977
NewMedia15,0.6912853879698206,-0.8297688158040581,1.0,0.035024364293786636,0.6216127441397368
NewMedia15,0.6855272720980135,-0.8159128603476637,-1.0,0.011811247946013737,0.5086640124929376
NewMedia15,0.6844053552063867,-0.8180868635668477,1.0,0.02387066198778598,0.5154955626650792
NewMedia15,0.683932361966729,-0.8182024658650213,1.0,0.03479537098671015,0.5079790845013581
NewMedia15,0.6804930666112918,-0.8173619691559468,1.0,0.02322418795813852,0.5815285931775014
NewMedia15,0.6885152050021919,-0.8209653607913725,-1.0,0.021235078642188432,0.5426351344731073
NewMedia15,0.6895477146351032,-0.8197610568498102,1.0,0.03994231961038719,0.5648075786255811
NewMedia15,0.6893083339101544,-0.8197426964848061,1.0,0.03482453522864892,0.539701328471029
NewMedia15,0.6896919198910962,-0.8202527066238077,1.0,0.02942320960583711,0.5249819086628928
NewMedia15,0.6907604808380057,-0.8211006834815876,1.0,0.04618940824942985,0.5249296525763418
NewMedia15,0.691790106365797,-0.8185907535841812,1.0,0.04035926025440384,0.5584062080230825
NewMedia15,0.6933619436561222,-0.8182847475007803,1.0,0.01195166837016437,0.5408817561404404
NewMedia15,0.6930259454096583,-0.8185560728947292,1.0,0.0629669485426656,0.5756964406606475
NewMedia15,0.690539846796336,-0.8207069556542784,1.0,0.05323581314902248,0.585241574755831
NewMedia15,0.6905888765833736,-0.8231488841998179,1.0,0.07968778058768633,0.6493299323330339
NewMedia15,0.6916992570545213,-0.8281306632375851,1.0,0.07155473763658904,0.6172848204000296
NewMedia15,0.6909537158810364,-0.8306011523509087,1.0,0.09308928983720666,0.6127590700469514
NewMedia15,0.6847168385593319,-0.8138000583451599,1.0,-0.027062526244442275,0.5192253408426577
NewMedia15,0.6837535474492975,-0.8118463795060246,1.0,-0.01747559182483105,0.5252338576516211
NewMedia15,0.6840448420664036,-0.8116926964508054,1.0,0.0004452947681239383,0.4888449585240642
NewMedia15,0.6925731409058398,-0.8098260593420596,1.0,0.011273329705805857,0.5031687251054571
NewMedia15,0.6954327311321842,-0.8164296706218519,1.0,0.010545843892994178,0.49620186899492413
NewMedia15,0.6934888442813965,-0.8147670375687068,1.0,0.0029523394177684015,0.46049603157014163
NewMedia15,0.6943266768187168,-0.8115791341931877,1.0,-0.0028173197791619975,0.46497979042509874
NewMedia15,0.7008014928128101,-0.8222499063281378,1.0,0.054226317217839215,0.5333214201897922
NewMedia15,0.701095671535036,-0.823179484808158,1.0,0.053123476809701975,0.5569477033216674
NewMedia15,0.6932826307653264,-0.820465550855151,1.0,0.03253622239354703,0.4883363948245947
NewMedia15,0.6952279596686741,-0.8215766929446557,1.0,0.02474126861752035,0.49948280471480544
NewMedia15,0.7042191573798482,-0.8232236856868714,1.0,0.04688016872054046,0.5246039851798008
NewMedia15,0.7045479453635126,-0.823302567255037,1.0,0.0517797613662907,0.5406204757076853
NewMedia15,0.7052228259615607,-0.822746316196766,1.0,0.06359397974435388,0.47832935425007617
NewMedia15,0.7112448374518354,-0.8170437228292099,1.0,0.04586320080255657,0.5172470747089408
NewMedia15,0.7386755612468563,-0.784573077312777,1.0,0.06062840840200212,0.5219687853865855
NewMedia15,0.7380843196972844,-0.78487296327451,1.0,0.06571594838469252,0.5065411089768026
NewMedia15,0.6886651784684248,-0.7859276642419651,1.0,0.09499684729143865,0.5949201485006006
NewMedia15,0.6891280773401631,-0.7854808953601997,1.0,0.10428457819189796,0.5629590195638392
NewMedia15,0.70375481645555,-0.7858365424304635,-1.0,0.02373186179929876,0.42049119788213574
NewMedia15,0.7087111511040356,-0.7854278543057436,1.0,-0.01618426400119899,0.35001826630168287
NewMedia15,0.663559043400014,-0.7865859173280365,1.0,-0.0374098912686851,0.4796469541466839
NewMedia15,0.6646420248725227,-0.7876025375384463,1.0,-0.004838293729823029,0.41710761627795767
NewMedia15,0.6662484714242864,-0.7877555405801467,1.0,-0.013267299728745519,0.45518084105238166
NewMedia15,0.6794605569783809,-0.7876446983766037,1.0,-0.013080432548914223,0.45280318911431094
NewMedia15,0.6891727809695207,-0.8155170924797985,1.0,-0.012120712957699675,0.4429557162326536
NewMedia15,0.6889925243995292,-0.8150676035439585,1.0,-0.028856127123690123,0.4632292115256398
NewMedia15,0.6888223621974574,-0.815130164787676,1.0,-0.009760029596304731,0.4301408441504213
NewMedia15,0.6789039246902471,-0.8139217807650017,1.0,-0.011882538315197921,0.458640007353178
NewMedia15,0.6790567822615998,-0.8150064023272783,1.0,-0.004131330902079733,0.5210897633592455
NewMedia15,0.6807310052836806,-0.817096763883666,1.0,0.0012284086720413256,0.4477810059389977
NewMedia15,0.6791505156779956,-0.8170960838701473,1.0,0.025674524359567963,0.5625465697378473
NewMedia15,0.6793682656145452,-0.8171708853572008,1.0,0.040871794802554096,0.5735754034333183
NewMedia15,0.6774964813917537,-0.8148805998263245,-1.0,0.0029723223242821284,0.5567564087191146
NewMedia15,0.6883565792205997,-0.8183670291365392,-1.0,0.054440728403946315,0.551189269212627
NewMedia15,0.6879225214000599,-0.8187342364366204,1.0,0.03603215087634504,0.5859740931119481
NewMedia15,0.6153440160586974,-0.8399975791518736,-1.0,-0.8785871004937669,0.3600775629627524
NewMedia15,0.6860074756004706,-0.8194251301715878,-1.0,0.033005010578788685,0.5443782482173445
NewMedia15,0.6875288410511986,-0.8187179161121723,1.0,0.051959607524914464,0.5563560897703581
NewMedia15,0.6757501557416763,-0.8224552704107757,1.0,0.05762881211072157,0.6490593204562518
NewMedia15,0.6759087815232689,-0.8205933933966607,1.0,0.031011580634403124,0.6125117867802365
NewMedia15,0.6837131699776193,-0.8244320697095459,-1.0,0.04466098594040502,0.5944265151115737
NewMedia15,0.6853830668420202,-0.8242199054917212,1.0,0.02072686472247387,0.5984847601189016
NewMedia15,0.6869275051337072,-0.8289262790544276,-1.0,-0.011869576429891837,0.5959531393543853
NewMedia15,0.6865857386770033,-0.8274078088672403,1.0,-0.005671634939302006,0.4865092980841148
NewMedia15,0.6876341108880737,-0.8275179710572647,1.0,-0.006711826235125895,0.5075106460112044
NewMedia15,0.6908296993608822,-0.824805397131295,1.0,-0.003829967068710083,0.5908591040600648
NewMedia15,0.6902831614406681,-0.8236493741495581,1.0,-0.0032418215229405023,0.476665557780068
NewMedia15,0.6897539281511733,-0.8196610948625659,1.0,0.004235566063083729,0.4866996595422648
NewMedia15,0.6894943586903857,-0.820024222081535,1.0,0.020005319773761077,0.5206931769880991
NewMedia15,0.6892405574398375,-0.8203254680703053,1.0,0.01017535000465819,0.5735586068340697
NewMedia15,0.6894150457995893,-0.8269889205397403,1.0,0.03607481708214455,0.6411798491198817
NewMedia15,0.6891352876029626,-0.8264061489542411,1.0,0.045250211643283356,0.5849653640126331
NewMedia15,0.688894464825454,-0.8262191452366073,1.0,0.028037908113734966,0.5641310489336262
NewMedia15,0.688663736415865,-0.8258403777067088,1.0,0.015364424755580641,0.5659936051614083
NewMedia15,0.6887343969913016,-0.8253031670269605,1.0,0.03149009023362437,0.5320252826144467
NewMedia15,0.6878259038785446,-0.8190212021414985,1.0,0.011206900043611467,0.5611963097871451
NewMedia15,0.6882902448028427,-0.8185084719484224,1.0,0.04132006000272748,0.5297316136726185
NewMedia15,0.6879931819754967,-0.8199779811622655,1.0,0.007297271388123416,0.5160722459059459
NewMedia15,0.693033155672458,-0.8215372521605729,-1.0,0.006348893446551873,0.5356981389834607
NewMedia15,0.6938709882097782,-0.8206403143294488,1.0,0.027142997949051617,0.5502159996006144
NewMedia15,0.6908643086223207,-0.8165602332174363,1.0,-0.04898647508280085,0.5516147830602565
NewMedia15,0.6798527952746822,-0.8126950363773232,1.0,-0.004610920658409734,0.5268799243779778
NewMedia15,0.6800561246856327,-0.814368549646767,1.0,-0.05062777380970074,0.49068885186379285
NewMedia15,0.6879917399229369,-0.8138564994672094,1.0,-0.01974500191052786,0.45840765439690667
NewMedia15,0.6897899794651714,-0.8137633376151518,1.0,-0.021713588241409787,0.5011895258273376
NewMedia15,0.7245420041069657,-0.7860051857830934,1.0,0.011333278425346816,0.5382950798561652
NewMedia15,0.7235556401559726,-0.7859657449990106,1.0,0.013744729170857894,0.5590855371482455
NewMedia15,0.7130993170439075,-0.7873788130908043,1.0,0.021599631666425756,0.5520123025758055
NewMedia15,0.6973578712996933,-0.7847063599624361,-1.0,0.07144078106160534,0.6866333129752331
NewMedia15,0.6938089799497011,-0.7842827115403055,1.0,0.020176524675513896,0.6037626248605532
NewMedia15,0.6940108673080916,-0.7842126701478825,1.0,-0.3932503682660644,0.23727669271228247
NewMedia15,0.6153440160586974,-0.8399975791518736,-1.0,-0.3932503682660644,0.23727669271228247
NewMedia15,0.6930432500403774,-0.8123482294828022,1.0,-0.08078846068160628,0.3903394359422032
NewMedia15,0.6917699176299579,-0.8117035766671041,1.0,-0.07434316321308942,0.44992537177639447
NewMedia15,0.6822408343139292,-0.8102945886564226,1.0,-0.07146616475366341,0.3997679269870493
NewMedia15,0.6819322350661037,-0.8103292693458746,1.0,-0.05276432457100888,0.43341244842627535
NewMedia15,0.704748390669343,-0.7911386078355238,-1.0,-0.038825437159834886,0.4584953699707601
NewMedia15,0.7030251378602246,-0.7876140977682636,1.0,-0.03495307392460234,0.44287919839163226
NewMedia15,0.7057895526176139,-0.7917798605836284,-1.0,-0.026542430596530386,0.46783427915294773
NewMedia15,0.6787092475946563,-0.810983442350834,-1.0,-0.03420722544094046,0.4551313843990388
NewMedia15,0.6785794628642625,-0.8136953362632849,1.0,-0.042650813560832446,0.46377790043442557
NewMedia15,0.6790380355783208,-0.8128446393514304,1.0,-0.0402820290211211,0.45978310924648147
NewMedia15,0.6809675019035093,-0.8096200152459031,1.0,-0.09932665706226973,0.453171781153376
NewMedia15,0.6825104981426364,-0.809055604025408,1.0,-0.10348580200990243,0.45456869832421276
NewMedia15,0.682791698391823,-0.8089876026735412,1.0,-0.08198419460110484,0.4146011904123146
NewMedia15,0.682536455088715,-0.8087380377121898,1.0,-0.08136526457773274,0.3978923067376292
NewMedia15,0.6826547033986297,-0.8085129532375104,1.0,-0.09600139340267044,0.48125289566372453
NewMedia15,0.6153440160586974,-0.8399975791518736,-1.0,-0.48388581119123775,-0.5764261595835563
NewMedia15,0.6153440160586974,-0.8399975791518736,-1.0,-0.48388581119123775,-0.5764261595835563
NewMedia15,0.6854234443136984,-0.824936639740398,1.0,0.03814115763137749,0.5856017684952719
NewMedia15,0.6861358182783046,-0.8252215654047202,1.0,0.017949240717062276,0.6191576412162418
NewMedia15,0.6851941579566692,-0.8230604824423909,1.0,0.04442659184778419,0.585334889196101
NewMedia10,0.6851523384324312,-0.8227129955343513,1.0,0.028437026165455626,0.5638902976777302
NewMedia10,0.6855777439376112,-0.8267305154026462,1.0,-0.011063779226688664,0.5462109438242404
NewMedia10,0.6836843289264207,-0.825696214840751,1.0,-0.0246705183268906,0.48704958869327597
NewMedia10,0.6564944279089087,-0.8231352839294446,1.0,-0.021785418689148406,0.5230969569694459
NewMedia10,0.656777070210655,-0.8225565924250574,1.0,-0.012413435534198491,0.5648896953330182
NewMedia10,0.6504161763687963,-0.7962584296175808,1.0,-0.07290817449398024,0.4836865362659575
NewMedia10,0.6625294178722225,-0.8010008438967766,-1.0,-0.0928100692245688,0.4622148835599087
NewMedia10,0.6644213908308529,-0.8043920713143777,1.0,-0.0969076452169968,0.3940468186541166
NewMedia10,0.6778440160586974,-0.8068421600221413,1.0,-0.1134097454474754,0.42979371443261805
NewMedia10,0.6790582243141599,-0.8054297719438662,1.0,-0.15165648843624302,0.3195175083551418
NewMedia10,0.6881345031263701,-0.8055174936877745,1.0,-0.15019557594652144,0.3288750804253835
NewMedia10,0.689929858563485,-0.8064885529924335,1.0,-0.15578052827783806,0.25214728191365543
NewMedia10,0.7040374587572968,-0.804145226407101,1.0,-0.14558654556305228,0.25072516984394566
NewMedia10,0.7029573613899078,-0.8041527065558063,1.0,-0.19888635802077415,0.27523140814756397
NewMedia10,0.6784871715004268,-0.8056895371079977,1.0,-0.1848799607902969,0.25929610118271396
NewMedia10,0.6802940633580212,-0.8061410660843937,1.0,-0.1593763712932046,0.24335239591823976
NewMedia10,0.6772109549848873,-0.8163004680533049,1.0,-0.098994508751298,0.3335445350164772
NewMedia10,0.668434623105143,-0.8259457798021025,1.0,-0.11984694173767574,0.3640620895622668
NewMedia10,0.6426507233335641,-0.8230326018881255,1.0,-0.1113228819131743,0.3400177577379835
NewMedia10,0.6433717496135298,-0.8233936890665386,1.0,-0.11677389476299338,0.3561676879154534
NewMedia10,0.6432996469855334,-0.823659574352338,1.0,-0.12235452646587452,0.3372565834504042
NewMedia10,0.644089891788376,-0.8212264859825413,1.0,-0.12723737667643764,0.33984419287908185
NewMedia10,0.6433054151957729,-0.82232538782871,1.0,-0.09694545071580651,0.4514379988531658
NewMedia10,0.6579927205186775,-0.8235011312024882,-1.0,-0.07466721034574486,0.3811815567741388
NewMedia10,0.665645693454235,-0.8248189974016683,1.0,-0.05081572114664079,0.4489157095326768
NewMedia10,0.6652707597886529,-0.8248679583750125,1.0,-0.04227275857273438,0.45107593882491925
NewMedia10,0.6648395860732332,-0.8286535936334414,1.0,-0.02143166723599943,0.4914418993967691
NewMedia10,0.6658562331279851,-0.8262769463856942,1.0,0.007424729926967855,0.48376398725138126
NewMedia10,0.6262199764657022,-0.7993586112491916,1.0,-0.45742520249570306,-0.21783742851530652
NewMedia10,0.6462904639948319,-0.8225130715598626,-1.0,0.03252866129378518,0.6458586351550022
NewMedia10,0.64569633834014,-0.8233297677957838,1.0,-0.002198389755789898,0.442609519659253
NewMedia10,0.6153440160586974,-0.8399975791518736,-1.0,-0.19752644022073018,0.07602560734869912
NewMedia10,0.6518683232966476,-0.8261742643443751,-1.0,0.12057496762904152,0.7042277506880776
NewMedia10,0.6508502341893356,-0.8234868509185963,1.0,0.10299973131091922,0.7157819446822666
NewMedia10,0.6655101405136015,-0.824400789087687,1.0,0.1294408971784946,0.7222514348261624
NewMedia10,0.6656226206132763,-0.8245558321699435,1.0,0.09519235572814067,0.6841894077845709
NewMedia10,0.6656182944555964,-0.8240669024500207,1.0,0.0964620804095957,0.7423784264479252
NewMedia10,0.6629057935903648,-0.8290833621772401,-1.0,0.033032014506509944,0.6428632416223463
NewMedia10,0.65667324242634,-0.8274343293944684,1.0,0.02610712728166309,0.634833534037142
NewMedia10,0.645630003922383,-0.82337260864746,1.0,0.001824115317572872,0.6003538483575026
NewMedia10,0.6866967767241181,-0.8274030487726096,-1.0,0.013098795219764758,0.6148306506209378
NewMedia10,0.6871784222791351,-0.8258838985719036,1.0,0.03156084052425423,0.545837686063162
NewMedia10,0.6876514155187927,-0.8259661802076625,1.0,-0.0038996372022310766,0.5455782719192122
NewMedia10,0.6874336655822431,-0.8257356556248339,1.0,0.01782340241388103,0.5859666279567264
NewMedia10,0.6898981334071663,-0.8230128814960842,1.0,0.009580183437680967,0.5216515162896689
NewMedia10,0.6897539281511733,-0.8230781627938764,1.0,0.027299620729835272,0.5138681588267764
NewMedia10,0.7039581458665005,-0.8254956108527438,-1.0,0.016020620199207913,0.5702067521395835
NewMedia10,0.7104185413349946,-0.8219588605421475,1.0,0.013118778126278485,0.5742864594681731
NewMedia10,0.7103507648646779,-0.8222696267201792,1.0,0.01212827405746153,0.5227600918400721
NewMedia10,0.7102051175561246,-0.8219289399473262,1.0,0.026066081311526768,0.5512760516420778
NewMedia10,0.7103767218107566,-0.8221628645977482,1.0,0.015893161660363475,0.5404441114155756
NewMedia10,0.7095345631157564,-0.8165187523927976,1.0,0.03719385984691481,0.5206661158004211
NewMedia10,0.7096758842666298,-0.8212781670099601,-1.0,-0.032635596847561565,0.4484342070208853
NewMedia10,0.7107415611084194,-0.8192660070082194,1.0,-0.01589910252446225,0.4801116600592268
NewMedia10,0.7119615375741215,-0.821994901258637,-1.0,-0.05661400450695564,0.48568626472093634
NewMedia10,0.7114842181767842,-0.8222587465038804,1.0,-0.028044389056388286,0.5127707810092053
NewMedia10,0.7114265360743868,-0.8224165096402116,1.0,-0.014619116350473194,0.47791317184647353
NewMedia10,0.6818759950162665,-0.8279558997632873,1.0,0.024062929953161616,0.4986317770195463
NewMedia10,0.6821961306845712,-0.8243892288578697,-1.0,0.04145669987699718,0.5042903646774983
NewMedia10,0.6153440160586974,-0.8399975791518736,-1.0,-0.1891287587779643,0.13096075147985053
NewMedia10,0.6153440160586974,-0.8399975791518736,-1.0,-0.1891287587779643,0.13096075147985053
NewMedia10,0.666617636879629,-0.8276056928011729,1.0,0.052215064681157886,0.5851445277379508
NewMedia10,0.6657177960822318,-0.8269209191878735,1.0,0.05517091460953005,0.5906202190929746
NewMedia10,0.6670387162271292,-0.8199310602294774,-1.0,-0.06905903463658791,0.38515488564082045
NewMedia10,0.6153440160586974,-0.8399975791518736,-1.0,-0.11875814337195345,0.39809853165062536
NewMedia10,0.6153440160586974,-0.8399975791518736,-1.0,-0.16477823699457084,0.366042221984789
NewMedia10,0.6153440160586974,-0.8399975791518736,-1.0,-0.2767365213270271,0.33833156580231094
NewMedia10,0.6153440160586974,-0.8399975791518736,-1.0,-0.1602442775301669,0.34093597183023694
NewMedia10,0.6153440160586974,-0.8399975791518736,-1.0,-0.2808216755127033,0.3622583214318542
NewMedia10,0.6153440160586974,-0.8399975791518736,-1.0,-0.15157439649597038,0.39739120819338125
NewMedia10,0.6153440160586974,-0.8399975791518736,-1.0,-0.16142164877881493,0.39662976236078085
NewMedia10,0.6153440160586974,-0.8399975791518736,-1.0,-0.15371472780715956,0.41625472229389304
NewMedia10,0.6153440160586974,-0.8399975791518736,-1.0,-0.23410488055487677,0.41196132489708615
NewMedia10,0.6153440160586974,-0.8399975791518736,-1.0,-0.15356620620469252,0.4431824703225089
NewMedia10,0.6153440160586974,-0.8399975791518736,-1.0,-0.16609224811748868,0.42734700980874774
NewMedia10,0.6153440160586974,-0.8399975791518736,-1.0,-0.1402737928231661,0.4212741060359979
NewMedia10,0.6153440160586974,-0.8399975791518736,-1.0,-0.11497219270542902,0.43093588318151843
NewMedia10,0.6153440160586974,-0.8399975791518736,-1.0,-0.13983524903697253,0.43723834047733146
NewMedia10,0.6153440160586974,-0.8399975791518736,-1.0,-0.12952892998286603,0.4186678337192662
NewMedia10,0.6153440160586974,-0.8399975791518736,-1.0,-0.17515584641786153,0.4417137010326644
NewMedia10,0.6153440160586974,-0.8399975791518736,-1.0,-0.11309055902180976,0.42901080627875565
NewMedia10,0.6153440160586974,-0.8399975791518736,-1.0,-0.08729964773376286,0.48586822787946193
NewMedia10,0.6153440160586974,-0.8399975791518736,-1.0,-0.11595135512460286,0.48026003001925566
NewMedia10,0.6153440160586974,-0.8399975791518736,-1.0,-0.07010624695361944,0.4776621560021481
NewMedia10,0.6153440160586974,-0.8399975791518736,-1.0,-0.08436432079045897,0.4848445684697038
NewMedia10,0.6153440160586974,-0.8399975791518736,-1.0,-0.05334706933123423,0.46749741402357436
NewMedia10,-1.0,1.0,1.0,-0.10378014482206444,0.47512773580442436
NewMedia10,0.6153440160586974,-0.8399975791518736,-1.0,-0.10370885445288025,0.40399880370887575
NewMedia10,0.6153440160586974,-0.8399975791518736,-1.0,-0.07396348798932806,0.43144631316979387
NewMedia10,0.6153440160586974,-0.8399975791518736,-1.0,-0.11484689448080221,0.398821718562715
NewMedia10,0.6153440160586974,-0.8399975791518736,-1.0,-0.10985440832369064,0.4021353143366908
NewMedia10,0.6153440160586974,-0.8399975791518736,-1.0,-0.10333512009321755,0.382588738533405
NewMedia10,0.6153440160586974,-0.8399975791518736,-1.0,-0.09099216481037176,0.37749843581669507
NewMedia10,0.6153440160586974,-0.8399975791518736,-1.0,-0.09636108571991797,0.3453880037755024
NewMedia10,0.6153440160586974,-0.8399975791518736,-1.0,-0.09348570749615537,0.32341151994759487
NewMedia10,0.6153440160586974,-0.8399975791518736,-1.0,-0.10706004188309193,0.3445043160261485
NewMedia10,0.6153440160586974,-0.8399975791518736,-1.0,-0.09894212113151857,0.3494135887287355
NewMedia10,0.6153440160586974,-0.8399975791518736,-1.0,-0.08291583010748915,0.37306879933709425
NewMedia10,0.6153440160586974,-0.8399975791518736,-1.0,-0.08621841046780254,0.3999592215896022
NewMedia10,0.6153440160586974,-0.8399975791518736,-1.0,-0.08432921568442131,0.4394004360583794
NewMedia10,0.6153440160586974,-0.8399975791518736,-1.0,-0.07982550061906513,0.4256253583857723
NewMedia10,0.6153440160586974,-0.8399975791518736,-1.0,-0.07848286533276272,0.4194955328044583
NewMedia10,0.6153440160586974,-0.8399975791518736,-1.0,-0.09131783217869038,0.4044401810113514
NewMedia10,0.6153440160586974,-0.8399975791518736,-1.0,-0.09922836276536429,0.40539105515769913
NewMedia10,0.6153440160586974,-0.8399975791518736,-1.0,-0.09109045910727709,0.36422259039953064
NewMedia10,0.6153440160586974,-0.8399975791518736,-1.0,-0.08688324716830065,0.3675800439604331
NewMedia10,0.6153440160586974,-0.8399975791518736,-1.0,-0.09601759575930313,0.34481038739023306
NewMedia10,0.6153440160586974,-0.8399975791518736,-1.0,-0.08999409964179295,0.3448066548126225
NewMedia10,0.6153440160586974,-0.8399975791518736,-1.0,-0.012410195062871887,0.44686092555793877
NewMedia10,0.7193073533144136,-0.9893482682435727,1.0,0.012392912549130441,0.4676588480052406
NewMedia10,0.7211027087515287,-0.9818497591732124,-1.0,0.036512820789783795,0.4667695613894707
NewMedia10,0.7174384531967424,-0.9866900953990965,1.0,-0.03848788806331871,0.3504559110265477
NewMedia10,0.6153440160586974,-0.8399975791518736,-1.0,-0.022935786010075176,0.37084698251427395
NewMedia10,0.6876470893611131,-1.0,1.0,0.04236727231975901,0.41427365672696825
NewMedia10,0.6153440160586974,-0.8399975791518736,-1.0,-0.08423578209450577,0.3044733542948672
NewMedia10,0.7150158048960569,-0.9396726006913018,1.0,0.015354163263046727,0.3258974166363786
NewMedia10,0.7154455365589165,-0.9386131396292158,1.0,0.03929962613062066,0.3807047199843605
NewMedia10,0.7234244133730185,-0.9872633467953343,1.0,0.04779668202740095,0.4409513220556611
NewMedia10,0.710349322812118,-0.8196386544164498,1.0,0.05430840915811208,0.4700999537626951
NewMedia10,0.7105627465909876,-0.8199324202565147,1.0,0.04789983703129619,0.47930635643969954
NewMedia10,0.7116702429570154,-0.8203234280297492,1.0,0.002626672049449663,0.4439607127543579
NewMedia10,0.7155017766087537,-0.8216610146209706,1.0,0.010995729328830972,0.47187946013863735
NewMedia10,0.7170159317966822,-0.8248801986183485,1.0,0.009357130994703144,0.5193074575500949
NewMedia10,0.7162703906231975,-0.8254153692575408,1.0,0.030304077728105394,0.44069470734491967
NewMedia10,0.693183129138691,-0.8245048311560434,-1.0,0.08003505109818221,0.36771814933203184
NewMedia10,0.6856931081424056,-0.8245333917238274,1.0,0.0704275936935026,0.41958791410032537
NewMedia10,0.6862555086407789,-0.8273942085968669,-1.0,0.06927398590124922,0.5065065826339028
NewMedia10,0.6153440160586974,-0.8399975791518736,-1.0,-0.0035890920334363807,0.4783620143041707
NewMedia10,0.6696618098336449,-0.8308439171770735,1.0,-0.023701077321696462,0.5949649394319299
NewMedia10,0.6691340185967098,-0.8313620874782991,1.0,-0.0342893173812131,0.568716520528477
NewMedia10,0.6633239888327451,-0.8323372268640701,1.0,-0.0419152265697047,0.5869342987023229
NewMedia10,0.6153440160586974,-0.8399975791518736,-1.0,-0.0575153956142922,0.4280198069230916
NewMedia10,0.646029452481484,-0.8283707080096752,1.0,-0.06458826436305165,0.5627350649071918
NewMedia10,0.64632363120371,-0.8288140768238472,1.0,-0.07258790791120584,0.5723128590564699
NewMedia10,0.6153440160586974,-0.8399975791518736,-1.0,0.004375986487234584,0.504746672290417
NewMedia10,0.6451036547380078,-0.8224953912083772,1.0,0.017651657433573664,0.5886186243491902
NewMedia10,0.6455506910315867,-0.8228782388193877,1.0,0.022422711383370597,0.6063427691340095
NewMedia10,0.6673170323711959,-0.8284727100374756,1.0,-0.075763569811229,0.6134206694284632
NewMedia10,0.6666450358782678,-0.8276308533013637,1.0,-0.06512294213193315,0.650879885185913
NewMedia10,0.6329413834475439,-0.7370884133176567,-1.0,-0.046304985060077075,0.6128626490756506
NewMedia10,0.6894309083777486,-0.827738975450832,-1.0,-0.0684006788787429,0.5370633292446059
NewMedia10,0.6889853141367295,-0.8294097686662011,1.0,0.04716911074715813,0.5239209234770268
NewMedia10,0.6878186936157449,-0.8260430217352721,1.0,0.06229725113517759,0.5960007297189232
NewMedia10,0.6941204633026463,-0.8266101530098419,-1.0,0.061828462949935936,0.5315073874709502
NewMedia10,0.714170762095937,-0.8265394316039003,1.0,0.046521016481847255,0.5909897442764425
NewMedia10,0.7099686209362961,-0.821783417054331,1.0,0.08250483032757105,0.5526188464375581
NewMedia10,0.7104243095452343,-0.8219166997039901,1.0,0.06284435071081096,0.5917623878418752
NewMedia10,0.7105915876421864,-0.8215583325796516,1.0,0.06785249914600078,0.623014327032587
NewMedia10,0.7094884174338387,-0.8188960796540635,1.0,0.08227475686338592,0.6182263631023508
NewMedia10,0.7099830414618953,-0.8187641570314418,1.0,0.09878927890061617,0.597581476337091
NewMedia10,0.7126349761196098,-0.8268127970384052,1.0,0.08622165093912892,0.6124072746071345
NewMedia10,0.7128657045291988,-0.8264285894003573,1.0,0.0798660065106469,0.6319818447425014
NewMedia10,0.7124720241803375,-0.8233358879174518,-1.0,0.08755186441867968,0.5238584028020463
NewMedia10,0.7122773470847465,-0.8236459740819647,1.0,0.10153935889975196,0.5382642860908764
NewMedia10,0.7110934219330427,-0.8197719370661088,-1.0,0.09423317621548044,0.5705361521137355
NewMedia10,0.7240718949724281,-0.8036018956056846,-1.0,0.10799815833212945,0.17120167070173875
NewMedia10,0.7333760180891074,-0.7888544424263154,1.0,0.09277874466841207,0.14997730126240438
NewMedia10,0.733152499942318,-0.7897575003791075,1.0,0.09692870828061939,0.18918149705289666
NewMedia10,0.7334437945594241,-0.7903865128838762,1.0,0.08364817662729052,0.1805219169958725
NewMedia10,0.7059683671350452,-0.7908543621847203,-1.0,0.030833354711442773,0.12309621045392372
NewMedia10,0.7038961376064234,-0.7886511183842335,1.0,0.05266116956711353,0.1976581808069926
NewMedia10,0.7045912069403106,-0.7885219158156864,1.0,0.005948695237722346,0.20901734762101865
NewMedia10,0.6726468586327035,-0.7902695505586651,-1.0,-0.08187077810467536,0.2044664023690672
NewMedia10,0.6734486398560255,-0.788498115342533,1.0,-0.06753601311310742,0.27938949960598003
NewMedia10,0.6737399344731316,-0.788500155383089,1.0,-0.10229330856173047,0.3194932466006717
NewMedia10,0.6376136337417226,-0.7881669487589413,1.0,-0.13376206569245508,0.2898397837717792
NewMedia10,0.6388638933111834,-0.7865185959896883,1.0,-0.12422805897117728,0.39254818874338593
NewMedia10,0.6391249048245311,-0.7866369183419366,1.0,-0.12708669475975276,0.4114396971759786
NewMedia10,0.6399656214669713,-0.7860323863238401,1.0,-0.1349702214187054,0.4441883999886158
NewMedia10,0.6355918760526984,-0.786545796530435,-1.0,-0.10140271902548226,0.5303241603683309
NewMedia10,0.6282460603124063,-0.7863227520963116,1.0,-0.06145256827605583,0.5406419380289471
NewMedia10,0.6289339193834935,-0.7859766252153093,1.0,-0.06339091020788978,0.5397022616154317
NewMedia10,0.6416268660160125,-0.7857855414165633,1.0,-0.0380860696188261,0.517234010687303
NewMedia10,0.642019104312314,-0.7851177681412307,1.0,-0.023827995781986466,0.5362589587694813
NewMedia10,0.6413644124501052,-0.7868300421812385,1.0,-0.015287733600852227,0.5698530904109615
NewMedia10,0.6410457188343599,-0.7857447406054432,1.0,-0.23689006566005022,0.2250105095388355
NewMedia10,0.6153440160586974,-0.8399975791518736,-1.0,-0.23689006566005022,-0.31965748001554606
NewMedia10,0.6436630442306361,-0.7853646130485075,-1.0,-0.004361944444819521,0.5966315353351459
NewMedia10,0.6423046307191804,-0.7852462906962591,1.0,0.01505333950823129,0.6379194425768597
NewMedia10,0.6422829999307815,-0.7851844094660602,1.0,0.015739779350906646,0.6355847152813128
NewMedia10,0.6416888742760896,-0.785129328371048,1.0,-0.0010426216493188978,0.6349707062643384
NewMedia10,0.6289238250155742,-0.7853707331701755,1.0,-0.0021935290488001025,0.5928980245799569
NewMedia10,0.6285964790844698,-0.7838910237535522,1.0,-0.03047042192286875,0.5501208188715394
NewMedia10,0.6286830022380656,-0.7839032639968883,1.0,-0.06441543922563542,0.5317947959469806
NewMedia10,0.6281898202625689,-0.7836373787110887,1.0,-0.07197221835916034,0.5160601150287105
NewMedia10,0.6283513301492811,-0.7843282724460563,1.0,-0.11174576342128972,0.4885183579831205
NewMedia10,0.6654913938303222,-0.8246795946303412,1.0,-0.05712707913366,0.5292230499731487
NewMedia10,0.6657783622897488,-0.8236588943388194,1.0,-0.04264163222540718,0.5216160568023664
NewMedia22,0.666107150273413,-0.823491611013227,1.0,-0.04900969846064107,0.5387093959709628
NewMedia22,0.6661821370065295,-0.8231203236320338,1.0,-0.0030581948144358106,0.5709793957050164
NewMedia22,0.6660970559054937,-0.823171324645934,1.0,0.006596249424478895,0.6111661925515484
NewMedia22,0.6367988740453614,-0.8284366693209861,1.0,-0.12142397111659886,0.3865070118803282
NewMedia22,0.6379568422509865,-0.828948039487025,1.0,-0.128281888600697,0.3891758048720404
NewMedia22,0.6287551048660622,-0.825585372637208,1.0,-0.15934936736548333,0.31430216428847046
NewMedia22,0.6284162225144783,-0.8262055449662339,1.0,-0.17329473571931053,0.306458152439403
NewMedia22,0.6349703513993679,-0.8320149004562211,1.0,-0.182666178795706,0.2771956771152402
NewMedia22,0.6437034217023141,-0.8340379406742606,-1.0,-0.17442512013372358,0.33679187753786133
NewMedia22,0.6455420387162272,-0.8360011397026573,1.0,-0.15998341958837914,0.33187420653565014
NewMedia22,0.6452983318335987,-0.8359956995945079,1.0,-0.15309255731246119,0.32034054171832027
NewMedia22,0.6560690224037287,-0.8365165899498082,1.0,-0.17406758813069367,0.3036923124298103
NewMedia22,0.6561872707136429,-0.8377338141482252,1.0,-0.1925890420761699,0.26549031372781395
NewMedia22,0.6471037816386334,-0.8391298819020522,1.0,-0.20108717813005905,0.23734761168688734
NewMedia22,0.6473965183082993,-0.8387912351697552,-1.0,-0.2505832173289606,-0.06975207752936963
NewMedia22,0.6153440160586974,-0.8399975791518736,-1.0,-0.2505832173289606,-0.06975207752936963
NewMedia22,0.6559046284118963,-0.8383539864772511,-1.0,-0.20444862705280475,0.23941825911647108
NewMedia22,0.6553710689647219,-0.8382343040979655,1.0,-0.19890796116295117,0.2504107001802369
NewMedia22,0.6549341270390623,-0.838111901664605,1.0,-0.20501516945639742,0.28142748698146924
NewMedia22,0.6532743245425809,-0.8352918856026857,1.0,-0.19968081357433454,0.27267272619536986
NewMedia22,0.6557474446828637,-0.8345642711377103,1.0,-0.19274566485695344,0.2766833808381599
NewMedia22,0.6721406981841676,-0.835463929022909,1.0,-0.12622959009387913,0.24772417744487352
NewMedia22,0.6717686486237051,-0.8341882236618864,1.0,-0.2281942608552413,0.20402595821099445
NewMedia22,0.6721983802865645,-0.8340549410122273,1.0,-0.1862258365479259,0.15438827485395135
NewMedia22,0.6778901617406152,-0.8324616693379865,1.0,-0.26667647809373873,0.12989976629398448
NewMedia22,0.6929365381509425,-0.8336272125089846,-1.0,-0.2913521271668965,0.10475898979653264
NewMedia22,0.6950823123601211,-0.8351960036965536,1.0,-0.30225091239520785,0.08497259588175377
NewMedia22,0.6945444267552665,-0.8360691410545241,1.0,-0.32272367015782455,0.06825344761863894
NewMedia22,0.692267425763134,-0.8396140515273444,1.0,-0.30995837344541766,0.20743473471404505
NewMedia22,0.6912478946032625,-0.8432616440414835,1.0,-0.29188626485722347,0.27827625833356295
NewMedia22,0.6924433561754457,-0.8424728283598277,1.0,-0.2815361994402086,0.08275451163654401
NewMedia22,0.7037822154541888,-0.8449691579868608,1.0,-0.2792268235414841,0.1002901612520184
NewMedia22,0.7026502041946425,-0.8437668940858545,1.0,-0.24830246559362068,0.305070566712593
NewMedia22,0.693558062804273,-0.843297684757973,1.0,-0.2517287239428976,0.31121252317114223
NewMedia22,0.7077377656260817,-0.8410774406195195,-1.0,-0.2616013599178001,0.12407507893235237
NewMedia22,0.7133487921367758,-0.8431780023786872,1.0,-0.26514859586326844,0.39555944573088797
NewMedia22,0.7136746960153204,-0.844363265941727,1.0,-0.2455756089723251,0.4336252053500904
NewMedia22,0.7217357698253388,-0.8409720385241258,1.0,-0.2516525728667235,0.14321387063165947
NewMedia22,0.7239363420317944,-0.8469466372991494,1.0,-0.24419678842287618,0.11451314823792025
NewMedia22,0.7349925590087909,-0.8455560096534719,-1.0,-0.24746480375570634,0.07296675999665947
NewMedia22,0.7358563484921898,-0.8409733985511632,1.0,-0.26031165232983133,0.106436783432581
NewMedia22,0.7383136060543136,-0.8365478705716669,1.0,-0.2766441678942203,0.019877375494041782
NewMedia22,0.7426974458365057,-0.8396704926493939,1.0,-0.2870055749608781,-0.011760885479386474
NewMedia22,0.7430767056597678,-0.8397541343121901,1.0,-0.3047871212867913,-0.04015740279784674
NewMedia22,0.7459809995154705,-0.8436485717336061,1.0,-0.3275406307847477,-0.056720715945711264
NewMedia22,0.7539238250155742,-0.8412229635125146,1.0,-0.33837298635086477,-0.07880917710194268
NewMedia22,0.7534912092475947,-0.8414058871490365,1.0,-0.35166647988949995,-0.11309663503462652
NewMedia22,0.7525452227682796,-0.8415901708125958,1.0,-0.3532553909966206,-0.1122782673934617
NewMedia22,0.6235550633349485,-0.8348954377213019,-1.0,-0.28608150055425563,-0.025445448144932215
NewMedia22,0.6260440460533905,-0.8301441832663634,1.0,-0.30407961838049347,-0.02704205821794592
NewMedia22,0.6274471631942042,-0.8305351910395978,1.0,-0.31191183757677554,-0.035778156115991666
NewMedia22,0.6334187028448812,-0.8308092364876214,-1.0,-0.3148563458555047,-0.012511133579154565
NewMedia22,0.6411639671442746,-0.8331675233703646,1.0,-0.33813373155125415,0.011547195411169442
NewMedia22,0.6395849195911494,-0.8323712275400035,1.0,-0.3209478918708726,0.017716213057396457
NewMedia22,0.6317098705613624,-0.8358678570529983,1.0,-0.32562497215219954,0.018034415298715967
NewMedia22,0.652136545072795,-0.8354061278738221,1.0,-0.3018874395280793,0.10359722501517532
NewMedia22,0.6517558431969728,-0.8364003076381158,1.0,-0.30023533923009094,0.0805653548678178
NewMedia22,0.6510679841258855,-0.8378160957839842,1.0,-0.2814271035722147,0.10710584796931477
NewMedia22,0.6548086684663481,-0.836779755181533,1.0,-0.2779765416879886,0.2913860040470475
NewMedia22,0.6629144459057243,-0.8386266718982374,1.0,-0.250609141099573,0.34002988861521843
NewMedia22,0.6629504972197227,-0.8373414463479534,1.0,-0.2626609940415834,0.3379461771639971
NewMedia22,0.6625164393991834,-0.8333232464661398,1.0,-0.179327413172246,0.34946677795968917
NewMedia22,0.6687562008260077,-0.8358821373368903,1.0,-0.18049020229992452,0.3556031355518221
NewMedia22,0.6688109988232851,-0.8341691832833636,1.0,-0.14983480347216516,0.2996070062348044
NewMedia22,0.662689485706375,-0.834587391597345,1.0,-0.14960851055786062,0.40308152276102516
NewMedia22,0.6635402967167348,-0.8340005399307338,1.0,-0.1537006857647446,0.34757156167781256
NewMedia22,0.6669204679172145,-0.8349131180727873,1.0,-0.1126817195561094,0.4065472210726402
NewMedia22,0.6807064903901618,-0.8361201420684243,-1.0,-0.11521792844769285,0.38800004292464263
NewMedia22,0.6858690385547173,-0.8354231282117888,1.0,-0.13290874157646226,0.4118782750452459
NewMedia22,0.6153440160586974,-0.8399975791518736,-1.0,-0.8261497934874628,0.3107188897821156
NewMedia22,0.6862569506933389,-0.8327506750834206,-1.0,-0.10844534337519385,0.3770486602145955
NewMedia22,0.6851999261669091,-0.8381329820836838,1.0,-0.13214291018628666,0.40429740991773855
NewMedia22,0.697108396206825,-0.8363078257995769,1.0,-0.21370935402554314,0.34959181930965055
NewMedia22,0.6966080039685287,-0.8354829694014316,1.0,-0.14486284030012175,0.41268637809798103
NewMedia22,0.697380944140652,-0.8385661506950759,1.0,-0.244656935351247,0.30685940453256255
NewMedia22,0.6969079509009943,-0.8386423122091667,1.0,-0.251659593887931,0.33571782833035746
NewMedia22,0.7097941325765442,-0.8402362638969263,1.0,-0.2949944169379436,0.3394709351180034
NewMedia22,0.7093831475969636,-0.8387477143045603,1.0,-0.2748851320424557,0.24059588735267434
NewMedia22,0.706209189912554,-0.8376562926070971,1.0,-0.2754597756243645,0.22984793012241456
NewMedia22,0.7195957638263999,-0.8387585945208591,-1.0,-0.2919370322413395,0.10039187399191252
NewMedia22,0.7220198541796452,-0.837426448037787,1.0,-0.28283778875637466,0.08491100835117593
NewMedia22,0.7190001961191481,-0.8417710544085616,-1.0,-0.2901261488483501,0.07393349759785317
NewMedia22,0.7191674742161003,-0.8420573400999212,1.0,-0.2709522800091274,0.07107714258119913
NewMedia22,0.7299670058374288,-0.8373366862533227,1.0,-0.2726961936613681,0.03317748266567655
NewMedia22,0.7300636233589441,-0.8347213542605227,1.0,-0.27420409298532467,0.02976124100740396
NewMedia22,0.7327631457511363,-0.8369980395210257,1.0,-0.2797858048453149,0.040980436161025535
NewMedia22,0.7342023142059482,-0.8367865553167197,1.0,-0.2619669930991463,0.022237297688461277
NewMedia22,0.7351093652661453,-0.8394256877826731,1.0,-0.2556577954263448,0.041260379481834475
NewMedia22,0.7351540688955032,-0.8392624845381926,1.0,-0.2595193570904888,0.004423571040983454
NewMedia22,0.7332231605177546,-0.8365301902201816,1.0,-0.25318801619695597,0.02881503258306961
NewMedia22,0.7335952100782168,-0.8372448844283025,1.0,-0.2382661858167271,0.01306262192114871
NewMedia22,0.733618282919176,-0.8371673628871742,1.0,-0.24945445315021075,0.008943722527645637
NewMedia22,0.7337985394891673,-0.8373523265642521,1.0,-0.2428725158074243,0.026634274113967793
NewMedia22,0.7366076578759142,-0.8372890853070158,1.0,-0.243587579813484,0.04592143577330399
NewMedia22,0.7427046560993056,-0.8269467597015828,-1.0,-0.229931693564829,0.04754977275600947
NewMedia22,0.7423369326965228,-0.8226585944528577,1.0,-0.23280383131726512,0.037437286863986285
NewMedia22,0.7412770240649733,-0.8234494501750695,1.0,-0.22835250387168826,0.05837891354930336
NewMedia22,0.7368138713919845,-0.8250978029443226,1.0,-0.2283011964090178,0.06861457450248243
NewMedia22,0.6741638979257516,-0.8399914590302056,-1.0,-0.03741691228989252,0.3834742925715644
NewMedia22,0.6349141113495305,-0.8317857359004297,1.0,-0.007596474907275219,0.16914968616020887
NewMedia22,0.6356452319974157,-0.8313192466266229,1.0,-0.067291897606507,0.1641872242266682
NewMedia22,0.6296549456634595,-0.8267991967680317,1.0,-0.20241145074551092,0.13902685169675988
NewMedia22,0.6278062342816271,-0.8292173248404178,1.0,-0.22981719691129088,0.1425420066617178
NewMedia22,0.6476200364550888,-0.8314742897088794,1.0,-0.14306869934231947,0.27670204372621376
NewMedia22,0.6480036224360306,-0.8315293708038916,1.0,-0.16646706263426014,0.33242849431085175
NewMedia22,0.6486381255624007,-0.8315252907227796,1.0,-0.14187836620836503,0.31860769256251253
NewMedia22,0.6495826699891558,-0.8316395329939159,1.0,-0.16889579589351278,0.3004654990852853
NewMedia22,0.6589300546826333,-0.832341306945182,1.0,-0.18387649483617385,0.32339565649274893
NewMedia22,0.6608912461641401,-0.832234544822751,1.0,-0.14745521736136524,0.3042279373169581
NewMedia22,0.6603663390323251,-0.8290956024205761,1.0,-0.16676950662473855,0.29992147589851315
NewMedia22,0.6635028033501764,-0.8296688538168139,1.0,-0.14590735222438111,0.30315295496505135
NewMedia22,0.6672982856879166,-0.8283972285369033,1.0,-0.11690351361605544,0.3278224935391414
NewMedia22,0.6679457672873261,-0.8327955559756528,1.0,-0.11424578704972643,0.36558498122746763
NewMedia22,0.6700627004453059,-0.8319217386041634,1.0,-0.10262275647993013,0.3736286859787121
NewMedia22,0.6808377171731155,-0.8287657958640218,1.0,-0.5052081125199659,-0.04390211128586807
NewMedia22,0.6153440160586974,-0.8399975791518736,-1.0,-0.5052081125199659,-0.04390211128586807
NewMedia22,0.670313617590734,-0.8298463373451864,1.0,-0.10101764301617677,0.38135792106624833
NewMedia22,0.6839813917537667,-0.8334075681424546,1.0,-0.12248738579026319,0.2967665146729961
NewMedia22,0.6860406428093491,-0.8325949519876455,1.0,-0.10770867622695723,0.36602449224113776
NewMedia22,0.6863059804803764,-0.8329240785306812,1.0,-0.1060063486234073,0.41532904304641804
NewMedia22,0.6915968713227658,-0.8301958642937821,1.0,-0.1328493329354754,0.3496170142085233
NewMedia22,0.6978798943263884,-0.8319162984960141,1.0,-0.17603617446157538,0.31987676895018
NewMedia22,0.6990580512678526,-0.8324759496218785,1.0,-0.16357116142542938,0.35223541740249
NewMedia22,0.696303730878383,-0.8302251048750849,1.0,-0.1564734490631664,0.31175841264671966
NewMedia22,0.6961378948339911,-0.8304576694984697,1.0,-0.1443632676372778,0.2887358739433892
NewMedia22,0.7034491013128448,-0.8300537414683804,1.0,-0.24399317880785776,0.3285904713825609
NewMedia22,0.7060664267091208,-0.8285053506863717,1.0,-0.25874488444344235,0.3272663394751345
NewMedia22,0.7158103758565793,-0.834269145270608,1.0,-0.2681870778104676,0.29257016429406946
NewMedia22,0.7159142036408943,-0.8349192381944553,1.0,-0.2746966446269611,0.2599782297410853
NewMedia22,0.7160050529521702,-0.8347179541929294,1.0,-0.28326499089292534,0.06880773539384055
NewMedia22,0.7258427355160242,-0.8368708769930346,1.0,-0.2899165983692329,0.05698666210047998
NewMedia22,0.7212541242703214,-0.8309234787587577,1.0,-0.27205025971027486,0.28146014703556355
NewMedia22,0.7182546549456634,-0.8312424050990134,1.0,-0.27370290008681775,0.06881333426025682
NewMedia22,0.7356818601324382,-0.8334803295889522,-1.0,-0.2918949061140944,0.012708027048123682
NewMedia22,0.74134191643017,-0.833429328575052,1.0,-0.28075578592906336,0.04185572561075501
NewMedia22,0.7413938303223278,-0.8367885953572757,1.0,-0.27356355981977587,0.045200115150019204
NewMedia22,0.7393893772640225,-0.8320230606184451,1.0,-0.25781216877994906,0.05312344427331617
NewMedia22,0.7385659652523016,-0.8317449350893096,1.0,-0.24619885962413235,0.04321158442787287
NewMedia22,0.7453897579658983,-0.8225946731821029,1.0,-0.25147974772930726,0.02829807058397571
NewMedia22,0.7437833114141346,-0.8193782092387997,1.0,-0.2628662238922651,0.011618114385774314
NewMedia22,0.6153440160586974,-0.8399975791518736,-1.0,-0.6869629087550784,-0.3172704966334482
NewMedia22,0.6365796820562515,-0.8273547678127842,-1.0,-0.11984100087357707,0.06631623983864077
NewMedia22,0.6299923859624836,-0.8264959107387055,1.0,-0.10702979748404406,0.09499083418910459
NewMedia22,0.626038277843151,-0.8223763888426102,1.0,-0.11274490874697729,0.09313014425012778
NewMedia22,0.6265934680787246,-0.8219350600689942,1.0,-0.147889980597678,0.12032850415552554
NewMedia22,0.6325837544126809,-0.8247503160362828,1.0,-0.2608960173257201,0.24395054148036843
NewMedia22,0.6337647954592649,-0.8250141612815263,1.0,-0.15610079486061246,0.24285689624040807
NewMedia22,0.6406707851687778,-0.8224090294915063,1.0,-0.15979655240854784,0.2422456866566418
NewMedia22,0.6415807203340946,-0.8226844349665672,1.0,-0.15439360655007273,0.2611679888545235
NewMedia22,0.6467129853948916,-0.825583332596652,1.0,-0.21160358774183707,0.2719495392832798
NewMedia22,0.6491414019058168,-0.8253548480543793,1.0,-0.18698680723111183,0.2932242985203599
NewMedia22,0.6564468401744308,-0.8285427514298984,1.0,-0.18026660977839226,0.2621785842426436
NewMedia22,0.6566501695853812,-0.8280388614125649,1.0,-0.1741053936295034,0.28893463370116357
NewMedia22,0.657117394614799,-0.8274975706517046,1.0,-0.16667553295626858,0.2696437394642166
NewMedia22,0.6794937241872594,-0.8271704841492249,-1.0,-0.18525153483574197,0.27275204346959914
NewMedia22,0.6781165639925244,-0.828198664589452,1.0,-0.1743770531423796,0.24462427173911538
NewMedia22,0.6780574398375672,-0.8283754681043058,1.0,-0.20069832157087242,0.35005279264458267
NewMedia22,0.6790351514732009,-0.8280878223859091,1.0,-0.21358621611513395,0.2873912128591032
NewMedia22,0.6835184928820284,-0.8264714302520334,1.0,-0.21672785306622855,0.2290053007267796
NewMedia22,0.6808680002768741,-0.8308092364876214,-1.0,-0.21364886522744742,0.27147456878230747
NewMedia22,0.6820432731132184,-0.8306011523509087,1.0,-0.18836238730923405,0.3016832525308042
NewMedia22,0.6869448097644264,-0.8313920080731205,1.0,-0.2142353905375537,0.2941882366883455
NewMedia22,0.6873457003760872,-0.8291989644754137,1.0,-0.1900922589190599,0.2708717574981654
NewMedia22,0.6882354468055654,-0.8362303042584487,1.0,-0.196640711391472,0.3230671896629995
NewMedia22,0.6869808610784245,-0.8298578975750038,-1.0,-0.15262862983420944,0.30404130843641886
NewMedia22,0.686761669089315,-0.8287229550123456,1.0,-0.16814508670286088,0.2970716528926778
NewMedia22,0.6924318197549666,-0.827342527569448,1.0,-0.14400627571280256,0.3566818504813394
NewMedia22,0.6933907847073211,-0.8273874084616802,1.0,-0.1476966324751936,0.3470723294223699
NewMedia22,0.7032875914261323,-0.8259444197750652,-1.0,-0.14571994496599538,0.37774851851661784
NewMedia22,0.7082021065503794,-0.8308575174474468,-1.0,-0.12654013526267405,0.39505088203141825
NewMedia22,0.7054045245841121,-0.8296926542899673,1.0,-0.12117229451023659,0.35256108479903103
NewMedia22,0.7097191458434278,-0.82820478471112,1.0,-0.16701794275977444,0.34174314173856946
NewMedia22,0.719532313513763,-0.8299857401165135,1.0,-0.15305313157798806,0.30947874087093186
NewMedia22,0.7188675272836345,-0.8301972243208195,1.0,-0.18640730294221308,0.317920898282128
NewMedia22,0.7320320251032508,-0.8269487997421389,1.0,-0.25914292233805414,0.2856331688044229
NewMedia22,0.7329131192173692,-0.8258940987746837,1.0,-0.2693757907087587,0.28980619057328205
NewMedia22,0.7316873745414272,-0.8251107232011772,1.0,-0.26978138970313237,0.3073987619973211
NewMedia22,0.729473823861932,-0.8308248767985508,1.0,-0.2704921330807566,0.19727745789069262
NewMedia22,0.7430392122932097,-0.8247156353468307,1.0,-0.2923172475436552,0.048912163583946455
NewMedia22,0.7435338363212662,-0.8246605542518185,1.0,-0.3201075296401862,0.01859336879593121
NewMedia22,0.7459752313052306,-0.8267162351187541,1.0,-0.32086742016626313,0.004163223752631007
NewMedia22,0.7226702198841743,-0.7860398664725454,-1.0,-0.9760691192533953,-0.03837323069989074
NewMedia22,0.6153440160586974,-0.8399975791518736,-1.0,-0.6206850086345059,-0.8916936617566164
NewMedia22,0.6233401975035187,-0.8269297593636161,-1.0,-0.19440100562626839,0.0007404500835397343
NewMedia22,0.628609457557509,-0.8229897610364494,1.0,-0.21925326038672321,-0.016969697535238915
NewMedia22,0.6288776793336563,-0.8226531543447084,1.0,-0.23423287917227564,-0.014798270510163913
NewMedia22,0.6259921321612332,-0.8195495726455042,1.0,-0.3196203787840941,-0.016255842067175896
NewMedia22,0.626351203248656,-0.8192598868865513,1.0,-0.3211547419572177,0.019770997032134474
NewMedia22,0.6298755797051292,-0.819701895673686,1.0,-0.21846744609003377,0.14740088956655906
NewMedia22,0.6378775293601902,-0.8220697027456906,1.0,-0.21599658670353605,0.20450839386718855
NewMedia22,0.6409418910500451,-0.8219588605421475,1.0,-0.23583097161482136,0.14049095526459077
NewMedia22,0.6482819385800975,-0.8240777826663195,1.0,-0.2676707627124365,0.1207605500139739
NewMedia22,0.647532071248933,-0.8229652805497774,1.0,-0.2814746304850041,0.18902659508204933
NewMedia22,0.655069679979696,-0.8217480563513603,1.0,-0.2502532293322064,0.16604791416564546
NewMedia22,0.6557200456842252,-0.8210483224406502,1.0,-0.24216987360811637,0.24637205120536598
NewMedia22,0.6511112457026833,-0.8216392541883732,1.0,-0.2035488561811316,0.21843277464422717
NewMedia22,0.6518510186659283,-0.8222791469094406,1.0,-0.17625544635467238,0.3366285772673894
NewMedia22,0.6759347384693479,-0.8241226635585516,1.0,-0.17954776522245164,0.34283958641173795
NewMedia22,0.675546826330726,-0.823614693460106,1.0,-0.1584614782220074,0.32037413491681743
NewMedia22,0.669996366027549,-0.8235942930545459,1.0,-0.15308931684113458,0.34576592725859445
NewMedia22,0.6782679795113171,-0.8241158634233648,-1.0,-0.17403626357453694,0.32094988501328126
NewMedia22,0.6856296578297685,-0.826225945371794,1.0,-0.1546987509333232,0.3398712540667599
NewMedia22,0.6892261369142383,-0.8229163195764332,1.0,-0.17291992120253907,0.3321233560911703
NewMedia22,0.7037778892965092,-0.8214209698488806,1.0,-0.18837048848755056,0.2756261282299046
NewMedia22,0.7016739346115688,-0.8224165096402116,1.0,-0.1565452795109049,0.2669320218299802
NewMedia22,0.700909646754805,-0.8229101994547652,1.0,-0.17553606172017733,0.27807096656496966
NewMedia22,0.7013667774163033,-0.8232658465250289,1.0,-0.2030789878387812,0.2899349645008542
NewMedia22,0.7056727463602595,-0.822307027463706,1.0,-0.1664697630270323,0.2765098159792583
NewMedia22,0.723735896725964,-0.8243293876682268,1.0,-0.22201954274249192,0.24842590203570136
NewMedia22,0.7244958584250478,-0.8252875267160311,1.0,-0.1992644130088721,0.1561453857642292
NewMedia22,0.7194861678318452,-0.8212802070505162,1.0,-0.20142580738368399,0.23128590564697005
NewMedia22,0.7183642509402182,-0.8209381602506258,1.0,-0.1736031205738875,0.23005322189100808
NewMedia22,0.7189497242795506,-0.8213495684294204,1.0,-0.2563712391967412,0.27642956556062637
NewMedia22,0.7296151450128054,-0.8227633165347328,1.0,-0.2638102812054014,0.28316033613727676
NewMedia22,0.7308250271105883,-0.8237085353256823,1.0,-0.1709815792707049,0.25540955474548266
NewMedia22,0.7297189727971205,-0.8233964091206133,1.0,-0.17145630832004521,0.2638451801458601
NewMedia22,0.7430406543457695,-0.8203152678675252,-1.0,-0.3100404653856904,0.18289583635633266
NewMedia22,0.7432598463348794,-0.8199963415272695,1.0,-0.3121321896269813,0.03329505886041617
NewMedia22,0.743057958976489,-0.8205668728694326,1.0,-0.3358200350240944,0.008273724846509678
NewMedia22,0.7500317251563184,-0.8189171600731422,1.0,-0.3498923218382114,-0.02815343320155761
NewMedia22,0.7456046237973282,-0.8179114200790312,1.0,-0.7794011338949249,-0.9074208775196648
NewMedia22,0.6767278673773103,-0.8196372943894125,-1.0,-0.7794011338949249,0.30763111495359263
NewMedia22,0.6274356267737247,-0.8155034922094251,1.0,-0.18108050815991195,0.11767184204104808
NewMedia22,0.6277629727048291,-0.8140598235092914,1.0,-0.20846195079074248,0.018477658889996862
NewMedia22,0.6273923651969269,-0.8135756538839992,1.0,-0.15510218961347932,0.18545171887531842
NewMedia22,0.6364498973258577,-0.8155306927501719,1.0,-0.1766945302194204,0.29560661618044426
NewMedia22,0.6376857363697193,-0.8200901833928459,-1.0,-0.15979547225143897,0.2613490188686467
NewMedia22,0.6364830645347361,-0.8171430048029354,1.0,-0.14364928378832698,0.3318564767919989
NewMedia22,0.6350626427632033,-0.8174932117650499,1.0,-0.1506157570618647,0.3013155936361418
NewMedia22,0.6554518239080778,-0.8185451926784304,-1.0,-0.13333486355590418,0.36687178735878634
NewMedia22,0.6552196534459287,-0.8160012621050907,1.0,-0.13364162817481806,0.32356455562963693
NewMedia22,0.6538843127754321,-0.8164228704866653,1.0,-0.1489674373137574,0.3579546594466174
NewMedia22,0.6533594056436169,-0.8171736054112756,1.0,-0.11598970070196712,0.35143384636057373
NewMedia22,0.6588276689508779,-0.8208497584931989,1.0,-0.14099803816465106,0.36739714765750464
NewMedia22,0.6591146374103043,-0.8214209698488806,1.0,-0.184359865142385,0.33171650513159445
NewMedia22,0.6694570383701344,-0.8183337084741245,1.0,-0.18776290011382157,0.30763204809799527
NewMedia22,0.6685326826792184,-0.819355088779165,1.0,-0.19067986438627504,0.30064839538821375
NewMedia22,0.6771518308299302,-0.8204084297195828,-1.0,-0.16122992089199373,0.3420361490810164
NewMedia22,0.6790207309476017,-0.8198752991209465,1.0,-0.16334756890389712,0.3627416902324512
NewMedia22,0.6792673219353498,-0.8209245599802524,1.0,-0.17407190875912903,0.35110351324201905
NewMedia22,0.6889420525599317,-0.8229353599549559,1.0,-0.16974533945962444,0.2939642820316981
NewMedia22,0.6900553171361992,-0.8218194577708204,1.0,-0.17010179130554548,0.2676216155435731
NewMedia22,0.6912507787083824,-0.8217031754591282,1.0,-0.17392392723521644,0.28001284006698124
NewMedia22,0.7060923836551996,-0.8189668010600051,1.0,-0.23626141422269875,0.2015680558542916
NewMedia22,0.7073988832744977,-0.8185268323134264,1.0,-0.20622440533975672,0.19695645621616475
NewMedia22,0.7012860224729471,-0.8220520223942052,1.0,-0.22945426412271663,0.1775890441381971
NewMedia22,0.7010841351145565,-0.8222159056522044,1.0,-0.2334146601623206,0.17149841062179627
NewMedia22,0.7305928566484392,-0.8178774194030978,1.0,-0.23093785991172422,0.18751583429408325
NewMedia22,0.7304428831822061,-0.8177012959017625,1.0,-0.22792800212790953,0.1935682088899735
NewMedia22,0.7232874183798252,-0.8192898074813727,1.0,-0.2991011742657971,0.16307584924305663
NewMedia22,0.7240113287649108,-0.821335968159047,1.0,-0.31195396370402084,0.12530123067749566
NewMedia22,0.7443197549664289,-0.8159604612939706,1.0,-0.34647956545279524,-0.09936914772655703
NewMedia22,0.743983756719965,-0.8152600473697418,1.0,-0.3426120629245525,-0.09846959652235743
NewMedia22,0.737902621074733,-0.8173184482907521,1.0,-0.3553190311530813,-0.06704969133916017
NewMedia22,0.7392999700053067,-0.8205077116933085,1.0,-0.331432976926494,0.1760558878845666
NewMedia22,0.645357455988556,-0.8062811488692395,-1.0,-0.46995664519404345,0.06472336234323772
NewMedia22,0.6324914630488452,-0.8125359132139547,-1.0,-0.2051869144367049,0.13583083211752411
NewMedia22,0.6314301123647355,-0.813204366502806,1.0,-0.17349996556999214,0.14163405715789423
NewMedia22,0.6257455411734847,-0.8118055786949044,-1.0,-0.18177774957367543,0.16631012774280318
NewMedia22,0.6285113979834338,-0.8094486518391986,1.0,-0.159945074011015,0.25945100315356173
NewMedia22,0.6432765741445745,-0.8155810137505534,1.0,-0.17382293254553882,0.27950707580071965
NewMedia22,0.6427084054359613,-0.8156292947103788,1.0,-0.16302622216401375,0.305676177429943
NewMedia22,0.6400694492512864,-0.8149180005698513,1.0,-0.1546452831564351,0.3374674740854138
NewMedia22,0.648690039454558,-0.8114716920572381,-1.0,-0.13723315056174912,0.36206889311810686
NewMedia22,0.6486597563507996,-0.8135797339651112,1.0,-0.12644292112287725,0.35951860946553693
NewMedia22,0.6580460764633951,-0.8142352669971079,1.0,-0.11017035427802979,0.34413292455387556
NewMedia22,0.6577446874783692,-0.8164759115411214,1.0,-0.09419915126655187,0.3931668634823735
NewMedia22,0.6584628296532153,-0.8169390007473348,1.0,-0.08541909420725247,0.37575252263924974
NewMedia22,0.6593194088738146,-0.8173816895479882,1.0,-0.089996800034565,0.4073105331940463
NewMedia22,0.6768446736346647,-0.8154252906547782,1.0,-0.11739012439359298,0.33833063265790786
NewMedia22,0.6752757204494588,-0.8149132404752206,1.0,-0.10456973966863492,0.3574843546676585
NewMedia22,0.673438545488106,-0.8149724016513449,1.0,-0.11607719342778411,0.309192265539304
NewMedia22,0.6725459149535082,-0.8149608414215275,1.0,-0.11359931302007875,0.34719177190591477
NewMedia22,0.6712105742830115,-0.8152348868695509,1.0,-0.11082276917177614,0.3177454671344211
NewMedia22,0.6721796336032857,-0.8156823357648351,1.0,-0.1280091489307119,0.3029961867053983
NewMedia22,0.6745965136937311,-0.8166064741367058,1.0,-0.11719461595689107,0.31598928936854587
NewMedia22,0.676037124201103,-0.8157326567652166,1.0,-0.15433419790908598,0.34114872875405156
NewMedia22,0.6884661752151544,-0.816123664538451,1.0,-0.19440262586193158,0.3226687370030483
NewMedia22,0.6884993424240329,-0.8163752695403584,1.0,-0.17561005248213346,0.33799656696174263
NewMedia22,0.6853297108973029,-0.8121809461572096,1.0,-0.1839634474834364,0.3108094047891772
NewMedia22,0.6854176761034587,-0.8129180808114466,1.0,-0.6380096485033748,-0.014568716987100605
NewMedia22,0.6153440160586974,-0.8399975791518736,-1.0,-0.6380096485033748,-0.014568716987100605
NewMedia22,0.7010379894326391,-0.8149642414891208,1.0,-0.22167605278187708,0.2588397935697955
NewMedia22,0.7007308322373733,-0.8146296748379358,1.0,-0.229412678074026,0.22816453761994993
NewMedia22,0.7003083108373134,-0.8138959402512922,1.0,-0.21753905105497595,0.24181084136498487
NewMedia22,0.7102527052906027,-0.8145324329047661,-1.0,-0.1925371945349451,0.17565276950260134
NewMedia22,0.7128974296855171,-0.8124794720919052,1.0,-0.21937099751158817,0.1633343302426038
NewMedia22,0.7134194527122126,-0.8132574075572623,1.0,-0.23894614471674913,0.13842217412381252
NewMedia22,0.7247857109895941,-0.8138150186425706,1.0,-0.22407832219196278,0.1282481007012115
NewMedia22,0.7247352391499966,-0.8135851740732606,1.0,-0.2424404529638836,0.15707759702252289
NewMedia22,0.723499400106135,-0.8138925401836988,1.0,-0.2604731358176047,0.11302291662681352
NewMedia22,0.7170029533236428,-0.815160765396016,1.0,-0.2578677968710549,0.06175782943146779
NewMedia22,0.7165934103966223,-0.8157380968733658,1.0,-0.27505093615866427,0.061625322926284865
NewMedia22,0.7167549202833343,-0.8157802577115233,1.0,-0.26122222477259316,0.08699285351359198
NewMedia22,0.7172740592049098,-0.8160121423213893,1.0,-0.22745003260724284,0.07153811591613102
NewMedia22,0.7182690754712628,-0.815873419563581,1.0,-0.22156857714954636,0.0734799894181426
NewMedia22,0.7101834867677257,-0.8144617114988246,1.0,-0.21533877102424548,0.1100527179930304
NewMedia22,0.7118605938949263,-0.8137408971690357,1.0,-0.18755659010603087,0.144323379326466
NewMedia22,0.7404694746314113,-0.8158720595365436,1.0,-0.30114375135863525,0.12991842918203855
NewMedia22,0.7404132345815742,-0.8157659774276312,1.0,-0.2235620070939317,0.15713918455310094
NewMedia22,0.7414760273182437,-0.8157333367787352,1.0,-0.3002488411939517,0.14475729147371963
NewMedia22,0.7463602593387324,-0.8150846038819252,1.0,-0.28366950973019034,0.22731071049148288
NewMedia22,0.7464121732308902,-0.8141339449828262,1.0,-0.2883077043555985,0.2350800707883347
NewMedia22,0.7513959068780138,-0.8144066304038124,1.0,-0.30217962202602366,-0.04177360890331705
NewMedia22,0.6291934888442814,-0.8093316895139875,-1.0,-0.14378592366259668,0.15812551818675136
NewMedia22,0.626837174961353,-0.8075486940680381,1.0,-0.1663622873947016,0.14031832355009177
NewMedia22,0.6276144412911562,-0.8073113693500227,1.0,-0.17154488120297096,0.15448625501623447
NewMedia22,0.6284075701991187,-0.8076853767852905,1.0,-0.2119486979381151,0.16265406797303772
NewMedia22,0.6413543180821855,-0.8092126871482205,1.0,-0.19842945156373004,0.14774895242876496
NewMedia22,0.6442441914122885,-0.8096023348944177,1.0,-0.19726774259316016,0.20980772093010258
NewMedia22,0.6427603193281188,-0.8098811404370718,1.0,-0.18719905810300108,0.2087597997658741
NewMedia22,0.6390802011951733,-0.8101708261960248,1.0,-0.16739329735510033,0.2134936413207542
NewMedia22,0.6397868069495396,-0.8090229633765119,1.0,-0.16866140180089195,0.2743561186978345
NewMedia22,0.6502676449551232,-0.8077853387725348,1.0,-0.1216097581393214,0.2901495877134743
NewMedia22,0.6513376479545925,-0.8112928485018283,-1.0,-0.12444787094282872,0.32096014960171093
NewMedia22,0.6491875475877347,-0.8098763803424411,1.0,-0.1099494621492696,0.335851267979943
NewMedia22,0.6494759580997207,-0.8100735842628551,1.0,-0.12014452502116446,0.30858758796635666
NewMedia22,0.652426397637341,-0.8101837464528795,1.0,-0.10438503280302114,0.32095641702409994
NewMedia22,0.6587959437945594,-0.8112928485018283,1.0,-0.08012146366689044,0.30621273546149386
NewMedia22,0.6607210839620683,-0.8098825004641093,1.0,-0.09984351223885513,0.31320571961530197
NewMedia22,0.6703626473777715,-0.8118096587760164,1.0,-0.08617088355501323,0.3015152865383188
NewMedia22,0.6691888165939874,-0.8125046325920959,1.0,-0.1063006914355693,0.33920965468524833
NewMedia22,0.6682572506402713,-0.812091864386264,1.0,-0.10364566526201235,0.31634295109716826
NewMedia22,0.6579263861009206,-0.8120061826829117,1.0,-0.13203219408262934,0.33577568328332474
NewMedia22,0.6571649823492767,-0.8107501977139305,1.0,-0.11169337580151029,0.31314506522912655
NewMedia22,0.6582047022449873,-0.8114852923276115,1.0,-0.14754811087272657,0.3118246658993111
NewMedia22,0.6676371680395006,-0.8097777783822342,1.0,-0.14754811087272657,0.33424905904051294
NewMedia22,0.6678534759234904,-0.8102327074262237,1.0,-0.13103466899260496,0.3273372584497394
NewMedia22,0.682454258092799,-0.8096948167329566,1.0,-0.13339319203978228,0.3184294619815977
NewMedia22,0.6825076140375164,-0.8093378096356556,1.0,-0.14933577088787564,0.30038431552225076
NewMedia22,0.6777964283242197,-0.8092500878917472,1.0,-0.14628540721247896,0.29315244640135196
NewMedia22,0.6905874345308138,-0.8135294129647297,-1.0,-0.15837236526052711,0.2714904322371534
NewMedia22,0.691240684340463,-0.8121061446701561,1.0,-0.15818279768792376,0.2471204330163288
NewMedia22,0.6919415218845897,-0.8112636079205255,1.0,-0.18772185414368525,0.23212666875379973
NewMedia22,0.6905730140052144,-0.8106223551724209,1.0,-0.17098752013480356,0.24211784587347207
NewMedia22,0.6909825569322352,-0.8101327454389793,1.0,-0.1548726562278484,0.24172125950232615
NewMedia22,0.7059337578736069,-0.8127174768234393,1.0,-0.1687613163334607,0.28595510362335297
NewMedia22,0.6153440160586974,-0.8399975791518736,-1.0,-0.7182215753281315,-0.05318409865949114
NewMedia22,0.6906162755820122,-0.8144889120395713,1.0,-0.15587450194630803,0.22383474759143795
NewMedia22,0.692528437276482,-0.8153035682349365,1.0,-0.16884610866650562,0.2703641269430983
NewMedia22,0.6922155118709767,-0.8146473551894211,1.0,-0.1536942048220914,0.2641829784196361
NewMedia22,0.70586742345585,-0.8126372352282364,1.0,-0.20644259707574475,0.2780551031101237
NewMedia22,0.7058472347200111,-0.8126331551471243,1.0,-0.22391899901840728,0.22206084008191151
NewMedia22,0.7005606700353015,-0.8115580537741091,-1.0,-0.25449446622011185,0.11660245855555784
NewMedia22,0.7000386470086062,-0.8110616439054809,1.0,-0.27439366055792824,0.14695671283087575
NewMedia22,0.7145125285526408,-0.8115152129224329,-1.0,-0.25657538889031406,0.07211573230140012
NewMedia22,0.7228230774555271,-0.8120449434534759,1.0,-0.2868106066027305,0.09635882388345807
NewMedia22,0.7220039916014858,-0.8121435454136828,1.0,-0.26683256079596784,0.08542237148385379
NewMedia22,0.7207609422948247,-0.81231354879335,1.0,-0.2336533748833769,0.09184333811880907
NewMedia22,0.7178177130200043,-0.8109467216208258,1.0,-0.20864287710647522,0.1493129024476847
NewMedia22,0.7338980411158027,-0.8112010466768079,1.0,-0.21066763160701718,0.11934776938829139
NewMedia22,0.7338605477492444,-0.8112887684207162,1.0,-0.21453243374248787,0.1468279389033036
NewMedia22,0.7324372418725917,-0.8111786062306918,1.0,-0.23952294861287582,0.11299118971712208
NewMedia22,0.7432151427055214,-0.8107100769163291,1.0,-0.2955393561993592,0.08503978227874809
NewMedia22,0.7428142520938603,-0.8101028248441579,1.0,-0.21962753482494024,0.1454207571440369
NewMedia22,0.7438438776216516,-0.8105176330905458,1.0,-0.3068383396365001,0.14763044308962248
NewMedia22,0.7532619228905655,-0.8092133671617392,1.0,-0.32267020238093636,0.11514488699854586
NewMedia22,0.7390375164393994,-0.8101959866962155,-1.0,-0.22617004643325378,0.13036353906212472
NewMedia22,0.6305922798274153,-0.8058520603389596,1.0,-0.18287518919626866,0.16474897715709158
NewMedia22,0.6317113126139222,-0.8070318837938498,1.0,-0.15768052463230786,0.1573024848235729
NewMedia22,0.6282575967328856,-0.8047171177763014,-1.0,-0.15263187030553604,0.16006179282234667
NewMedia22,0.6270592510555824,-0.804364870773631,1.0,-0.13979042251695517,0.20501882385546355
NewMedia22,0.6402540319789576,-0.8058513803254408,-1.0,-0.15340202232414712,0.2741470943516304
NewMedia22,0.642656491543804,-0.807187606889625,1.0,-0.17056193823391608,0.277482152446868
NewMedia22,0.6433111834060128,-0.8073596503098481,1.0,-0.14633833491081283,0.26197982448486967
NewMedia22,0.6535973443160055,-0.8082062671405907,1.0,-0.16166954483529639,0.24259934838526354
NewMedia22,0.6531950116517846,-0.8078893808408911,1.0,-0.1393275751958123,0.3281705564013473
NewMedia22,0.6643593825707761,-0.8084041510745233,-1.0,-0.15636165280240022,0.32931832401666417
NewMedia22,0.6700396276043468,-0.8088910407538902,1.0,-0.26063515938393245,-0.049759458701594594
NewMedia22,0.6153440160586974,-0.8399975791518736,-1.0,-0.644513814534324,-0.9786263274562343
NewMedia22,0.6646679818186014,-0.8097968187607569,1.0,-0.10868783864613107,0.3130657479548975
NewMedia22,0.6642411342608614,-0.808747557901451,1.0,-0.11656596451953949,0.2814330858478855
NewMedia22,0.688493574213793,-0.8085850346704893,1.0,-0.12799294657407922,0.3428993076535105
NewMedia22,0.6873759834798461,-0.8084544720749048,1.0,-0.1260632458991161,0.3094152870515483
NewMedia22,0.6829301354375765,-0.8072637684037158,1.0,-0.14906951216054387,0.31126477925769325
NewMedia22,0.6939243441544958,-0.8080852247342677,1.0,-0.20152086120926294,0.2154252502343359
NewMedia22,0.6957644032209687,-0.8087985589153512,1.0,-0.18580997606101812,0.2379914813247479
NewMedia22,0.6956288502803349,-0.8086047550625306,1.0,-0.1918021476223717,0.16958359830746272
NewMedia22,0.7106896472162618,-0.807633015744353,1.0,-0.20789756870136766,0.16819601258065298
NewMedia22,0.7109549848872891,-0.8067360779132289,1.0,-0.19309671591733035,0.19793252526138572
NewMedia22,0.7097364504741468,-0.8065293538035536,1.0,-0.21539655942956903,0.1589662812935808
NewMedia22,0.7220559054936435,-0.8072923289714999,1.0,-0.23607076649298653,0.15907265975548834
NewMedia22,0.7245867077363237,-0.8061519463006924,1.0,-0.2059624672408602,0.143471418486804
NewMedia22,0.7344416949308967,-0.8033115298332131,-1.0,-0.20951186350054618,0.1495965783461044
NewMedia22,0.7404204448443736,-0.8053774109029288,1.0,-0.21532526906038485,0.11706623132369809
NewMedia22,0.7412654876444937,-0.8058935411635983,1.0,-0.3062480337765129,0.15019472390823285
NewMedia22,0.7540262107473295,-0.8077526981236387,1.0,-0.2898123632082287,0.09985904853797267
NewMedia22,0.6838804480745715,-0.8097036569086994,-1.0,-0.18297078310040205,0.17979686379497717
NewMedia22,0.6297241641863363,-0.8003670712973774,1.0,-0.15095168592271746,0.19159740791147817
NewMedia22,0.6296073579289818,-0.800464313230547,1.0,-0.15625309701296053,0.1774294764453357
NewMedia22,0.6294040285180316,-0.8007573990570933,1.0,-0.17380348971757953,0.18553196929395055
NewMedia22,0.6409390069449252,-0.8034713330101002,1.0,-0.19318528880025598,0.1997670871570869
NewMedia22,0.6410168777831615,-0.8040677048659727,1.0,-0.2061914605479367,0.22149722086268286
NewMedia22,0.6402064442444797,-0.8003561910810787,1.0,-0.1934196828928768,0.24071906241383023
NewMedia22,0.6396829791652245,-0.801346970777779,1.0,-0.20119303352672646,0.21984928784752045
NewMedia22,0.6468701691239243,-0.8053794509434847,1.0,-0.21157658381411582,0.1868505023349607
NewMedia22,0.6491961999030942,-0.8051237658604653,1.0,-0.20135073646461876,0.24767752022473855
NewMedia22,0.649827818924344,-0.8057058574324457,1.0,-0.20430820662865423,0.20666209114861234
NewMedia22,0.6637392999700054,-0.8065354739252216,-1.0,-0.20393285203332834,0.20377680865547432
NewMedia22,0.6663090376318037,-0.8051176457387973,1.0,-0.18155631736636102,0.15256677697988752
NewMedia22,0.6638359174915209,-0.8017026178480429,1.0,-0.1608718488104094,0.2438506950292798
NewMedia22,0.6630874922129162,-0.8020990657294267,1.0,-0.1544125092994777,0.24015730948340686
NewMedia22,0.6725603354791077,-0.805567814688156,1.0,-0.17918267211965977,0.2247081707523617
NewMedia22,0.6880753789714127,-0.8048592406017032,-1.0,-0.18246364933779635,0.2329739638714483
NewMedia22,0.691553609745968,-0.8056820569592924,1.0,-0.18284926542565627,0.24145904592516843
NewMedia22,0.6901764495512333,-0.8053862510786715,1.0,-0.16441800459876887,0.18654443097087614
NewMedia22,0.6876542996239128,-0.8061825469090326,1.0,-0.182250318308798,0.177275507618891
NewMedia22,0.6869808610784245,-0.8061886670307006,1.0,-0.1857019603501331,0.17852685426290704
NewMedia22,0.6870861309152998,-0.8057255778244872,1.0,-0.18275043105019628,0.18016172325643143
NewMedia22,0.6862670450612585,-0.805454932444057,1.0,-0.18663305577796285,0.20720051546896823
NewMedia22,0.6953635126093076,-0.8031456065346578,1.0,-0.19889445919909043,0.22855832455788794
NewMedia22,0.6958509263745645,-0.8032958895222837,1.0,-0.1952413678569549,0.1732919141637792
NewMedia22,0.7057361966728963,-0.8051394061713947,-1.0,-0.20252000653495061,0.20829229442012331
NewMedia22,0.7131382524630259,-0.8040806251228274,1.0,-0.5470620401737432,0.07948010792748161
NewMedia22,0.6153440160586974,-0.8399975791518736,-1.0,-0.5470620401737432,0.07948010792748161
NewMedia22,0.7160439883712881,-0.8031041257100191,1.0,-0.2016747835972742,0.12873706836822452
NewMedia22,0.7177571468124873,-0.802958602817024,1.0,-0.21418246283922004,0.19255294777983956
NewMedia22,0.7259869407720174,-0.8022568288657579,1.0,-0.22137144847718104,0.15487630937656172
NewMedia22,0.7138823515839505,-0.8050374041435944,-1.0,-0.19610009275849172,0.14481048070467328
NewMedia22,0.7109607530975288,-0.8043519505167762,1.0,-0.20917215408981238,0.13463827357087776
NewMedia22,0.7107430031609792,-0.8045212738829248,1.0,-0.22119322255422058,0.14232831659350054
NewMedia22,0.7051968690154817,-0.8048769209531885,1.0,-0.22445367678728867,0.1604686437819225
NewMedia22,0.7047238757758243,-0.8045369141938542,1.0,-0.2273555188602182,0.17107569620737473
NewMedia22,0.7141765303061764,-0.8034692929695442,1.0,-0.2186499926414297,0.12802414604456436
NewMedia22,0.7260965367665722,-0.8046001554510904,-1.0,-0.24124741943715722,0.12226571193552349
NewMedia22,0.7242276366489007,-0.8040214639467033,1.0,-0.22254179870462154,0.12191858221772045
NewMedia22,0.7241093883389862,-0.803504653672515,1.0,-0.23645314210951984,0.07164262808923305
NewMedia22,0.7333803442467872,-0.802313950001326,1.0,-0.21864459185588547,0.11768770549589402
NewMedia22,0.7344806303500151,-0.8025342743813747,1.0,-0.20457878598442147,0.1780677472167802
NewMedia22,0.7491737038831592,-0.8019379025255022,1.0,-0.21345173655508198,0.06645434521023996
NewMedia22,0.7475903301723543,-0.8003935918246055,1.0,-0.23232478163948944,0.04835041065352308
NewMedia22,0.7442750513370713,-0.8043981914360457,1.0,-0.20153436317312345,0.10523022771989465
NewMedia22,0.6946612330126207,-0.806003023340104,-1.0,-0.1682995491694267,0.12096024291615115
NewMedia22,0.6282388500496068,-0.7975858160060222,1.0,-0.19974994362930087,0.0935528586645491
NewMedia22,0.628567638033271,-0.7969316430010629,1.0,-0.2096485033748159,0.12106568823365582
NewMedia22,0.6274832145082023,-0.7969146426630962,1.0,-0.21522481444926178,0.07246472830800865
NewMedia22,0.6271212593156597,-0.7967521194321343,1.0,-0.22036528213028594,0.0850547125891914
NewMedia22,0.6434871138183245,-0.7987506791635017,1.0,-0.21768541234322536,0.13176138937736415
NewMedia22,0.6430891073117833,-0.7996462569675885,1.0,-0.238929402281562,0.13367806798050297
NewMedia22,0.6422844419833416,-0.7991974480452672,1.0,-0.2592142127072383,0.15107187964676738
NewMedia22,0.6399512009413719,-0.7959660238045532,1.0,-0.28245703337550454,0.04964748137327124
NewMedia22,0.6564655868577098,-0.8015006538329982,1.0,-0.2987198788063723,0.04369308693966434
NewMedia22,0.6569602108857662,-0.8007295185028278,1.0,-0.27576383985050623,0.08075478318156537
NewMedia22,0.6572515055028725,-0.8009002018960137,1.0,-0.2668104175752364,0.10958427950287675
NewMedia22,0.6656355990863156,-0.800653356988737,1.0,-0.27137678175290614,0.10618390129945054
NewMedia22,0.665605315982557,-0.8016352965096947,1.0,-0.26135184362565544,0.0637370287095873
NewMedia22,0.6653976604139267,-0.8018501807815939,1.0,-0.26637295394615146,0.047309021500113735
NewMedia22,0.6795600586050159,-0.8008158802196987,1.0,-0.3040785382233847,0.037909457931750934
NewMedia22,0.6153440160586974,-0.8399975791518736,-1.0,-0.4880195724468124,0.021565433718520044
NewMedia22,0.6153440160586974,-0.8399975791518736,-1.0,-0.4880195724468124,0.021565433718520044
NewMedia22,0.6809602916407096,-0.801870581187154,1.0,-0.28409563170963215,0.07142147286579403
NewMedia22,0.6808622320666344,-0.8024132319750517,1.0,-0.26952647262544327,0.08961872186278041
NewMedia22,0.691976131146028,-0.8016509368206239,1.0,-0.28198608487604526,0.08238591959747898
NewMedia22,0.6934398144943588,-0.8018209402002912,1.0,-0.2945407509522261,0.04267595954072512
NewMedia22,0.6945674995962252,-0.8017039778750802,1.0,-0.33347555401933215,-0.0056375919088914594
NewMedia22,0.7008909000715258,-0.798743879028315,1.0,-0.36024994835498836,-0.052788445432747855
NewMedia22,0.7022046099536237,-0.7996829776975967,1.0,-0.3406688602857285,-0.051241292013077144
NewMedia22,0.7138563946378718,-0.7995299746558961,-1.0,-0.33342964734220604,-0.042074081400985675
NewMedia22,0.7175235342977782,-0.7990764056389441,1.0,-0.3285241138323569,-0.02886262294760711
NewMedia22,0.7160584088968875,-0.7996578171974059,1.0,-0.3149438385813218,0.04065476876448404
NewMedia22,0.7115880459610993,-0.7989825637733678,1.0,-0.2670631743387075,0.05579410355383385
NewMedia22,0.7132766895087792,-0.7995211344801535,1.0,-0.22671228530189724,0.13401399996547392
NewMedia22,0.7145485798666389,-0.7996448969405512,1.0,-0.2033733306509432,0.12154439131223915
NewMedia22,0.7347301054428832,-0.7972852500307706,1.0,-0.18600332418350252,0.12357398038810419
NewMedia22,0.7351785837890219,-0.7980931060909491,1.0,-0.17399089697596526,0.12288438667451151
NewMedia22,0.7299670058374288,-0.7991294466934002,-1.0,-0.1584874019926199,0.11692066079687757
NewMedia22,0.7295689993308876,-0.8004697533386964,1.0,-0.1349702214187054,0.08370725207169749
NewMedia22,0.7294291202325744,-0.7993320907219635,1.0,-0.1389214361228842,0.13165127833784607
NewMedia22,0.7438352253062921,-0.7980570653744596,1.0,-0.13748860771799265,0.19936676820833
NewMedia22,0.7435900763711034,-0.797317210666148,1.0,-0.1249334015632575,0.21467593527897066
NewMedia22,0.7439794305622851,-0.7966106766202512,1.0,-0.13033688750028705,0.13536052733856496
NewMedia22,0.743346369488475,-0.7965739558902432,1.0,-0.1555488345779894,0.16878202726554647
NewMedia22,0.7491535151473203,-0.7963019504827755,-1.0,-0.14307356004930927,0.0958278647183235
NewMedia22,0.7412222260676957,-0.7964216328620612,-1.0,-0.5365294282053324,-0.11056501427011067
NewMedia22,0.651246798643317,-0.806998563131435,-1.0,-0.13966458421377392,0.1678871417833605
NewMedia22,0.6290983133753261,-0.7898731026772812,1.0,-0.1632984217554443,0.21587782526964383
NewMedia22,0.6279663021157795,-0.7904075933029548,1.0,-0.18957000295693016,0.2324896619264487
NewMedia22,0.6272222029948546,-0.7902294297610637,1.0,-0.19019379368729195,0.21881723013813836
NewMedia22,0.6344699591610716,-0.7929392836329586,1.0,-0.2044977742012576,0.20809260151794606
NewMedia22,0.636385004960661,-0.7929535639168507,1.0,-0.23279735037461213,0.20029804632222148
NewMedia22,0.6434424101889666,-0.7940755862226541,1.0,-0.24735138725927686,0.1493735568338599
NewMedia22,0.6440423040538981,-0.7959524235341798,1.0,-0.24609786493445474,0.1980277059904607
NewMedia22,0.6373526222283752,-0.7957946603978487,-1.0,-0.23139368621165957,0.20395223980318122
NewMedia22,0.6388292840497451,-0.7936369775031127,1.0,-0.22449688307164284,0.19340117604189078
NewMedia22,0.6521062619690363,-0.7951153268926987,-1.0,-0.2644978012051853,0.11401484912688042
NewMedia22,0.6547005145243532,-0.7972791299091025,1.0,-0.28040797534001316,0.15177360423759567
NewMedia22,0.6539405528252693,-0.7965589955928324,1.0,-0.25970244372043916,0.1541064652443369
NewMedia22,0.6502114049052861,-0.794931723242658,1.0,-0.2588674822752969,0.14893404582018954
NewMedia22,0.6502027525899265,-0.794687598389456,1.0,-0.25008148435189903,0.1447367622968605
NewMedia22,0.6648713112295519,-0.7980829058881691,1.0,-0.24846880978838382,0.1287258706353922
NewMedia22,0.6676688931958192,-0.7976055363980636,1.0,-0.26742124642029186,0.10158256624975337
NewMedia22,0.6619944163724878,-0.7976925781284532,-1.0,-0.2640770800112876,0.12890503436070988
NewMedia22,0.6619280819547313,-0.795864021776753,1.0,-0.24379334974272004,0.09238829444998387
NewMedia22,0.6621184328926422,-0.7969445632579175,1.0,-0.259144002495163,0.07996347672807858
NewMedia22,0.6633110103597055,-0.7967011184182342,1.0,-0.23430416954145983,0.0836363330970924
NewMedia22,0.6368032002030408,-0.7863887134076226,1.0,-0.1897088031454175,0.18913763926597005
NewMedia22,0.638536547380079,-0.7860745471619976,1.0,-0.21247257413590803,0.09441135151503
NewMedia22,0.63978248079186,-0.7858283822682395,1.0,-0.2782271381372421,0.07288464328922228
NewMedia22,0.6490260377010222,-0.7884532344503009,1.0,-0.26851166502167734,0.1416265920026727
NewMedia22,0.64949758888812,-0.7878473424051671,1.0,-0.2663880761456754,0.1437662921180558
NewMedia22,0.6491399598532568,-0.7877841011479308,1.0,-0.27262868384206496,0.12306075096662128
NewMedia22,0.649200526060774,-0.787954104527598,1.0,-0.2787542548063616,0.08034419964437878
NewMedia22,0.6641531690547056,-0.7906653184265303,1.0,-0.2623148036881966,0.11877948444704911
NewMedia22,0.6658389284972659,-0.7899315838398867,1.0,-0.3010670602039067,0.12802414604456436
NewMedia22,0.6720440806626522,-0.7880091856226101,1.0,-0.3021801621045781,0.12601881872316945
NewMedia22,0.6720109134537737,-0.7893794128627277,1.0,-0.3068486011290342,0.1266514906281977
NewMedia22,0.6721623289725664,-0.7894018533088438,1.0,-0.31197340653198,0.02902312378487104
NewMedia22,0.6725084215869499,-0.7894276938225532,1.0,-0.3024583025601074,0.04053159370332815
NewMedia22,0.6800950601047506,-0.7903083113292293,1.0,-0.29228430275183537,0.05840317530377348
NewMedia22,0.6808031079116772,-0.7912324497011001,1.0,-0.2897297311894016,0.05259621768579259
NewMedia22,0.6952640109826722,-0.7893828129303211,1.0,-0.3097995903504166,0.04066876593052471
NewMedia22,0.6944939549156686,-0.7896833789055726,1.0,-0.2966389561361701,0.05321955814679402
NewMedia22,0.6949265706836483,-0.7896010972698138,1.0,-0.298515189034245,0.041112009521805826
NewMedia22,0.6943540758173554,-0.7896112974725937,1.0,-0.2975025417446967,0.04181746669024422
NewMedia22,0.6942329434023211,-0.78970513933817,1.0,-0.3055270289063545,0.01630623186492186
NewMedia22,0.7071450820239495,-0.7895868169859217,1.0,-0.30299730095742416,0.03136065051362613
NewMedia22,0.706754285780208,-0.7897384600005848,1.0,-0.3434351426414972,-0.04454411463492347
NewMedia22,0.7057001453588982,-0.789257690442886,1.0,-0.33649189274579994,-0.04679579207863038
NewMedia22,0.7062207263330336,-0.7890856470226628,1.0,-0.3003320132913333,-0.022616154315956094
NewMedia22,0.7069604992962784,-0.7885803969782919,1.0,-0.29287082806194153,0.015416945249151937
NewMedia22,0.7224351653169054,-0.7903015111940426,1.0,-0.26020633701171847,0.053717857257833845
NewMedia22,0.7230624581804759,-0.7894147735656984,1.0,-0.26161702219587846,-0.02086557541649725
NewMedia22,0.723565734523892,-0.786217350000918,1.0,-0.2397227776780133,0.010358369442133863
NewMedia22,0.732642013336102,-0.7857699011056339,1.0,-0.22857879678599247,-0.020931828669088492
NewMedia22,0.729395953023696,-0.7857835013760074,1.0,-0.22159234060594124,0.04648785442574077
NewMedia22,0.7194429062550474,-0.7874889752808286,1.0,-0.2422643873551409,-0.012884391340233003
NewMedia22,0.7210032071248933,-0.7877630207288521,1.0,-0.27114940868149284,-0.048096595375989204
NewMedia22,0.725676899471632,-0.7872496105222572,1.0,-0.25725264739756404,-0.01152479994550415
NewMedia22,0.6967219261207633,-0.7853890935351795,-1.0,-0.26616934433113293,-0.0634038961578246
NewMedia22,0.6438101335917492,-0.7789922063650625,1.0,-0.22418795813851133,0.061561869106901757
NewMedia22,0.644958007429455,-0.7786311191866494,1.0,-0.2121647293598855,0.07914230965370583
NewMedia22,0.646557243718419,-0.7787480815118605,1.0,-0.27173161336316376,0.006279595257946857
NewMedia22,0.6584931127569738,-0.7809010043119657,1.0,-0.2909524690366214,0.008132820041702571
NewMedia22,0.6585219538081724,-0.7812960921663122,1.0,-0.2544966265343295,0.02622835629879483
NewMedia22,0.6529873560831545,-0.7790982884739749,1.0,-0.2949215063330962,-0.02245285404548414
NewMedia22,0.66659889019635,-0.7822433509978178,1.0,-0.30369400229263355,0.06820865668730947
NewMedia22,0.6680683417549202,-0.7817598613860444,1.0,-0.3038965317505432,-0.010839871953924995
NewMedia22,0.6672391615329596,-0.7810363270021808,1.0,-0.3027137597163507,0.008612456264688317
NewMedia22,0.6723454696476776,-0.7798191028037638,-1.0,-0.27750613326708373,0.08697419062553813
NewMedia22,0.7075834660021689,-0.7805949982285647,1.0,-0.24119611197448676,0.0886015944638412
NewMedia22,0.707280634964583,-0.7793029725430942,1.0,-0.2483678150987062,0.09504588970886396
NewMedia22,0.708360732331972,-0.7794314950981225,1.0,-0.24558749070052244,0.05212777919563916
NewMedia22,0.717396633672504,-0.7807643215947133,1.0,-0.2380614960445997,0.04979678447770275
NewMedia22,0.7178177130200043,-0.7811233687325704,1.0,-0.2378487050941559,0.03450161457310297
NewMedia22,0.7304154841835675,-0.7814572553702368,-1.0,-0.24303291913808867,0.07624489628333264
NewMedia22,0.7325309752889873,-0.7816360989256467,1.0,-0.247834757565488,0.04358577533335417
NewMedia22,0.7322699637756396,-0.7816877799530655,1.0,-0.2453104304021021,0.040059422635563724
NewMedia22,0.73184455827046,-0.7812722916931589,1.0,-0.23906658223438615,0.03475076412862288
NewMedia22,0.7214156341570337,-0.77706776810723,-1.0,-0.22576768791020663,0.037311312369622485
NewMedia22,0.7201134606954156,-0.7761885106275912,1.0,-0.2248522547604549,0.02571419373290884
NewMedia22,0.707202764126347,-0.7753017729992473,1.0,-0.24398561770809568,0.00818320983944787
NewMedia22,0.7055934334694631,-0.775883184557709,1.0,-0.23638509221166226,0.04632082157765782
NewMedia22,0.7154527468217162,-0.778038827411889,-1.0,-0.22909997259101333,0.04713638978561496
NewMedia22,0.7148095913799866,-0.7775804983003063,1.0,-0.19531913916879218,0.05032681049843446
NewMedia22,0.7145442537089592,-0.7770575679044499,1.0,-0.1903768803172422,0.08047204042754807
NewMedia22,0.7271924967121202,-0.775558818109304,1.0,-0.18838129005863902,0.07352478034947207
NewMedia22,0.7286345492720518,-0.7757009409347058,1.0,-0.1998946846818871,0.08743982968248365
NewMedia22,0.728947474677557,-0.7757403817187886,1.0,-0.1825149568004667,0.09456905291908568
NewMedia22,0.7394802265752982,-0.7763313134665117,1.0,-0.17711309109910045,0.11781647942346618
NewMedia22,0.737503172515632,-0.7760028669369947,1.0,-0.17030810131333607,0.12745492795891944
NewMedia22,0.7276510694261786,-0.7766856005097381,1.0,-0.19743030623804247,-0.003595871955791363
NewMedia22,0.6444085854041208,-0.7732195716050835,1.0,-0.2238784931268254,0.10288990155793121
NewMedia22,0.6444821300846773,-0.7735357778912645,1.0,-0.19849372091170658,0.10172440419896334
NewMedia22,0.6448181283311414,-0.7736221396081354,1.0,-0.21978685799849595,0.1290608694759603
NewMedia22,0.6511472970166816,-0.7747502820356069,1.0,-0.20072748581281152,0.19374457318208305
NewMedia22,0.6527003876237281,-0.7746462399672506,1.0,-0.1904827357139096,0.23643406331664707
NewMedia22,0.6510968251770841,-0.7744381558305379,1.0,-0.21771889721359983,0.23064763487552575
NewMedia22,0.645229113310722,-0.774009067300258,1.0,-0.23807337777279713,0.23713485476307228
NewMedia22,0.6613757758242773,-0.7766094389956473,1.0,-0.2932488830500397,0.19066892923079504
NewMedia22,0.6626159410258186,-0.776533957495075,1.0,-0.25617357044582145,0.21262954960385705
NewMedia22,0.6587916176368795,-0.7736404999731394,1.0,-0.2455480649660493,0.16469205534852738
NewMedia22,0.6584599455480953,-0.7744034751410858,1.0,-0.23927343232073106,0.14572216278610828
NewMedia22,0.6579956046237971,-0.7747659223465362,1.0,-0.26870015243717194,0.17099264635553468
NewMedia22,0.6589790844696708,-0.7748298436172911,1.0,-0.2881548621246961,0.1583681357314526
NewMedia22,0.6596135875960409,-0.7746197194400225,1.0,-0.3069409545618411,0.13844456958947737
NewMedia22,0.7065754712627765,-0.7801033484545673,1.0,-0.26798022772412244,0.14426459122909585
NewMedia22,0.7056309268360212,-0.7793900142734838,1.0,-0.2549162675711183,0.1363645907158666
NewMedia22,0.7028549756581528,-0.7819149044683008,-1.0,-0.25626430364296493,0.09405395720879706
NewMedia22,0.7025290717796082,-0.782838362826653,1.0,-0.2634446480240552,0.09009462550815561
NewMedia22,0.7018498650238805,-0.7832273305593315,1.0,-0.31898038569709963,0.03427019476123405
NewMedia22,0.6153440160586974,-0.8399975791518736,-1.0,-0.6825396653943316,0.01041062552868488
NewMedia22,0.6485559285664844,-0.7845560769748102,1.0,-0.2633614759266736,0.09710160682800417
NewMedia22,0.6439298239542235,-0.78034203319962,1.0,-0.2345801496827713,0.11614148522062595
NewMedia22,0.6569919360420848,-0.7803971142946322,1.0,-0.2981884415088175,0.020953290990351148
NewMedia22,0.6153440160586974,-0.8399975791518736,-1.0,-0.6848609230212535,-0.20953990848652848
NewMedia22,0.6153440160586974,-0.8399975791518736,-1.0,-0.6848609230212535,-0.20953990848652848
NewMedia22,0.7126840059066473,-0.7764516758593161,1.0,-0.2517341247284418,0.06502663427411415
NewMedia22,0.7089663944071434,-0.775764182191942,1.0,-0.23920808281564565,0.06260512454911638
NewMedia22,0.7023372787891373,-0.7770895285398274,1.0,-0.25898251900738967,0.10791115158884179
NewMedia22,0.7019133153365174,-0.7766400396039873,1.0,-0.2713600393177188,0.11526432948209075
NewMedia22,0.6986167831845136,-0.7755771784743081,-1.0,-0.25795798998964403,0.09174162537891495
NewMedia22,0.6997588888119795,-0.7762429117090848,1.0,-0.2439596939374833,0.12165543549615987
NewMedia22,0.6988302069633834,-0.7768216032134718,1.0,-0.23839526459123483,0.07405573951460642
NewMedia22,0.6498811748690616,-0.7895956571616644,1.0,-0.1966866180685981,0.22363318840045543
NewMedia22,0.6497802311898664,-0.7897962611496716,1.0,-0.18062414178142217,0.20715105881562512
NewMedia22,0.6364859486398562,-0.7880044255279794,1.0,-0.13903593277642234,0.29374405995266173
NewMedia22,0.6362826192289057,-0.7868028416404919,1.0,-0.17968170470394929,0.30117562197573755
NewMedia22,0.6455319443483076,-0.8103557898731026,1.0,-0.15702216887446285,0.3376111783234288
NewMedia22,0.6457958399667749,-0.8103619099947708,1.0,-0.1654635966801371,0.3660198265191241
NewMedia22,0.6594419833414089,-0.8173850896155815,1.0,-0.15284196086320756,0.38141484287481253
NewMedia22,0.6679270206040469,-0.8229992812257108,1.0,-0.1448509585719242,0.3911540710057573
NewMedia22,0.6702746821716157,-0.8231359639429632,1.0,-0.19722885693724157,0.3102980416564993
NewMedia22,0.6895779977388616,-0.8321420629842121,1.0,-0.24608544312770286,0.2795817273529355
NewMedia22,0.6890429962391269,-0.832981879679768,1.0,-0.2961156200169316,0.26362122548921274
NewMedia22,0.6830137744860525,-0.8345867115838264,1.0,-0.29808150595504124,0.2010856201980975
NewMedia22,0.682708059343347,-0.8340427007688913,1.0,-0.30802111167069257,0.17628824084083794
NewMedia22,0.7169495973789253,-0.827084122432354,1.0,-0.3601338314657868,0.17012482206102675
NewMedia22,0.7172956899933087,-0.8292091646781938,1.0,-0.36124801352356717,-0.01697622954605793
NewMedia22,0.7169798804826839,-0.8300598615900484,1.0,-0.3668772522963465,0.13911923299262696
NewMedia22,0.7184478899886944,-0.8308126365552148,1.0,-0.35021798920653,0.16084470097620907
NewMedia22,0.7185401813525298,-0.82535960814901,-1.0,-0.3421135704188174,0.15452824651435582
NewMedia22,0.7306072771740386,-0.8217908972030364,-1.0,-0.37218676456490607,0.2070222848880532
NewMedia22,0.7317796659052629,-0.8235568923110191,1.0,-0.3650809510243266,0.1435087442629117
NewMedia22,0.7329664751620866,-0.8261382236278857,-1.0,-0.36464348739524177,0.16910862780649016
NewMedia22,0.7325800050760249,-0.8247101952386813,1.0,-0.3697823348406025,0.18434967533573388
NewMedia22,0.7269531159871716,-0.8256628941783363,1.0,-0.1999405913590132,0.15325450440467514
NewMedia22,0.7169005675918876,-0.8240193015037138,1.0,-0.2775428586087847,0.10428681872876822
NewMedia22,0.7154094852449184,-0.8234283697559908,1.0,-0.22918962563104806,0.11585500988899788
NewMedia22,0.6964883136060542,-0.8228802788599437,1.0,-0.23307549083014134,0.07792548935258936
NewMedia22,0.696114821993032,-0.8228782388193877,1.0,-0.21844800326207436,0.14172550530935846
NewMedia22,0.6947708290071755,-0.8227680766293635,1.0,-0.20325883399740508,0.2430239290884908
NewMedia22,0.6772095129323275,-0.8237561362719891,1.0,-0.16725719755938495,0.2856975557682089
NewMedia22,0.6770047414688172,-0.8250386417681983,1.0,-0.17696835004651423,0.3194195281928587
NewMedia22,0.6767826653745876,-0.824478990642334,1.0,-0.18652287975285997,0.24115204141668123
NewMedia22,0.677068191781454,-0.8246789146168225,1.0,-0.2101135110101765,0.2017322892691662
NewMedia22,0.6963094990886229,-0.8219255398797328,1.0,-0.2063345813648595,0.21369426736733388
NewMedia22,0.6965272490251726,-0.8221363440705202,1.0,-0.23219624294353614,0.2386792087495353
NewMedia22,0.7024497588888119,-0.820699475505573,-1.0,-0.21459724316901907,0.2559946362859733
NewMedia22,0.7047036870399852,-0.8198814192426145,1.0,-0.19756748619086661,0.2626778164980863
NewMedia22,0.7044830529983157,-0.8201792651637915,1.0,-0.1629813956439965,0.2899312319232432
NewMedia22,0.7191645901109804,-0.8213570485781257,1.0,-0.17205849590822997,0.2995510175706426
NewMedia22,0.7203932188920421,-0.8208171178443028,1.0,-0.15776315665113494,0.3178845056504229
NewMedia22,0.6908023003622437,-0.824942759862066,-1.0,-0.08981749395449568,0.3205579643641485
NewMedia22,0.6888959068780138,-0.8249311996322487,1.0,-0.0952009969850115,0.3377782111715115
NewMedia22,0.6882758242772433,-0.8258233773687421,1.0,-0.11460709960263715,0.33815053578818755
NewMedia22,0.6785679264437832,-0.8303067064973252,1.0,-0.12082826447106743,0.35013024363000667
NewMedia22,0.6843736300500682,-0.8313138065184735,-1.0,-0.13392408925878285,0.358002249811155
NewMedia22,0.699557001453589,-0.8269698801612175,1.0,-0.18640406247088637,0.3228777613492524
NewMedia22,0.7000963291110034,-0.8271317233786608,1.0,-0.13009655254356745,0.31085606200931193
NewMedia22,0.7339528391130801,-0.8123121887663127,1.0,-0.17763210658990347,0.29116204939040013
NewMedia22,0.7307875337440299,-0.7964495134163267,-1.0,-0.17377486555419486,0.2628849745554851
NewMedia22,0.721050794859371,-0.7758199433004728,1.0,-0.1334893260224701,0.23064576858672026
NewMedia22,0.7133069726125378,-0.7764387556024613,-1.0,-0.1293026370685617,0.24906510595154852
NewMedia22,0.7000112480099676,-0.7770534878233379,1.0,-0.12225947264029557,0.2734117765623054
NewMedia22,0.6997040908147019,-0.7762748723444622,1.0,-0.1064189686389887,0.28418306240263225
NewMedia22,0.6998728109642138,-0.7763659941559639,1.0,-0.12769482321203618,0.3074547506614831
NewMedia22,0.69975167854918,-0.7758559840169623,1.0,-0.11110685049140412,0.39479706675388493
NewMedia22,0.649369246210286,-0.7790785680819334,1.0,-0.0927042138279014,0.37857901703501784
NewMedia22,0.6476200364550888,-0.7785039566586583,1.0,-0.08567671167771351,0.4200451548576467
NewMedia22,0.6476474354537274,-0.7786657998761015,1.0,-0.07525103526307908,0.406689992166253
NewMedia22,0.6407082785353362,-0.7782775121569416,1.0,-0.08138362724858328,0.41263038943381947
NewMedia22,0.6153440160586974,-0.8399975791518736,-1.0,-0.27908262256745253,0.022891431914751736
NewMedia22,0.6153440160586974,-0.8399975791518736,-1.0,-0.27908262256745253,0.022891431914751736
NewMedia22,0.6546226436861171,-0.8161087042410403,1.0,-0.044656125233415334,0.47434296136175624
NewMedia22,0.6554792229067166,-0.8157482970761458,1.0,-0.014561868023704072,0.4414178942570095
NewMedia22,0.6294501741999494,-0.8364043877192279,1.0,-0.17331471862582404,0.2625023853503794
NewMedia22,0.6297400267644957,-0.8359059378100436,1.0,-0.18336720075935053,0.23636874320845846
NewMedia22,0.6309816340185967,-0.8359256582020851,1.0,-0.22241542032288597,0.21563987344695623
NewMedia22,0.6343185436422787,-0.8354149680495648,1.0,-0.2422287421705488,0.1826093610247046
NewMedia22,0.6333812094783231,-0.8362874253940168,1.0,-0.24971639124910727,0.1675456109319735
NewMedia22,0.6309369303892387,-0.837093921427158,1.0,-0.24457160293964764,0.15855196517878367
NewMedia22,0.6304105812048639,-0.8378385362301002,1.0,-0.25762692183578106,0.19233645827841417
NewMedia22,0.630344246787107,-0.8386205517765694,1.0,-0.24178425752025634,0.2122068351894355
NewMedia22,0.6302433031079118,-0.8392006033079937,1.0,-0.22854315160140037,0.23263336616446395
NewMedia22,0.6308085877114049,-0.8393944071608144,1.0,-0.19618542517009108,0.25423006022047434
NewMedia21,0.6313075378971413,-0.8404307477632655,1.0,-0.18343093002877264,0.2790666316426469
NewMedia21,0.6311734270090676,-0.8435044088676482,-1.0,-0.1754431682088159,0.27482642347679365
NewMedia21,0.631373872314898,-0.840255304275449,1.0,-0.17456770087209195,0.26537367067747697
NewMedia21,0.6317041023511225,-0.8367192339783714,1.0,-0.1739201466853354,0.30484008004512697
NewMedia21,0.673905770517524,-0.8057221777568938,1.0,-0.09946491717220285,0.46949620933415037
NewMedia21,0.6704462864262477,-0.8065783147768978,1.0,-0.07105840544507203,0.5237212305748498
NewMedia21,0.6537718326757573,-0.802182707392223,1.0,-0.10714051358770138,0.49350694795993655
NewMedia21,0.6533421010128979,-0.8015706952254211,1.0,-0.09436873593264139,0.4138360120021036
NewMedia21,0.6619497127431302,-0.8015788553876451,1.0,-0.14350130226441438,0.38630078696733205
NewMedia21,0.6642800696799798,-0.8013354105479616,1.0,-0.13252798619559214,0.3608306104957284
NewMedia21,0.6737255139475324,-0.8021602669461069,1.0,-0.17084115884655415,0.3473802670752597
NewMedia21,0.6723944994347153,-0.8024635529754331,1.0,-0.13161903398849373,0.31361443686368307
NewMedia21,0.667634283934381,-0.8008084000709934,1.0,-0.1731969815009593,0.2707831087799093
NewMedia21,0.6552427262868878,-0.8037086577281156,1.0,-0.1927192010077866,0.2857815387644518
NewMedia21,0.6550985210308944,-0.8039983434870686,1.0,-0.16968053003309325,0.27737297455175236
NewMedia21,0.6604413257654416,-0.8035835352406806,1.0,-0.16931813732307366,0.32632293048400807
NewMedia21,0.6602163655660922,-0.8024785132728438,1.0,-0.16055590285607046,0.27981781288681784
NewMedia21,0.6615084446597912,-0.8023261902446621,1.0,-0.17287239428974943,0.33747773867384323
NewMedia21,0.6728213469924553,-0.8020195041477425,1.0,-0.14407000498222466,0.3357094300307333
NewMedia21,0.6719503472462565,-0.8025968356250922,1.0,-0.16819045330143267,0.356799426676079
NewMedia21,0.6663003853164442,-0.8039799831220644,1.0,-0.12846011452365746,0.3175709691311168
NewMedia21,0.66870572898641,-0.8026308363010257,1.0,-0.12723089573378454,0.2929275586003024
NewMedia21,0.6855474608338523,-0.8020222242018171,1.0,-0.13765333167709237,0.2616606890991471
NewMedia21,0.6862641609561384,-0.8025546747869348,1.0,-0.14552065597941233,0.25181974822830866
NewMedia21,0.6920828430354629,-0.803732458201269,1.0,-0.14193453437802528,0.278912662816202
NewMedia21,0.6906004130038532,-0.8025913955169429,1.0,-0.141874585658484,0.3051722794524869
NewMedia21,0.6909811148796752,-0.8026763972067765,1.0,-0.14265931979806468,0.2787167024916357
NewMedia21,0.7076685471032049,-0.80210246579702,1.0,-0.13247829896858498,0.32795686633313004
NewMedia21,0.6812371657322165,-0.8254276095008769,-1.0,-0.07200030244399058,0.38882027685461296
NewMedia21,0.6825018458272767,-0.8232529262681743,1.0,-0.06490529047449956,0.36007662981834976
NewMedia21,0.6757328511109573,-0.8195883334160683,-1.0,-0.06423451290990267,0.3681735238005479
NewMedia21,0.675104116194827,-0.820024222081535,1.0,-0.07050752531955773,0.3384043510657211
NewMedia21,0.6882714981195635,-0.8245837127242089,1.0,-0.09413056129013964,0.35858266562963226
NewMedia21,0.6883753259038785,-0.825591492758876,1.0,-0.06534599457491097,0.40675997799645525
NewMedia21,0.6890718372903255,-0.8227762367915874,1.0,-0.07339100472163673,0.4002550283652573
NewMedia21,0.6153440160586974,-0.8399975791518736,-1.0,-0.24024827411146965,0.18051351869624832
NewMedia21,0.6153440160586974,-0.8399975791518736,-1.0,-0.3003271525843435,0.10985022565764524
NewMedia21,0.6153440160586974,-0.8399975791518736,-1.0,-0.20175849577321037,0.1906306703102847
NewMedia21,0.705046895549249,-0.7940477056683887,-1.0,-0.10686075289650887,0.010995707069175742
NewMedia21,0.704690708566946,-0.7901695885714208,1.0,-0.11838386893373642,0.1982936521452292
NewMedia21,0.7045926489928704,-0.7894848149581214,1.0,-0.08631238413627251,0.14188134042460887
NewMedia21,0.6685211462587388,-0.7898377419743104,1.0,-0.11171443886513288,0.3320253759288869
NewMedia21,0.6685254724164187,-0.7893331719434582,1.0,-0.10506229131027112,0.3178406478634961
NewMedia21,0.6690316328649546,-0.7897200996355808,1.0,-0.15144531772146275,0.26361842605600483
NewMedia21,0.6776565492259061,-0.7934180131501014,1.0,-0.14063024466908725,0.2717367823594652
NewMedia21,0.6805694953969683,-0.819611453875703,1.0,-0.11019249749876125,0.4529580910851583
NewMedia21,0.680594010290487,-0.8182929076630043,1.0,-0.10694014444400934,0.37606605915855607
NewMedia21,0.6153440160586974,-0.8399975791518736,-1.0,-0.43358289463202415,-0.038484274883811787
NewMedia21,0.6850340901225167,-0.814721476662956,1.0,-0.2692197080065296,0.30627338984766905
NewMedia21,0.6153440160586974,-0.8399975791518736,-1.0,-0.2454405893337186,0.24899045439933265
NewMedia21,0.6848509494474053,-0.8156891359000217,-1.0,-0.2224451246433794,0.3905419282775884
NewMedia21,0.6584094737084978,-0.8016257763204333,1.0,-0.3301718935019099,0.36360204937173735
NewMedia21,0.6569010867308094,-0.8042465484213827,1.0,-0.2937673584622883,0.3465245736579867
NewMedia21,0.6507622689831798,-0.8028076398158795,1.0,-0.16508608177059358,0.5102690208655756
NewMedia21,0.649200526060774,-0.8026573568282538,1.0,-0.13316311857559682,0.5257713488275741
NewMedia21,0.6498407973973834,-0.8020154240666304,1.0,-0.11480854890343806,0.5115903533397941
NewMedia21,0.6499777923905772,-0.8011681272223692,1.0,-0.11076174029512587,0.5534493449559581
NewMedia21,0.6497715788745069,-0.8015428146711556,1.0,-0.09616773759743358,0.5577502075079868
NewMedia21,0.6481939733739417,-0.8030565247637123,1.0,-0.06753007224900875,0.5481882768135546
NewMedia21,0.6482574236865786,-0.8024064318398649,1.0,-0.12532765890798814,0.4897557074610961
NewMedia21,0.6153440160586974,-0.8399975791518736,-1.0,-0.4788430977285646,-0.3223402701732988
NewMedia21,0.6547769433100299,-0.7986119564056934,-1.0,-0.026270771083654165,0.5395044350020599
NewMedia21,0.6560546018781295,-0.8002439888504984,1.0,-0.023579559646950687,0.577337841664991
NewMedia21,0.6487679102927943,-0.8021657070542563,1.0,-0.053953037469300025,0.5619764185077998
NewMedia21,0.649028921806142,-0.8018073399299178,1.0,-0.04654369978113326,0.580530128666616
NewMedia21,0.6486842712443182,-0.8020616649858999,1.0,-0.0518688743277711,0.5661466408434508
NewMedia21,0.6484881520961676,-0.8020596249453439,1.0,-0.08428708955717612,0.5294740658174744
NewMedia21,0.6567395768440969,-0.8013898116294552,1.0,-0.08479314316267306,0.5501796069689091
NewMedia21,0.6561742922406035,-0.8025308743137813,1.0,-0.08383018310013202,0.49057687453546905
NewMedia21,0.6499936549687364,-0.7998992219965333,1.0,-0.08686704481166785,0.373066933048289
NewMedia21,0.649513451466279,-0.8008315205306282,1.0,-0.1268874057731697,0.37195462492027453
NewMedia21,0.6493923190512447,-0.8014176921837206,1.0,-0.11380292263509739,0.3584865517561546
NewMedia21,0.6492178306914931,-0.8020671050940492,1.0,-0.14520903065350854,0.3255400223301457
NewMedia21,0.6492870492143696,-0.8024377124617237,1.0,-0.10253634391122202,0.401780719463666
NewMedia21,0.6491788952723747,-0.8019440226471702,1.0,-0.08896092936717648,0.41127173118349325
NewMedia21,0.6489611453358253,-0.8010634051404941,1.0,-0.09539434510749589,0.407806032871878
NewMedia21,0.6540544749775039,-0.8011429667221784,-1.0,-0.07336562102957878,0.3988627769164339
NewMedia21,0.6613974066126762,-0.8024111919344956,1.0,-0.045104390433588604,0.4347384466225075
NewMedia21,0.6614925820816318,-0.8029518026818373,1.0,-0.06217627353898625,0.3806263358545341
NewMedia21,0.672697330472301,-0.8027362383964193,1.0,-0.06722816833708467,0.3540419849661107
NewMedia21,0.6724291086961538,-0.8032204080217115,1.0,-0.06770181722931612,0.37502840258275727
NewMedia21,0.6670170854387301,-0.8035855752812366,1.0,-0.06832992858811304,0.4327219215682798
NewMedia21,0.6672607923213587,-0.8047279979926001,1.0,-0.046537218838480165,0.38622053654870014
NewMedia21,0.6803618398283382,-0.8059601824884279,-1.0,-0.09326967607438497,0.29191976264539
NewMedia21,0.6853758565792207,-0.8056133755939068,1.0,-0.1221120311949373,0.30738103225366986
NewMedia21,0.6840506102766433,-0.8051067655224986,1.0,-0.12573109758814427,0.3160266151446538
NewMedia21,0.6833742876260354,-0.8048531204800351,1.0,-0.11542531861259231,0.31018419803937025
NewMedia21,0.6824903094067971,-0.8045994754375717,1.0,-0.12311549714906034,0.29005347383999647
NewMedia21,0.6819307930135439,-0.8041384262719142,1.0,-0.16642601666412382,0.3175121810337469
NewMedia21,0.6900351284003601,-0.8041975874480385,1.0,-0.12982165255936473,0.20503655359911477
NewMedia21,0.6914440137514133,-0.8025873154358308,1.0,-0.17233123557821484,0.2261676085981792
NewMedia21,0.6900596432938788,-0.8026056758008349,1.0,-0.1789666406978896,0.21224229467673794
NewMedia21,0.6892477677026372,-0.8020990657294267,1.0,-0.1809951757483127,0.18829221043712696
NewMedia21,0.7029775501257469,-0.8021269462836922,1.0,-0.21896701875287772,0.20677033589932514
NewMedia21,0.7041859901709697,-0.8028001596671742,1.0,-0.1852115690227144,0.23446979434897086
NewMedia21,0.7041975265914493,-0.8023445506096661,1.0,-0.1853935754955559,0.21885082333663508
NewMedia21,0.7035010152050023,-0.8023778712720808,1.0,-0.21673433400888154,0.18889688801007432
NewMedia21,0.7018642855494799,-0.8051142456712039,1.0,-0.18516242187426168,0.22950080040461174
NewMedia21,0.7017835306061235,-0.8054413321736836,1.0,-0.1730230762064343,0.21176545788695988
NewMedia21,0.7060274912900026,-0.8044695928555059,1.0,-0.19059075142479476,0.24146277850277942
NewMedia21,0.7070369280819546,-0.8035801351730872,1.0,-0.1413901351951643,0.22892784974135583
NewMedia21,0.7207162386654669,-0.8023064698526207,1.0,-0.14907707326030573,0.21519662985567534
NewMedia21,0.7204191758381209,-0.8018515408086313,1.0,-0.1293350417818272,0.19444723091731375
NewMedia21,0.731316767033525,-0.7955457754500159,1.0,-0.12496148564808751,0.03506430064792898
NewMedia21,0.7448172630996055,-0.7906959190348704,1.0,-0.1291821995509247,0.017415740559728166
NewMedia21,0.7456767264253248,-0.7901369479225246,1.0,-0.1308742656619406,0.16664699287217655
NewMedia21,0.7451893126600679,-0.7896493782296392,1.0,-0.11868955339554144,0.0321556895447237
NewMedia21,0.7444928012736209,-0.7891842489828698,1.0,-0.11179221017697027,0.012889990206649715
NewMedia21,0.7442707251793914,-0.7891291678878576,1.0,-0.14873358329969089,-0.07276613395007958
NewMedia21,0.6153440160586974,-0.8399975791518736,-1.0,-0.35728545716974547,-0.7526299508559501
NewMedia21,0.6753031194480976,-0.8195604528618029,-1.0,-0.16666149091385352,0.03801303696045033
NewMedia21,0.6768259269513854,-0.8196019336864417,1.0,-0.179384661499015,0.05810363595050805
NewMedia21,0.6153440160586974,-0.8399975791518736,-1.0,-0.17999495026551604,-0.05058435835357866
NewMedia21,0.6855993747260101,-0.8339842196062858,-1.0,-0.20395445517550537,0.18288463862350013
NewMedia21,0.6858834590803167,-0.8314232886949793,1.0,-0.34608476802950994,0.048145118884930005
NewMedia21,0.6153440160586974,-0.8399975791518736,-1.0,-0.34608476802950994,0.048145118884930005
NewMedia21,0.6877653376710275,-0.830818076663364,-1.0,-0.1587623019768225,0.2345416464679786
NewMedia21,0.6873904040054453,-0.8274424895566924,1.0,-0.1252212634327663,0.32831052806175176
NewMedia21,0.6883609053782793,-0.8279280192090219,1.0,-0.11726914679740164,0.34941825445074914
NewMedia21,0.6851393599593918,-0.817302127966304,-1.0,-0.1350415117878896,0.3716382889677605
NewMedia21,0.6869808610784245,-0.81839218963673,1.0,-0.14116384228085976,0.3423412873006979
NewMedia21,0.6858012620844005,-0.8174870916433818,1.0,-0.14901658446221,0.3550367168993851
NewMedia21,0.6933778062342817,-0.8202921474078905,1.0,-0.13861305126830703,0.38983647110914954
NewMedia21,0.6937311091114651,-0.8200153819057923,1.0,-0.11127589507893931,0.39706834023004833
NewMedia21,0.6925904455365588,-0.820362868813832,1.0,-0.10793010843427187,0.40364327569144853
NewMedia21,0.6884012828499573,-0.823735735866429,1.0,-0.0612667812533334,0.2165366252179477
NewMedia21,0.6905946447936133,-0.8186295143547454,1.0,-0.08606610831545458,0.3831420931642042
NewMedia21,0.6895996285272605,-0.8190259622361292,1.0,-0.029089981137756515,0.35080304074435076
NewMedia21,0.6867645531944349,-0.8165432328794696,-1.0,-0.06219247589561916,0.24073679215748145
NewMedia21,0.6153440160586974,-0.8399975791518736,-1.0,-0.1440656843537892,0.21541125306829567
NewMedia21,0.6153440160586974,-0.8399975791518736,-1.0,-0.14845760315837941,0.22887652679920745
NewMedia21,0.6899630257723635,-0.8121659858597989,1.0,-0.042857123568623146,0.27274644460318287
NewMedia21,0.6889319581920121,-0.8120578637103306,1.0,-0.039420063648257564,0.2636744147201664
NewMedia21,0.6886651784684248,-0.8121013845755254,1.0,-0.031225451741956012,0.2726130049535973
NewMedia21,0.6873831937426456,-0.8120769040888532,1.0,-0.028706525364114333,0.30152368483794323
NewMedia21,0.6774589880251956,-0.8130452433394376,1.0,-0.023131294446777417,0.3298464837485906
NewMedia21,0.6773349715050416,-0.8130778839883337,1.0,-0.024207671005747833,0.36187386593794324
NewMedia21,0.6738206894164878,-0.8157095363055817,1.0,-0.013962380828291598,0.39040102347278105
NewMedia21,0.6935768094875523,-0.8158278586578301,1.0,-0.0041594149869098596,0.34523310180465483
NewMedia21,0.6941867977204033,-0.8171246444379314,1.0,0.010659800467978098,0.3347342941299154
NewMedia21,0.6938724302623382,-0.8126039145658216,1.0,-0.014897256806002512,0.3606430484707863
NewMedia21,0.6961782723056689,-0.8156428949807522,1.0,0.01044808967464328,0.3675996399928896
NewMedia21,0.6966599178606863,-0.8165337126902082,1.0,0.029264966589390262,0.37131448786002474
NewMedia21,0.7406396368334833,-0.792842041699789,-1.0,-0.1052815632033679,-0.4314145862601019
NewMedia21,0.7414154611107266,-0.7911243275516318,1.0,-0.07510629421049286,-0.3426333614987419
NewMedia21,0.7424349922705984,-0.7905211555605726,1.0,-0.09909442328386664,-0.38287054814301935
NewMedia21,0.7500519138921575,-0.7870952474535193,1.0,-0.05726317892937527,-0.30004931668168244
NewMedia21,0.7514954085046492,-0.7865988375848911,1.0,-0.06735508679737467,-0.26569560549640714
NewMedia21,0.745122978242311,-0.7893052913891928,1.0,-0.11364629985431396,-0.308502671825711
NewMedia21,0.7448287995200851,-0.7877759409857068,1.0,-0.14036398594175525,-0.37303613928299983
NewMedia21,0.7446124916360952,-0.7880268659740955,1.0,-0.16190609924213473,-0.42124424541511163
NewMedia21,0.6153440160586974,-0.8399975791518736,-1.0,-0.2989980192619016,-0.23225450953696913
NewMedia21,0.7040172700214578,-0.7877725409181134,1.0,-0.23383592143477283,-0.09486299340593496
NewMedia21,0.7051449551233244,-0.7893345319704956,1.0,-0.264115425588652,-0.09087286794000449
NewMedia21,0.7093081608638472,-0.7939708641407791,1.0,-0.2078738052449729,-0.03825845393835914
NewMedia21,0.7093615168085647,-0.7938947026266883,1.0,-0.2507625234090298,-0.10270420582179474
NewMedia21,0.7049127846611754,-0.7964719538624427,1.0,-0.3060595463610183,-0.07876531931501596
NewMedia21,0.704222041484968,-0.7971070864888794,1.0,-0.30165952637811166,-0.11247889344004147
NewMedia21,0.7101272467178885,-0.7946563177675972,-1.0,-0.2798641162357065,-0.1100293893829628
NewMedia21,0.7097912484714242,-0.794024585208754,1.0,-0.2602414421177561,-0.07831274427970802
NewMedia21,0.7092576890242495,-0.7932248893107995,1.0,-0.2546300259372726,-0.0890504369215378
NewMedia21,0.7090413811402596,-0.7929855245522281,1.0,-0.30799302758586233,-0.1072756802506053
NewMedia21,0.7013696615214233,-0.7925781964545455,1.0,-0.5803287188121512,-0.4135616675477104
NewMedia21,0.6153440160586974,-0.8399975791518736,-1.0,-0.5803287188121512,-0.4135616675477104
NewMedia21,0.6153440160586974,-0.8399975791518736,-1.0,-0.1517164371557843,0.2151649029459839
NewMedia21,0.6153440160586974,-0.8399975791518736,-1.0,-0.13274077714603594,0.24282516933071618
NewMedia21,0.6800388200549132,-0.8163915898648065,1.0,-0.12148067936481355,0.41532904304641804
NewMedia21,0.6787784661175331,-0.8126372352282364,1.0,-0.15405497729644768,0.3263481253828808
NewMedia21,0.6864098082646917,-0.814930920826706,1.0,-0.15867210885823335,0.33768582987564466
NewMedia21,0.6877278443044694,-0.8185941536517746,-1.0,-0.12451808115490404,0.34959835132046946
NewMedia21,0.7004813571445052,-0.7973471312609695,-1.0,-0.2052490234704638,-0.10999672932886839
NewMedia21,0.7032169308506957,-0.7934091729743588,1.0,-0.22278861460399424,-0.023888030136831495
NewMedia21,0.7032226990609356,-0.7930582859987256,1.0,-0.22270976313504798,-0.029275072773598976
NewMedia21,0.7066591103112525,-0.7915976169606251,1.0,-0.19956415660657856,-0.03341356819955843
NewMedia21,0.7076281696315267,-0.791877102516798,1.0,-0.1629732944656801,0.0453036941787186
NewMedia21,0.7065754712627765,-0.7923211513444888,1.0,-0.2484979740303227,0.01376621280078183
NewMedia21,0.6703655314828916,-0.7938681820994602,1.0,-0.20879085863038782,0.10321370266566698
NewMedia21,0.6708111257239102,-0.7931228872829992,1.0,-0.23077583634539656,0.13297261081206457
NewMedia21,0.6502964860063221,-0.7930814064583604,-1.0,-0.37013716645086026,0.05644730463572167
NewMedia21,0.6360317020834774,-0.7926353175901136,1.0,-0.20843062623458586,0.15427723067003063
NewMedia21,0.6366373641586489,-0.7920695463425813,1.0,-0.3414093079838463,0.21225535869837553
NewMedia21,0.6370252762972703,-0.7909067232256577,1.0,-0.24078835266589527,0.2577750758063184
NewMedia21,0.632960130130823,-0.7878126617157148,1.0,-0.32524313661422066,0.20843599865813833
NewMedia21,0.6320833621743847,-0.7874706149158245,1.0,-0.3739852261511438,0.28954211070731883
NewMedia21,0.6404314044438293,-0.7895038553366441,1.0,-0.30118803780009795,0.2725402196901867
NewMedia21,0.6403448812902333,-0.789029885914132,1.0,-0.3607127956761311,0.33702329734973
NewMedia21,0.639044149881175,-0.7885015154101264,-1.0,-0.3432898615103567,0.32080711391966843
NewMedia21,0.6358961491428439,-0.7910998470649597,1.0,-0.3708738335990971,0.3551113684516012
NewMedia21,0.6345218730532289,-0.7902090293555035,1.0,-0.3271960606670241,0.3621136840494361
NewMedia21,0.635180891073118,-0.7913405718505684,1.0,-0.21247743484289783,0.36865689260114465
NewMedia21,0.6576466279042938,-0.7997645793198369,-1.0,-0.15465230417764264,0.24872637453336965
NewMedia21,0.6663393207355623,-0.8029728831009161,1.0,-0.19367676028478342,0.3186478177718286
NewMedia21,0.6698334140882767,-0.7974668136402552,1.0,-0.2217802879428813,0.2680172687703164
NewMedia21,0.6706251009436792,-0.795453293611477,1.0,-0.2040187245234819,0.27814001925076925
NewMedia21,0.6743153134445443,-0.7936206571786647,-1.0,-0.24884632469792733,0.25804382139429505
NewMedia21,0.6752396691354607,-0.7917159393128735,1.0,-0.19660830667820628,0.33227919120642047
NewMedia21,0.7105367896449091,-0.7925809165086202,-1.0,-0.18880633188097207,0.046256434613871855
NewMedia21,0.711298193396553,-0.7922130291950205,1.0,-0.09719658724361457,0.006920665462599507
NewMedia21,0.7106088922729055,-0.7916159773256293,1.0,-0.06402172195945899,0.06296438514415459
NewMedia21,0.7091841443436933,-0.7895834169183283,1.0,-0.07424000820919419,0.09888951150357128
NewMedia21,0.7090010036685817,-0.7886674387086815,1.0,-0.09309577077985998,0.016151329894074085
NewMedia21,0.7089144805149858,-0.7917506200023257,1.0,-0.1526718361185636,-0.06209469456084116
NewMedia21,0.7077622805196002,-0.7925006749134172,1.0,-0.16563804205321675,-0.04809099650957327
NewMedia21,0.691790106365797,-0.802632196328063,-1.0,-0.1836917879705604,0.10892454641017002
NewMedia21,0.6153440160586974,-0.8399975791518736,-1.0,-0.1904092850305077,0.12516405845029932
NewMedia21,0.6153656468470963,-0.5830238705145458,-1.0,-0.18331211274679904,0.1294247957930117
NewMedia21,0.614142786276274,-0.5828239465400572,1.0,-0.16134279730986867,0.14727958079420844
NewMedia21,0.6850874460672343,-0.8160298226728747,1.0,-0.09288243975086186,0.28136216687328064
NewMedia21,0.687544703629358,-0.8157469370491085,1.0,-0.10804190469503794,0.29522402697533856
NewMedia21,0.690711451050968,-0.8176169742254475,1.0,-0.07677783733644061,0.3198693037949585
NewMedia21,0.690374010751944,-0.8218731788387953,1.0,-0.07670114618171209,0.33141136691191253
NewMedia21,0.6892996815947949,-0.8225028713570826,1.0,-0.0628762153455219,0.3437204747278837
NewMedia21,0.6888627396691354,-0.8226789948584178,1.0,-0.042503912194028715,0.3944079455379601
NewMedia21,0.711231858978796,-0.7888415221694607,1.0,-0.15968313591211847,-0.05370199380298801
NewMedia21,0.709903728571099,-0.7894977352149761,1.0,-0.1546204395429316,0.012613779463451325
NewMedia21,0.7104704552271521,-0.789832301866161,1.0,-0.10749264480518683,0.015073548108959667
NewMedia21,0.7050122862878105,-0.7908931229552844,-1.0,-0.2224435044077162,0.012402888828441982
NewMedia21,0.6678448236081309,-0.7924469538454424,1.0,-0.24122635637353462,0.09727703797571108
NewMedia21,0.6686941925659309,-0.7885287159508731,1.0,-0.25803792161569905,0.15552857731404646
NewMedia21,0.6686725617775315,-0.7888646426290955,1.0,-0.22347505444666926,0.15441440289722674
NewMedia21,0.6684302969474634,-0.7881608286372733,1.0,-0.2693077408109009,0.14494112092105094
NewMedia21,0.6713591056966843,-0.7902797507614452,-1.0,-0.25074524089528827,0.16071219447102614
NewMedia21,0.6712033640202117,-0.7911848487547932,1.0,-0.22959414446831306,0.16441864403853734
NewMedia21,0.6712192265983712,-0.7907856808193348,1.0,-0.2607674786297667,0.1446313169793556
NewMedia21,0.6707476754112733,-0.7889768448596758,1.0,-0.25635557691866284,0.13138719847188307
NewMedia21,0.6262877529360189,-0.7921783485055682,-1.0,-0.3859069201615376,0.147810539959343
NewMedia21,0.6291098497958052,-0.7875467764299154,1.0,-0.32913278236319476,0.2273853620436983
NewMedia21,0.629161763687963,-0.7867287201669569,1.0,-0.31602885639716305,0.3094759414377235
NewMedia21,0.6298063611822522,-0.7864315542592987,1.0,-0.2994198206129083,0.36715359696840055
NewMedia21,0.6302649338963107,-0.7862425105011087,1.0,-0.29214280217057575,0.3548295588419865
NewMedia21,0.6319333887081517,-0.7866790791800942,1.0,-0.2955436768277947,0.39339641700543715
NewMedia21,0.6333581366373642,-0.7873162518470866,1.0,-0.29227620157351886,0.339194724374805
NewMedia21,0.6153440160586974,-0.8399975791518736,-1.0,-0.2466611668667208,0.27466405635072433
NewMedia21,0.6153440160586974,-0.8399975791518736,-1.0,-0.3862417688652815,0.05896399508979422
NewMedia21,0.6153440160586974,-0.8399975791518736,-1.0,-0.36119778621800547,0.14033885272695135
NewMedia21,0.6153440160586974,-0.8399975791518736,-1.0,-0.3377832205694319,0.14099018752003345
NewMedia21,0.6153440160586974,-0.8399975791518736,-1.0,-0.3468543799695667,0.1385276194413172
NewMedia21,0.6153440160586974,-0.8399975791518736,-1.0,-0.3435112937176713,0.15299042453871192
NewMedia21,0.6153440160586974,-0.8399975791518736,-1.0,-0.3590758175776667,0.13305752695270967
NewMedia21,0.6153440160586974,-0.8399975791518736,-1.0,-0.36046922024808514,0.13948689188728958
NewMedia21,0.6153440160586974,-0.8399975791518736,-1.0,-0.35017424284362175,0.17430157640749666
NewMedia21,0.6153440160586974,-0.8399975791518736,-1.0,-0.3322571368005478,0.2054331399702607
NewMedia21,0.6153440160586974,-0.8399975791518736,-1.0,-0.3215706024441255,0.21143139219079443
NewMedia21,0.6153440160586974,-0.8399975791518736,-1.0,-0.521638382302706,-0.2028576614188181
NewMedia21,0.6757040100597589,-0.7959442633719558,1.0,-0.4723999605742655,0.035902264321550525
NewMedia21,0.6735942871645786,-0.796083666143283,1.0,-0.4293638009648504,0.10148738552067837
NewMedia21,0.6717455757827462,-0.7965052745248575,1.0,-0.4190558616750806,0.1325079048995217
NewMedia21,0.6692984125885422,-0.7979496232385099,1.0,-0.3796819747432265,0.1558206515120908
NewMedia21,0.6686177637802542,-0.7987166784875683,1.0,-0.3815101406499575,0.1589662812935808
NewMedia21,0.6730491912969243,-0.7990913659363548,1.0,-0.3855348060375381,0.14032672184971617
NewMedia21,0.6752757204494588,-0.7990097643141145,1.0,-0.39855015912064407,0.12693609967102004
NewMedia21,0.6782982626150758,-0.7990573652604214,1.0,-0.4406833073870594,0.19694525848333244
NewMedia21,0.6153440160586974,-0.8399975791518736,-1.0,-0.5109847927381037,0.30619127314023165
NewMedia21,0.6153440160586974,-0.8399975791518736,-1.0,-0.203789191137851,0.3301254939249967
NewMedia21,0.6153440160586974,-0.8399975791518736,-1.0,-0.21909987807726639,0.32980635853927454
NewMedia21,0.6153440160586974,-0.8399975791518736,-1.0,-0.2174796424139891,0.29816716442144364
NewMedia21,0.6153440160586974,-0.8399975791518736,-1.0,-0.06407248934357501,0.3584426939692278
NewMedia21,0.6731775339747583,-0.8201112638119246,1.0,-0.002915073997513007,0.45969912625023857
NewMedia21,0.6676775455111787,-0.789682698892054,1.0,-0.18294107877990862,0.15073501451739424
NewMedia21,0.6677756050852541,-0.7854101739542583,-1.0,-0.145988364007545,0.26113906137804
NewMedia21,0.667611211093422,-0.7871462484674195,1.0,-0.1871423498547865,0.19519934530588734
NewMedia21,0.6662701022126853,-0.7942598698862133,1.0,-0.16630341883226918,0.24399346612289263
NewMedia21,0.667905389815648,-0.7938947026266883,1.0,-0.2369527147723638,0.2571162758580148
NewMedia21,0.6755972981703238,-0.7954655338548131,1.0,-0.23112904771999077,0.23092851134073755
NewMedia21,0.7123552179229828,-0.6938456736519922,-1.0,-0.1588287316390169,0.26403834103721824
NewMedia21,0.6153440160586974,-0.8399975791518736,-1.0,-0.09194972408736857,0.3646826305900601
NewMedia21,0.6778454581112572,-0.8191109639259628,-1.0,-0.07077972491098838,0.40392695158986824
NewMedia21,0.6768389054244248,-0.8166846756913527,1.0,-0.07569227944204482,0.4889121449210585
NewMedia21,0.6730102558778062,-0.8036576567142155,-1.0,-0.19319447013568125,0.20499269581218815
NewMedia21,0.6740716065619159,-0.7961523475086685,1.0,-0.18963535246201568,0.2624174692097343
NewMedia21,0.6738668350984056,-0.7962577496040621,1.0,-0.20834313350876899,0.313024689601179
NewMedia21,0.6766658591172332,-0.7943441915625282,-1.0,-0.221125172656363,0.25653212746192655
NewMedia21,0.6768244848988256,-0.7920165052881252,1.0,-0.19513065175329758,0.36711627119229284
NewMedia21,0.6657567315013497,-0.7924891146836,1.0,-0.19105521898160094,0.3822182802055345
NewMedia21,0.6495004729932397,-0.7926992388608686,1.0,-0.18775209854273311,0.40169953590063145
NewMedia21,0.6512193996446782,-0.791228369619988,1.0,-0.15675537006857643,0.46408210550970486
NewMedia21,0.6524682171615792,-0.790567396479842,1.0,-0.1479958359943454,0.4768223260397211
NewMedia21,0.6527970051452434,-0.7898928230693226,1.0,-0.15990240780521525,0.5036240995739731
NewMedia21,0.6153440160586974,-0.8399975791518736,-1.0,-0.6329123871067046,-0.8918252351173965
NewMedia21,0.6465745483491383,-0.8300211008194842,-1.0,0.011838791952289318,0.5307832674144575
NewMedia23,0.6782622113010777,-0.8170403227616165,1.0,0.002459247697577771,0.5004327457167508
NewMedia23,0.6781756881474816,-0.8176217343200782,1.0,0.003374140768774847,0.49014669496582597
NewMedia23,0.6786227244410605,-0.8175122521435726,1.0,0.009627710350470498,0.43779169510813043
NewMedia23,0.642503633972451,-0.8365267901525882,-1.0,-0.13453167763251161,0.32929406226219404
NewMedia23,0.6420320827853534,-0.8380554605425556,1.0,-0.17071694077903632,0.2706879280508341
NewMedia23,0.6153440160586974,-0.8399975791518736,-1.0,-0.2301671678145587,0.18106594018264466
NewMedia23,0.6153440160586974,-0.8399975791518736,-1.0,-0.2451786512348222,0.1765103292086796
NewMedia23,0.6346401213631436,-0.8404239476280788,1.0,-0.235295213688831,0.1809632942983479
NewMedia23,0.6350986940772019,-0.8417227734487361,1.0,-0.23843955103269776,0.17539522164745724
NewMedia23,0.6350064027133662,-0.8421042610327093,1.0,-0.25593809619609165,0.20915451984821476
NewMedia23,0.6303918345215846,-0.8390101995227666,1.0,-0.22504614296149372,0.24593067390289058
NewMedia23,0.6308850164970814,-0.8395419700943655,1.0,-0.20346298369097793,0.2732055516493095
NewMedia23,0.6245270067603423,-0.8364989095983228,-1.0,-0.19777433627721142,0.2651823760749241
NewMedia23,0.6258969566922776,-0.8369769591019469,-1.0,-0.1603614745764772,0.2926448158462851
NewMedia23,0.6265559747121663,-0.8370572006971498,1.0,-0.15991644984763043,0.29978523681571967
NewMedia23,0.6269568653238273,-0.8375338901737366,1.0,-0.1390775188251131,0.33539309407821905
NewMedia23,0.6265574167647263,-0.8373353262262854,1.0,-0.13586675181905217,0.32194555009095827
NewMedia23,0.626434842297132,-0.8341032219720528,-1.0,-0.12117391474589989,0.3456959414283922
NewMedia23,0.6153440160586974,-0.8399975791518736,-1.0,-0.11595243528171184,0.36897042912045075
NewMedia23,0.6153440160586974,-0.8399975791518736,-1.0,-0.12258676024427761,0.34885650152032555
NewMedia23,0.6153440160586974,-0.8399975791518736,-1.0,-0.13103736938537713,0.377782111715115
NewMedia23,0.6153440160586974,-0.8399975791518736,-1.0,-0.13009385215079539,0.3635208658087028
NewMedia23,0.6153440160586974,-0.8399975791518736,-1.0,-0.11424578704972643,0.4055291605292983
NewMedia23,0.6153440160586974,-0.8399975791518736,-1.0,-0.11945592486427159,0.4101724870771164
NewMedia23,0.6153440160586974,-0.8399975791518736,-1.0,-0.13413039926657333,0.38636517393111824
NewMedia23,0.6153440160586974,-0.8399975791518736,-1.0,-0.13025803603134078,0.35589707603867127
NewMedia23,0.6153440160586974,-0.8399975791518736,-1.0,-0.13532559310751757,0.3227265919560156
NewMedia23,0.6153440160586974,-0.8399975791518736,-1.0,-0.27534095834239103,0.19839629802952596
NewMedia23,0.6153440160586974,-0.8399975791518736,-1.0,-0.33677327367265586,0.17359611923905827
NewMedia23,0.6153440160586974,-0.8399975791518736,-1.0,-0.3031290801247041,0.17471775881109952
NewMedia23,0.6153440160586974,-0.8399975791518736,-1.0,-0.23040642261416933,0.18746451135193487
NewMedia23,0.6153440160586974,-0.8399975791518736,-1.0,-0.2331332792354649,0.1716766412027111
NewMedia23,0.6153440160586974,-0.8399975791518736,-1.0,-0.2618157711039071,0.1825878987034426
NewMedia23,0.6153440160586974,-0.8399975791518736,-1.0,-0.23105667719369782,0.20987490732709646
NewMedia23,0.6153440160586974,-0.8399975791518736,-1.0,-0.21248445586410547,0.21475245311999158
NewMedia23,0.6153440160586974,-0.8399975791518736,-1.0,-0.20843980757001113,0.23228250386904992
NewMedia23,0.6153440160586974,-0.8399975791518736,-1.0,-0.24650292385027406,-0.03166205615569695
NewMedia23,0.6153440160586974,-0.8399975791518736,-1.0,-0.24650292385027406,-0.03166205615569695
NewMedia23,0.6153440160586974,-0.8399975791518736,-1.0,-0.19180106746526293,0.3061922062846343
NewMedia23,0.6153440160586974,-0.8399975791518736,-1.0,-0.216964407473067,0.2550120352299339
NewMedia23,0.6153440160586974,-0.8399975791518736,-1.0,-0.19389495202077145,0.27314209782992616
NewMedia23,0.6153440160586974,-0.8399975791518736,-1.0,-0.19720671371651,0.2861753257023898
NewMedia23,0.6153440160586974,-0.8399975791518736,-1.0,-0.22263901284441823,0.29244045722209466
NewMedia23,0.6153440160586974,-0.8399975791518736,-1.0,-0.23823594141767934,0.24389641910501214
NewMedia23,0.6153440160586974,-0.8399975791518736,-1.0,-0.2329253489920109,0.228594717189593
NewMedia23,0.6153440160586974,-0.8399975791518736,-1.0,-0.24758632143045223,0.24353715850997393
NewMedia23,0.6153440160586974,-0.8399975791518736,-1.0,-0.24482706009589095,0.21852795537330238
NewMedia23,0.6153440160586974,-0.8399975791518736,-1.0,-0.23413836542525113,0.24905764079632697
NewMedia23,0.6153440160586974,-0.8399975791518736,-1.0,-0.23321429101862867,0.24241365264912695
NewMedia23,0.6153440160586974,-0.8399975791518736,-1.0,-0.22824988894634723,0.24988067415950543
NewMedia23,0.6153440160586974,-0.8399975791518736,-1.0,-0.2328394765018572,0.2577900061167617
NewMedia23,0.6596222399114005,-0.837980659055502,1.0,-0.21140807930513483,0.26323023798448286
NewMedia23,0.666257123739646,-0.8404967090745764,-1.0,-0.20685197661999954,0.2636314900776424
NewMedia23,0.6674655637848688,-0.8416608922185373,1.0,-0.2184015565063938,0.2400938556640233
NewMedia23,0.6628625320135668,-0.837333966199248,1.0,-0.21781071056785217,0.21694907504393957
NewMedia23,0.6618819362728134,-0.8383553465042886,1.0,-0.2086736615840774,0.22558719277970218
NewMedia23,0.6286181098728687,-0.8335245304676657,1.0,-0.24301293623157483,0.1424916168639725
NewMedia23,0.6303817401536651,-0.8337652552532744,1.0,-0.2504471175332452,0.15228216793706517
NewMedia23,0.6241881244087584,-0.8383648666935499,-1.0,-0.2729905364735301,0.14746714281915074
NewMedia23,0.6222009759811724,-0.8394950491615774,1.0,-0.25274461170377227,0.13818515544552756
NewMedia23,0.6256993954915668,-0.8360052197837693,1.0,-0.26567517245383354,0.16865045390476618
NewMedia23,0.6304913361482201,-0.8349430386676087,1.0,-0.22574230421814867,0.1949800563712536
NewMedia23,0.6312873491613022,-0.8340059800388832,1.0,-0.2046965231092862,0.21942937286630726
NewMedia23,0.6449464710089754,-0.8404613483716056,1.0,-0.20677312515105328,0.2676104178107408
NewMedia23,0.649200526060774,-0.8199038596887306,-1.0,-0.7918504846529928,-0.1416657840675858
NewMedia23,0.6153440160586974,-0.8399975791518736,-1.0,-0.7918504846529928,-0.1416657840675858
NewMedia23,0.6473143213123833,-0.8432296834061062,1.0,-0.2299884018130437,0.24081704257611336
NewMedia23,0.6467865300754483,-0.8435608499896978,1.0,-0.22717837309436661,0.22864324069853348
NewMedia23,0.6602740476684894,-0.8421076611003027,1.0,-0.21946011047306835,0.24579816739770788
NewMedia23,0.6593121986110151,-0.8375685708631888,-1.0,-0.2362317099022052,0.25358432429380806
NewMedia23,0.6646679818186014,-0.8393719667146983,1.0,-0.2630919767280151,0.33659964979090584
NewMedia23,0.6700684686555456,-0.840825835617612,1.0,-0.25568587951117505,0.3357299592075924
NewMedia23,0.6693560946909392,-0.8398030952855342,1.0,-0.26922348855641065,0.37958681298993024
NewMedia23,0.669641621097806,-0.84013222182857,1.0,-0.2612179041441578,0.361877598515554
NewMedia23,0.6701074040746637,-0.8402247036671089,1.0,-0.26310547869187584,0.26389836937681377
NewMedia23,0.6153440160586974,-0.8399975791518736,-1.0,-0.4612954054167179,-0.6900420894782835
NewMedia23,0.6660220691723773,-0.8400751006930017,-1.0,-0.158308635991105,0.3587646287881583
NewMedia23,0.666639267668028,-0.8384315080183794,1.0,-0.23938252818872507,0.33500583915110016
NewMedia23,0.6663652776816409,-0.8386926332095482,1.0,-0.13293412526852033,0.4132798579380963
NewMedia23,0.6654726471470431,-0.8385838310465612,1.0,-0.0958004841804242,0.44067044559044954
NewMedia23,0.6627082323896543,-0.8318197365763631,-1.0,-0.3060239011764262,-0.21729527161733975
NewMedia23,0.6153440160586974,-0.8399975791518736,-1.0,-0.3060239011764262,-0.3549135418382292
NewMedia23,0.6153440160586974,-0.8399975791518736,-1.0,-0.3060239011764262,-0.3549135418382292
NewMedia23,0.6530911838674698,-0.8289895203116637,1.0,-0.04107108378913715,-0.3549135418382292
NewMedia23,0.6382668835513718,-0.8349736392759488,1.0,-0.04114561462964794,-0.3549135418382292
NewMedia23,0.6373237811771764,-0.8355060898610664,1.0,-0.17296798819388282,-0.3549135418382292
NewMedia23,0.6167283865162319,-0.8430181992018001,1.0,1.0,0.3581328900275327
NewMedia23,0.6241910085138782,-0.844506748794166,1.0,1.0,0.3701517899342648
NewMedia23,0.6238521261622942,-0.8458300551014954,1.0,1.0,0.3859555235383345
NewMedia23,0.6353625896956694,-0.8455417293695798,1.0,-0.15361265296037308,0.3840537752456388
NewMedia23,0.6339811033432545,-0.8454009665712154,1.0,-0.22176300542913985,0.40321309612180545
NewMedia23,0.6294256593064305,-0.8418145752737565,1.0,0.027443281625312288,0.4012805540638207
NewMedia23,0.6293867238873121,-0.8348614370453684,-1.0,-0.3370508740496305,-0.0548068367757808
NewMedia23,0.6153440160586974,-0.8399975791518736,-1.0,-0.3370508740496305,-0.0548068367757808
NewMedia23,0.6311979419025864,-0.8336591731443621,1.0,0.021998209639592092,0.6221940931026166
NewMedia23,0.631355125631619,-0.8351926036289601,1.0,0.029904959676384957,0.43240651876016845
NewMedia23,0.6366301538958492,-0.8377997754595361,1.0,0.022840192105941792,0.43350482972214244
NewMedia23,0.6399396645208926,-0.8350545608846703,-1.0,0.00024276531021438785,0.615863641474723
NewMedia23,0.6477036755035648,-0.843521409205615,1.0,-0.19103901662496825,0.5133465311056689
NewMedia23,0.6448238965413813,-0.8398282557857251,-1.0,-0.22743112985783787,0.2947770508064469
NewMedia23,0.6432967628804134,-0.8418825766256233,1.0,-0.247147237565704,0.22549947720584873
NewMedia23,0.6442254447290094,-0.8408625563476202,1.0,-0.25262255395047206,0.23660202930913288
NewMedia23,0.6585205117556125,-0.8362527447045647,1.0,-0.26209013100955536,0.2431713659041168
NewMedia23,0.658467155810895,-0.8374590886866831,1.0,-0.2538695953326411,0.26514131772120564
NewMedia23,0.6563675272836345,-0.8414840887036834,1.0,-0.2126556607658585,0.2872288457330341
NewMedia23,0.6669031632864955,-0.8392162436189232,1.0,-0.19082622567452445,0.482620885358078
NewMedia23,0.6681678433815557,-0.840916277415595,1.0,-0.16460433170004585,0.5076683474152601
NewMedia23,0.6669103735492952,-0.8402682245323037,1.0,-0.14209439763013543,0.5334949850486939
NewMedia23,0.6641430746867862,-0.839604531338083,1.0,-0.12598925513715975,0.5472458009668308
NewMedia23,0.6817995662305898,-0.8390305999283265,1.0,-0.11834336304215443,0.6751742997101189
NewMedia23,0.6837650838697769,-0.8420403397619545,1.0,-0.10905131151325964,0.577072828654625
NewMedia23,0.6802998315682611,-0.83948348893176,-1.0,-0.114609259916855,0.5936193452032412
NewMedia23,0.6813539719895711,-0.8409740785646819,1.0,-0.14589006971063934,0.6194991720676288
NewMedia23,0.6897842112549317,-0.841977778518237,1.0,-0.14299254826614538,0.6209315487257681
NewMedia23,0.6898447774624488,-0.8413406058512443,1.0,-0.1567548299900221,0.5758149499997902
NewMedia23,0.6887315128861817,-0.8377596546619347,1.0,-0.1708352179824555,0.5036194338519595
NewMedia23,0.6883594633257193,-0.8387123536015896,1.0,-0.17198774561760022,0.4830902569926343
NewMedia23,0.6882239103850858,-0.838075180934597,1.0,-0.1745801226788436,0.4733118367967768
NewMedia23,0.7007740938141716,-0.8381996234085134,1.0,-0.20552284329755766,0.4611893578613451
NewMedia23,0.7036178214623567,-0.848869035516426,1.0,-0.204280122543824,0.2561392736683916
NewMedia23,0.7032919175838122,-0.8487541132317711,1.0,-0.20725325498593783,0.23594789508284242
NewMedia23,0.7093182552317665,-0.843402406839848,1.0,-0.21847338695413243,0.22242103382135237
NewMedia23,0.7170346784799613,-0.846596430337035,1.0,-0.2340044259437536,0.20723317552306253
NewMedia23,0.7180196003783945,-0.8451806421911667,1.0,-0.33482737064105983,-0.3081676729851428
NewMedia23,0.6153440160586974,-0.8399975791518736,-1.0,-0.33482737064105983,-0.3081676729851428
NewMedia23,0.727069922244526,-0.8517448126868762,1.0,-0.2775930859143463,0.0815731508227302
NewMedia23,0.7287297247410074,-0.8523745052051634,1.0,-0.2994695078399153,0.013145671772988532
NewMedia23,0.7308697307399459,-0.8517883335520711,1.0,-0.2981592772668785,0.018393675893753958
NewMedia23,0.7400858886504693,-0.8536916913908248,-1.0,-0.31861691282997107,0.011946581215523278
NewMedia23,0.7405055259454099,-0.8556916111492296,1.0,-0.31258639569125324,0.0066491204414147465
NewMedia23,0.7416346530998361,-0.8555250078371558,1.0,-0.3435064330106814,-0.05367306632650426
NewMedia23,0.7528091183867469,-0.8548912352377565,1.0,-0.3334620520554714,-0.05941563698069918
NewMedia23,0.6523499688516647,-0.8365431104770362,-1.0,-0.2685348883995178,0.024995672542832637
NewMedia23,0.6349948662928866,-0.8316606134129947,1.0,-0.2762509907065983,0.003302864613344836
NewMedia23,0.6342565353822016,-0.8323134263909167,1.0,-0.2900354156512065,-0.03419087748700478
NewMedia23,0.6286873283957455,-0.8337985759156892,1.0,-0.290118587748588,-0.026716390821404867
NewMedia23,0.6295049721972268,-0.8291656438129991,1.0,-0.29343142960143553,0.024441384767630803
NewMedia23,0.6293492305207542,-0.8289786400953651,1.0,-0.2944332753198954,0.03762298260012287
NewMedia23,0.6281105073717728,-0.8392815249167154,1.0,-0.3076884232811663,0.01444367563713933
NewMedia23,0.6305259454096583,-0.8393148455791302,1.0,-0.29566951513097595,0.039411820420092614
NewMedia23,0.6364974850603355,-0.8421647822358709,1.0,-0.29714230934889474,0.06074630089894484
NewMedia23,0.6479416141759535,-0.8384478283428274,1.0,-0.3002185967949038,0.14218367921108244
NewMedia23,0.6514458018965874,-0.8318251766845125,-1.0,-0.2890071060835798,0.16725913560034567
NewMedia23,0.6582508479269051,-0.8372122437794063,-1.0,-0.2749926076747864,0.16424414603523307
NewMedia23,0.6153440160586974,-0.8399975791518736,-1.0,-0.2739578171645066,0.15089924793226883
NewMedia23,0.6558628088876584,-0.8390312799418452,1.0,-0.2730737085709116,0.17684439490484527
NewMedia23,0.6589444752082325,-0.8360337803515534,-1.0,-0.26079934326447796,0.15901293851371556
NewMedia23,0.6576379755889343,-0.8380602206371862,1.0,-0.27947147912663906,0.2026598348054467
NewMedia23,0.6646506771878822,-0.8409189974696697,1.0,-0.27895462395005366,0.16579969775452796
NewMedia23,0.6753478230774557,-0.8445761101730702,1.0,-0.27651508911971245,0.1539851564719863
NewMedia23,0.6153440160586974,-0.8399975791518736,-1.0,-0.5857149222354392,-0.36578280784083916
NewMedia23,0.6830166585911723,-0.8365186299903642,1.0,-0.25074632105239714,0.1486382390445351
NewMedia23,0.6840924298008813,-0.8390156396309159,1.0,-0.24461102867412077,0.17437622795971275
NewMedia23,0.6851350338017119,-0.839080920928708,1.0,-0.23829102943023073,0.15729128709074058
NewMedia23,0.6941420940910452,-0.8410896808628555,1.0,-0.2646474029647613,0.16976369517718326
NewMedia23,0.6959922475254379,-0.8373856472266669,-1.0,-0.2806526309251681,0.136637068881454
NewMedia23,0.6952611268775526,-0.8389870790631317,1.0,-0.2866453425650761,0.06981926392636395
NewMedia23,0.7087284557347546,-0.8454057266658461,1.0,-0.32566763835799917,0.04333475948902876
NewMedia23,0.7091899125539327,-0.8464658677414507,1.0,-0.3200783653982473,0.03559339352425783
NewMedia23,0.7382761126877553,-0.8465563095394336,1.0,-0.34122244080401487,0.013497467212804981
NewMedia23,0.7376041161948272,-0.8483114244311176,1.0,-0.3397825913779159,-0.014798270510163913
NewMedia23,0.7372609076855634,-0.8482760637281469,1.0,-0.33970373990896985,-0.014388620117380069
NewMedia23,0.6484362382040101,-0.8398370959614677,-1.0,-0.29966177580529085,0.01190832229501293
NewMedia23,0.6356841674165341,-0.8309350389885751,1.0,-0.2967982793097256,-0.02572352517693588
NewMedia23,0.6332629611684086,-0.8439538978034884,-1.0,-0.2895072188249782,-0.03818566867494888
NewMedia23,0.6360490067141968,-0.8382227438681481,-1.0,-0.2966989048557114,-0.02257509596223739
NewMedia23,0.6416369603839323,-0.8398275757722063,1.0,-0.30218610296867676,0.0007404500835397343
NewMedia23,0.6515928912577005,-0.8371660028601369,-1.0,-0.2898744722419876,0.10038534198109361
NewMedia23,0.6544048937495675,-0.8379140177306725,1.0,-0.284761548567239,0.1064815743639107
NewMedia23,0.6504695323135137,-0.836917117912304,1.0,-0.2759631288370893,0.08737544271869768
NewMedia23,0.6534531390600125,-0.8363935075029292,1.0,-0.2555973066282491,0.33249754699665135
NewMedia23,0.6651928889504164,-0.8371959234549583,1.0,-0.2619918367126499,0.27342764001715136
NewMedia23,0.6654221753074456,-0.8363805872460744,1.0,-0.2635472629493961,0.31222311855926255
NewMedia23,0.6660537943286957,-0.8357087338896297,1.0,-0.2595339392114584,0.3142275127362548
NewMedia23,0.6768908193165826,-0.8373081256855386,1.0,-0.24084776130688212,0.3811153035215471
NewMedia23,0.6769585957868993,-0.8366090717883472,1.0,-0.24674163857133025,0.24660720359484567
NewMedia23,0.6725920606354261,-0.8355162900638464,1.0,-0.256099579683865,0.2671951685515408
NewMedia23,0.6881792067557277,-0.8373645668075881,-1.0,-0.26066108315454484,0.12766955117153955
NewMedia23,0.6898822708290071,-0.8430202392423561,1.0,-0.26995151444777643,0.11020388738626741
NewMedia23,0.690498027272098,-0.8349661591272435,1.0,-0.2761175913036552,0.13299407313332634
NewMedia23,0.6966354029671673,-0.8380098996368048,1.0,-0.28528974539346763,0.09285766608454038
NewMedia23,0.6153440160586974,-0.8399975791518736,-1.0,-0.3804785906110044,-0.013542258144134456
NewMedia23,0.6925659306430403,-0.8403253456678719,-1.0,-0.29956402158693984,0.07851057089307978
NewMedia23,0.6988503956992225,-0.8388082355077219,1.0,-0.31984721177695297,0.021377871693577966
NewMedia23,0.7006010475069795,-0.838832715994394,1.0,-0.31917913460512837,0.16741123813798509
NewMedia23,0.7092014489744123,-0.8363955475434851,1.0,-0.3297657544289817,0.049183708605130994
NewMedia23,0.709903728571099,-0.8368892373580387,1.0,-0.3285386959533265,0.03655826483664626
NewMedia23,0.7173115525714682,-0.8403668264925107,-1.0,-0.3390945312995777,-0.014129205973430592
NewMedia23,0.7188891580720336,-0.8391611625239109,1.0,-0.3313881504064766,-0.009929123016893082
NewMedia23,0.7130416349415105,-0.8367022336404047,1.0,-0.3212157708338679,0.03810635140071983
NewMedia23,0.7115476684894211,-0.8370048396562124,1.0,-0.30986223946272995,-0.00381702717923027
NewMedia23,0.7162747167808774,-0.842236183655331,-1.0,-0.3230271943054117,-0.010483410792094694
NewMedia23,0.7197284326619138,-0.8404484281147508,1.0,-0.3208847026800049,-0.08058588404467715
NewMedia23,0.7317594771694238,-0.8370320401969591,1.0,-0.32559094720327075,-0.017092872596394804
NewMedia23,0.7318560946909392,-0.8376746529721011,1.0,-0.3208263741961268,-0.025237356943130784
NewMedia23,0.7272992086015553,-0.8386987533312162,1.0,-0.3021137324423837,-0.02246125234510843
NewMedia23,0.7435655614775849,-0.8425721103335534,1.0,-0.290198519374643,-0.02387216668198555
NewMedia23,0.7450854848757527,-0.8435744502600712,1.0,-0.2973286364501717,-0.038395626165555696
NewMedia23,0.731928197318936,-0.8397364539607047,-1.0,-0.3072687822443775,-0.03052175369560184
NewMedia23,0.7305741099651601,-0.8420770604919625,1.0,-0.2931824533878453,-0.013894053583951016
NewMedia23,0.6996896702891027,-0.8392359640109646,-1.0,-0.25720242009200245,0.02725108256415032
NewMedia23,0.632136718119102,-0.8327329947319353,1.0,-0.22967245585870466,0.06260232511590846
NewMedia23,0.632937057289864,-0.8328989180304904,1.0,-0.23117549447567154,0.03920932808470723
NewMedia23,0.6297414688170555,-0.8288711979594154,1.0,-0.26785006879250595,0.049098792464485896
NewMedia23,0.6272149927320549,-0.8318068163195085,-1.0,-0.2849613776323767,0.06658591857102025
NewMedia23,0.6384009944394455,-0.8319577793206528,1.0,-0.2700303659167227,0.08821807211433264
NewMedia23,0.638008756143144,-0.8357182540788911,1.0,-0.2887759524622856,0.08894965732604665
NewMedia23,0.6372372580235806,-0.8306188327023941,1.0,-0.2935329643696676,0.028350326670526727
NewMedia23,0.6386129761657553,-0.8307623155548333,1.0,-0.2994705879970243,0.06814147029031536
NewMedia23,0.6554878752220761,-0.8331933638840741,1.0,-0.2659846374655195,0.2276877008301721
NewMedia23,0.6558036847327011,-0.8338148962401373,1.0,-0.2613070171056381,0.26504613699213064
NewMedia23,0.6549817147735402,-0.8337734154154984,1.0,-0.2574238522993171,0.12129524175671902
NewMedia23,0.6537213608361598,-0.8363724270838504,1.0,-0.20808227556698122,0.25545061309920136
NewMedia23,0.6529311160333173,-0.8354856894555064,1.0,-0.19632854598701377,0.2607480738733099
NewMedia23,0.6617348469117001,-0.8345561109754862,1.0,-0.1880442810406775,0.2648641738336046
NewMedia23,0.6645713642970859,-0.8336972539014076,1.0,-0.23975086176284355,0.30747901241595277
NewMedia23,0.6706827830460764,-0.8339250584301616,1.0,-0.2579752725033856,0.2225320780052733
NewMedia23,0.6153440160586974,-0.8399975791518736,-1.0,-0.5090988384260491,-0.5233750340014491
NewMedia23,0.6684000138437045,-0.8329179584090132,1.0,-0.20280516801168735,0.2599063776220776
NewMedia23,0.6684447174730626,-0.8316381729668786,1.0,-0.21230677001969944,0.22954279190273286
NewMedia23,0.6820749982695369,-0.8335802915761965,1.0,-0.19785966868881077,0.332585262570505
NewMedia23,0.6830108903809324,-0.8347165941658921,1.0,-0.2044038005327874,0.2774905507464924
NewMedia23,0.6832243141598024,-0.832099222132536,1.0,-0.2068741198407309,0.29030728911753
NewMedia23,0.6949482014720474,-0.8336816135904782,1.0,-0.30095526394314065,0.1904645706066046
NewMedia23,0.6956951846980919,-0.8334354486967201,1.0,-0.3131653599015978,0.032953528009029176
NewMedia23,0.6944232943402322,-0.8336272125089846,1.0,-0.32242338648156377,0.02473065953246678
NewMedia23,0.6940613391476893,-0.8338509369566267,1.0,-0.3480085278403744,-0.03730104778119259
NewMedia23,0.7074032094321774,-0.8339100981327509,1.0,-0.3489336824041057,-0.04840546617328212
NewMedia23,0.7074219561154564,-0.8351422826285786,1.0,-0.3599561456213808,-0.0647793510073994
NewMedia23,0.7075892342124086,-0.834724754328116,1.0,-0.3445061184149234,-0.012771480867507012
NewMedia23,0.7073282226990609,-0.8345826315027143,1.0,-0.32079991034696,-0.009615586497586981
NewMedia23,0.7071840174430677,-0.8343106260952468,1.0,-0.30054750463454916,0.018062409630797083
NewMedia23,0.714613472231836,-0.8338767774703362,1.0,-0.3029557149087335,0.017398010816076948
NewMedia23,0.7155724371841905,-0.8311540033415864,-1.0,-0.2946336444635872,-0.035295720459797564
NewMedia23,0.716279042938557,-0.8338074160914319,1.0,-0.3228009013911074,-0.07684957385627977
NewMedia23,0.7249659675595856,-0.8347900356259083,1.0,-0.3253344098899186,-0.10535340278105021
NewMedia23,0.7249890404005443,-0.8348981577753766,1.0,-0.31300765696370547,-0.06550347106389176
NewMedia23,0.7102801042892413,-0.8340869016476047,1.0,-0.30106273957547136,-0.002046852247314934
NewMedia23,0.7108598094183336,-0.8385552704787771,-1.0,-0.2942550493969349,-0.011654507017479054
NewMedia23,0.7131714196719043,-0.8387001133582536,1.0,-0.28431004289573913,-0.031058311727152232
NewMedia23,0.7232874183798252,-0.8333008060200237,-1.0,-0.296973804839914,-0.04316119463012713
NewMedia23,0.7316513232274291,-0.8315966921422397,1.0,-0.29634893395244344,-0.08569391650503821
NewMedia23,0.7317263099605456,-0.8318537372522966,1.0,-0.29925995736079813,-0.06026106580954238
NewMedia23,0.7327530513832168,-0.8320686215241959,1.0,-0.29939389684229567,-0.10326409246341273
NewMedia23,0.737503172515632,-0.8309465992183924,1.0,-0.3037766343114606,-0.063890997536032
NewMedia23,0.7385472185690225,-0.8316708136157747,1.0,-0.28750892817360296,-0.04880858455524695
NewMedia23,0.7458108373133985,-0.8312587254234614,1.0,-0.2957894125700583,-0.084993125058613
NewMedia23,0.7444307930135439,-0.8314096884246058,1.0,-0.29187924383601604,-0.11955866002330051
NewMedia23,0.6153440160586974,-0.8399975791518736,-1.0,-0.5030634605803413,-0.23540760447368103
NewMedia23,0.6287897141275005,-0.8268087169572931,1.0,-0.26895182904353443,-0.04726049799117327
NewMedia23,0.6284666943540758,-0.8266196731991031,1.0,-0.2715226029626009,-0.05010845470820324
NewMedia23,0.6279533236427404,-0.8265992727935432,1.0,-0.29835964641057033,-0.03398278628520346
NewMedia23,0.6272496019934937,-0.8263184272103329,1.0,-0.31400842252505634,-0.0364686829739872
NewMedia23,0.6269972427955053,-0.8264047889272039,1.0,-0.31637666698621314,0.012566189098913938
NewMedia23,0.6330610738100182,-0.8267835564571024,1.0,-0.32208151675661234,-0.007655050107521322
NewMedia23,0.6337503749336655,-0.8267876365382144,1.0,-0.2942647708109144,-0.01759490428504551
NewMedia23,0.634950162663529,-0.8271677640951502,1.0,-0.31719110544628726,0.0010493208808326493
NewMedia23,0.6406563646431787,-0.8245510720753129,1.0,-0.3146889215036327,0.015248979256666573
NewMedia23,0.6364614337463372,-0.8276968146126744,1.0,-0.32109371308056767,0.01546266932488427
NewMedia23,0.6330538635472185,-0.8266761143211527,1.0,-0.31736177026948587,0.03356473759279566
NewMedia23,0.6337691216169448,-0.825261006188803,1.0,-0.3014937222619031,0.030527352562017995
NewMedia23,0.637437703329411,-0.8290412013390827,-1.0,-0.28994684276828075,0.04035149683360806
NewMedia23,0.6607672296439862,-0.8376970934182172,-1.0,-0.29618853062177897,0.048501580046760084
NewMedia23,0.6633730186197826,-0.8380520604749622,1.0,-0.3037064240993852,0.07379259279304606
NewMedia23,0.6691369027018297,-0.8380439003127382,-1.0,-0.29223515560338253,0.08287675355329749
NewMedia23,0.6421445628850282,-0.8328179964217689,-1.0,-0.26853812887084416,0.0864264348611552
NewMedia23,0.6357202187305322,-0.8291656438129991,1.0,-0.26771828962522604,0.08389947981865298
NewMedia23,0.6363576059620222,-0.8286719539984455,1.0,-0.28152269747634795,0.07364515597742005
NewMedia23,0.637015181929351,-0.8290038005955558,1.0,-0.3046769452616884,0.08776643022342734
NewMedia23,0.6352861609099929,-0.8296525334923658,1.0,-0.3210947932376764,0.056102041206723685
NewMedia23,0.628629646293348,-0.8285107907945211,1.0,-0.3092276471612797,0.05210911630758486
NewMedia23,0.6472306822639073,-0.8280769421696104,-1.0,-0.21429263886432293,0.23137642065403186
NewMedia23,0.6524898479499781,-0.8269535598367695,1.0,-0.21451785162151837,0.23015680091970747
NewMedia23,0.6518380401928889,-0.827763455937504,1.0,-0.2381624907342773,0.22056967532640237
NewMedia23,0.6515669343116217,-0.8278273772082589,1.0,-0.19334353181670272,0.20852651366519992
NewMedia23,0.6628524376456473,-0.8295954123567977,1.0,-0.20911976647003316,0.20225111755706537
NewMedia23,0.6627486098613322,-0.8290962824340948,1.0,-0.17543614718760847,0.2751352942740861
NewMedia23,0.6596597332779583,-0.8271453236490341,-1.0,-0.19347531098398263,0.25174136409848225
NewMedia23,0.6599870792090632,-0.8284115088207953,1.0,-0.1945068610229359,0.24570205352423002
NewMedia23,0.6660783092222147,-0.83252627062226,1.0,-0.18635005461544374,0.23322777914898163
NewMedia23,0.6668627858148175,-0.8319740996451009,1.0,-0.16588053732415386,0.2973730585347487
NewMedia23,0.6803719341962575,-0.8307351150140865,1.0,-0.17772716041548242,0.24086836551826152
NewMedia23,0.6802810848849818,-0.8297790160068382,1.0,-0.16952552748797323,0.29968352407582555
NewMedia23,0.6758482153157519,-0.8301673037259981,-1.0,-0.1710793334890559,0.30610915643279446
NewMedia23,0.6755626889088855,-0.8306038724049833,1.0,-0.15964857088463524,0.3030307130482981
NewMedia23,0.68960828084262,-0.8310567614084168,1.0,-0.17389368283616857,0.3336509134783845
NewMedia23,0.6917050252647607,-0.8306120325672074,1.0,-0.15005245512959864,0.3168869742839402
NewMedia23,0.6920121824600265,-0.8296171727893951,1.0,-0.15108292501144294,0.27249916133646823
NewMedia23,0.6887589118848205,-0.8277342153562013,1.0,-0.1764471742414936,0.28828143261927575
NewMedia23,0.6890675111326459,-0.8285842322545373,1.0,-0.14836092909713727,0.3127792726232699
NewMedia23,0.6153440160586974,-0.8399975791518736,-1.0,-0.3836067255982383,-0.4321527034826348
NewMedia23,0.704010059758658,-0.8300693817793098,-1.0,-0.14536025264874786,0.2734024451182786
NewMedia23,0.7031145451189407,-0.8293635277469316,1.0,-0.1627297190376341,0.2930824605711497
NewMedia23,0.7030294640179044,-0.8288943184190501,1.0,-0.16561049804694083,0.28498370030014586
NewMedia23,0.7034476592602847,-0.8286291131467693,1.0,-0.16740679931896096,0.2510032468759493
NewMedia23,0.7037865416118687,-0.8284373493345047,1.0,-0.2594432060143148,0.12673360733563488
NewMedia23,0.7048046307191804,-0.8289861202440705,1.0,-0.28621814042852545,0.16115823749551517
NewMedia23,0.7240070026072309,-0.8327812756917607,1.0,-0.3366928019680463,-0.03227606517267134
NewMedia23,0.7274261092268293,-0.8293553675847076,1.0,-0.34486743096783434,-0.027938809988937607
NewMedia23,0.7293526914468977,-0.8308425571500362,1.0,-0.3406818221710348,-0.04672860568163606
NewMedia23,0.7457848803673197,-0.8355618509695972,1.0,-0.3253776161742725,-0.04295030399511768
NewMedia23,0.6153440160586974,-0.8399975791518736,-1.0,-0.7703715605434811,-0.3251518342586237
NewMedia23,0.6389864677787775,-0.8242974270328494,-1.0,-0.2472428314698374,0.06587019681415196
NewMedia23,0.6264074432984934,-0.8281503836296266,1.0,-0.2636320552824408,0.05406498697563711
NewMedia23,0.6287579889711818,-0.8243266676141522,1.0,-0.26671536374965743,0.07163329664520601
NewMedia23,0.6408870930527677,-0.8258621381393062,1.0,-0.15717177063403864,0.10142206541248977
NewMedia23,0.641534574652177,-0.8247713964553616,1.0,-0.18878904936723062,0.11244250080833651
NewMedia23,0.6371680395007036,-0.8278355373704829,1.0,-0.27847665442938674,0.09309188532961699
NewMedia23,0.6384269513855241,-0.8250427218493104,1.0,-0.17732426181388095,0.09612553778278365
NewMedia23,0.6377174615260379,-0.8275669320306087,-1.0,-0.2537513181292219,0.11644009142948875
NewMedia23,0.625152857571353,-0.8234419700263641,-1.0,-0.2654434787539848,0.11453554370358487
NewMedia23,0.6238333794790154,-0.8283496275905965,1.0,-0.2530913421357137,0.1346849307910125
NewMedia23,0.6257195842274059,-0.8280123408853368,1.0,-0.24804538820171396,0.15108587681280805
NewMedia23,0.6402396114533582,-0.8267923966328451,1.0,-0.1251353909426125,0.41062692840122983
NewMedia23,0.6739028864124039,-0.8368763171011839,1.0,-0.13359302110491966,0.4179101204642768
NewMedia23,0.6735553517454604,-0.8350416406278156,1.0,-0.11992309281384983,0.4374119053362331
NewMedia23,0.6736865785284141,-0.8319414589962049,1.0,-0.05914859316287557,0.4303162752981282
NewMedia23,0.674152361505272,-0.8322515451607178,1.0,-0.15875366071995167,0.46849681167886237
NewMedia23,0.6841414595879192,-0.8366172319505711,1.0,-0.161533445039581,0.47751098660891134
NewMedia23,0.685326826792183,-0.8393692466606236,-1.0,-0.17274709606512262,0.4102014145536004
NewMedia23,0.7115029648600633,-0.8353184061299138,-1.0,-0.20533219556784543,0.3476238177643636
NewMedia23,0.7119399067857226,-0.8347471947742321,1.0,-0.1967562882021191,0.3979156353476969
NewMedia23,0.7354251747767704,-0.8363316262727303,1.0,-0.2032755764325922,0.1456969678872353
NewMedia23,0.7341085807895527,-0.8353442466436233,1.0,-0.2019999108870385,0.1160351067587182
NewMedia23,0.7388053459772501,-0.8313831678973778,1.0,-0.21835186927938666,0.10001674994202836
NewMedia23,0.7191559377956207,-0.8291160028261362,1.0,-0.05390551055651038,0.17861456983676072
NewMedia23,0.637840035993632,-0.8272942466096226,1.0,-0.07091474454959468,0.14072144193205705
NewMedia23,0.6364686440091369,-0.8311152425710223,1.0,-0.08985421929619664,0.11721460128372674
NewMedia23,0.6383923421240858,-0.8285277911324878,1.0,-0.1139951906004728,0.098321226562329
NewMedia23,0.6286440668189475,-0.8295437313293789,1.0,-0.11535294808629915,0.09826430475376435
NewMedia23,0.6641228859509472,-0.829906858548348,-1.0,-0.13187287090907385,0.3543527220522087
NewMedia23,0.663514339770656,-0.8312220046934533,1.0,-0.11516878129924002,0.3491056510758457
NewMedia23,0.6645598278766065,-0.8314294088166473,1.0,-0.14094403030920855,0.4002755575421164
NewMedia23,0.6731054313467619,-0.8299564995352108,1.0,-0.09987267648079412,0.41423259837324955
NewMedia23,0.6737759857871302,-0.8292635657596873,1.0,-0.06981946524121929,0.4539042995094926
NewMedia23,0.6870183544449828,-0.8369218780069347,-1.0,-0.0706744095928753,0.45112259604505445
NewMedia23,0.6861473546987842,-0.8340372606607419,1.0,-0.03673911370408822,0.46735930865197517
NewMedia23,0.6919314275166701,-0.8331063221536844,-1.0,-0.0727029446432983,0.4186370399539774
NewMedia23,0.696853152903717,-0.8335959318871259,1.0,-0.07361405716461467,0.42084206017754955
NewMedia23,0.6971415634157034,-0.8348403566262897,1.0,-0.05611173145133963,0.40935598572475707
NewMedia23,0.712649396645209,-0.8337203743610423,1.0,-0.171010743512644,0.4284285241714729
NewMedia23,0.7133545603470155,-0.8328900778547478,1.0,-0.14506428960092255,0.4585728209561837
NewMedia23,0.7141851826215364,-0.832522190541148,1.0,-0.041486944276044935,0.4091945517430906
NewMedia23,0.7110544865139246,-0.8326221525283922,1.0,-0.07412767186987346,0.42463342588570585
NewMedia23,0.7142154657252948,-0.8340875816611234,-1.0,-0.15865428626593747,0.3772436873947589
NewMedia23,0.7201076924851757,-0.8358372564446581,1.0,-0.1635241745911944,0.37571519686314203
NewMedia23,0.7199072471793451,-0.8367144738837408,1.0,-0.15787981361889092,0.4171794683969656
NewMedia23,0.7262811194942433,-0.8309955601917366,1.0,-0.18497447453732152,0.36986344831383144
NewMedia23,0.7312980203502457,-0.8283081467659577,-1.0,-0.5845083867448521,-0.1153492456227363
NewMedia23,0.7455844350614891,-0.8150308828139503,1.0,-0.4599187451814868,-0.03649761045047073
NewMedia23,0.6153440160586974,-0.8399975791518736,-1.0,-0.6676977666401578,-0.783693394877317
NewMedia23,0.6153440160586974,-0.8399975791518736,-1.0,-0.6676977666401578,-0.783693394877317
NewMedia23,0.6397940172123393,-0.8267182751593102,1.0,-0.0942045520520961,0.1418449477929038
NewMedia23,0.6397853648969798,-0.8264381095896187,1.0,-0.09055794165261333,0.14233484860431944
NewMedia23,0.6400463764103275,-0.8264367495625813,1.0,-0.07029203397634198,0.27823799941305216
NewMedia23,0.6559998038808521,-0.8285808321869439,1.0,-0.10861060741284823,0.3870808956879863
NewMedia23,0.6552470524445675,-0.8267271153350528,1.0,-0.11606099107115131,0.37915290084267617
NewMedia23,0.6573582173923074,-0.8267495557811689,1.0,-0.13026343681688501,0.3595092780215101
NewMedia23,0.6666652246141069,-0.8268046368761811,1.0,-0.14354828909864936,0.3865135438911471
NewMedia23,0.6285142820885534,-0.8223104275312993,-1.0,-0.1159097690759121,0.20663689624973958
NewMedia23,0.6297515631849748,-0.8216310940261492,1.0,-0.1156445905056891,0.17242595615807677
NewMedia23,0.6294429639371497,-0.8217086155672775,1.0,-0.1063509187411309,0.19626686250257186
NewMedia23,0.6349011328764911,-0.8219214597986207,1.0,-0.12425830337022514,0.3688892455574162
NewMedia23,0.6381630557670566,-0.8235500921758324,1.0,-0.06825215727627587,0.4531335222328654
NewMedia23,0.6752439952931406,-0.8292962064085834,1.0,-0.10107003063595599,0.4743270979069105
NewMedia23,0.6752540896610599,-0.8284604697941396,1.0,-0.10259197200232784,0.4751454655480756
NewMedia23,0.6762808310837314,-0.8284584297535835,1.0,-0.05437591897741523,0.4915184172377902
NewMedia23,0.6690864308622322,-0.83037062776808,1.0,-0.04337289858809956,0.48452263365077375
NewMedia23,0.6684028979488246,-0.8288201969455153,1.0,-0.032407683697593836,0.5249091233994827
NewMedia23,0.6676732193534991,-0.8285529516326785,1.0,-0.02167470258549109,0.4985309974240548
NewMedia23,0.6633167785699454,-0.8248944789022405,1.0,-0.07207375312739239,0.4882402809511168
NewMedia23,0.6659730393853394,-0.8304365890793909,1.0,-0.049463904524913116,0.5002563814246408
NewMedia23,0.6753781061812141,-0.8298354571288877,1.0,-0.09061518997938245,0.4928817412101296
NewMedia23,0.6782910523522763,-0.8290106007307425,-1.0,-0.0808343673587324,0.485471641508316
NewMedia23,0.6758121640017536,-0.8319979001182544,1.0,-0.09542512958509808,0.46482862103186195
NewMedia23,0.6756102766433632,-0.8318367369143298,1.0,-0.07569335959915369,0.5113747969827709
NewMedia23,0.6819163724879445,-0.82864407344418,1.0,-0.1209368202605069,0.492327453434928
NewMedia23,0.6851725271682703,-0.8288759580540461,1.0,-0.0816504260544697,0.4685518671986213
NewMedia23,0.696597909600609,-0.827847777613819,1.0,-0.10037008882942022,0.43452848913190056
NewMedia23,0.6952366119840336,-0.8278382574245576,1.0,-0.10038035032195436,0.4324401119586656
NewMedia23,0.6908354675711221,-0.8268019168221065,1.0,-0.15218684557668916,0.4277445293242963
NewMedia23,0.6898765026187674,-0.8306385530944356,-1.0,-0.13602121428561786,0.40929906391619264
NewMedia23,0.6900711797143584,-0.83185713731989,1.0,-0.15675428991146767,0.421098674888291
NewMedia23,0.6899284165109252,-0.8314654495331367,1.0,-0.13233031744467239,0.4027717188193298
NewMedia23,0.7157065480722642,-0.8091868466345111,-1.0,-0.6778647454272224,-0.5326290270429914
NewMedia23,0.7097364504741468,-0.8160971440112229,-1.0,-0.14860450452518326,0.34565301678586846
NewMedia23,0.7055285411042662,-0.8256050930292494,1.0,-0.12253005199606282,0.3558233576308585
NewMedia23,0.7042234835375278,-0.8296885742088552,1.0,-0.13697607316984262,0.3260383214411857
NewMedia23,0.706184675019035,-0.8310159605972967,1.0,-0.22464324435989225,0.3682481753527638
NewMedia23,0.7103262499711589,-0.8283700279961566,-1.0,-0.20189297533326223,0.3044313627967459
NewMedia23,0.7102786622366812,-0.8256227733807348,1.0,-0.26148686326426174,0.26803593165837025
NewMedia23,0.7108958607323321,-0.8266720342400407,1.0,-0.2892112557771528,0.21097881715548694
NewMedia23,0.7162689485706377,-0.8238622183809015,1.0,-0.27882662533265457,0.19842429236160664
NewMedia23,0.7180542096398328,-0.8294179288284251,1.0,-0.2902222828310378,0.20755231090878468
NewMedia23,0.7276928889504164,-0.8329179584090132,-1.0,-0.3098887033118968,0.0480611358886871
NewMedia23,0.7268363097298169,-0.8318040962654337,1.0,-0.3026257269119793,0.011770216923413734
NewMedia23,0.7259364689324195,-0.8286393133495493,1.0,-0.2963726974088381,0.14698750659616455
NewMedia23,0.7259595417733786,-0.8288875182838635,1.0,-0.2739448552792003,0.07444766016373894
NewMedia23,0.7277577813156135,-0.8314559293438754,1.0,-0.2593243887323412,-0.005470559060808733
NewMedia23,0.7372710020534827,-0.8313892880190458,1.0,-0.25372377412294633,0.007623323197829768
NewMedia23,0.7366264045591933,-0.8306351530268422,1.0,-0.2537880434709229,0.044071943567159266
NewMedia23,0.7374108811517961,-0.8299653397109534,1.0,-0.2622278510409338,0.022501377554424495
NewMedia23,0.7426916776262662,-0.8269766802964043,1.0,-0.2679321607327786,0.034006114895270834
NewMedia23,0.7416000438383978,-0.8275363314222687,1.0,-0.23484586833154886,0.010836139376314335
NewMedia23,0.6284537158810364,-0.824505511169562,1.0,-0.09379409235073255,0.1012886257629042
NewMedia23,0.6305259454096583,-0.8225572724385761,1.0,-0.0861525208841627,0.21422989225448186
NewMedia23,0.6307364850834083,-0.8218548184737913,1.0,-0.07559830577357485,0.12408067779876841
NewMedia23,0.6404083316028701,-0.8204777910984871,1.0,-0.10623372169482048,0.26053998267150846
NewMedia23,0.6406217553817402,-0.8192558068054393,1.0,-0.13333378339879542,0.3022347408727979
NewMedia23,0.6405280219653446,-0.8196644949301592,1.0,-0.1223442649733405,0.31720144394764893
NewMedia23,0.6517486329341731,-0.8243824287226831,1.0,-0.12410546113932275,0.33151307965180665
NewMedia23,0.6525186890011767,-0.8248434778883404,1.0,-0.14402949909064267,0.35023009008109507
NewMedia23,0.6508862855033342,-0.8219377801230688,1.0,-0.13415848335140357,0.38272591076060136
NewMedia23,0.6473215315751828,-0.8226653945880444,1.0,-0.13065067314040835,0.348148244918679
NewMedia23,0.6634840566668976,-0.8213373281860843,-1.0,-0.13332460206337016,0.38217628870741316
NewMedia23,0.6676717773009391,-0.8252426458237989,1.0,-0.1327839834303901,0.37016672024470787
NewMedia23,0.6153440160586974,-0.8399975791518736,-1.0,-0.3047314931956854,0.13360155013948183
NewMedia23,0.6636109572921713,-0.8266597939967046,1.0,-0.12970499559160886,0.33190873287854994
NewMedia23,0.6646622136083618,-0.8265401116174189,1.0,-0.14572372551587642,0.32289362480409833
NewMedia23,0.6662008836898088,-0.8262191452366073,1.0,-0.1329319649543027,0.32563706934802616
NewMedia23,0.6787856763803328,-0.8254085691223542,1.0,-0.12752685878160974,0.3411058041115276
NewMedia23,0.6792615537251101,-0.8254534500145863,1.0,-0.1800527386708397,0.2434410446364963
NewMedia23,0.6794331579797421,-0.8253725284058647,1.0,-0.1853822338459128,0.2578086690048156
NewMedia23,0.6867905101405136,-0.8256649342188922,1.0,-0.21682722752024297,0.13316950428103325
NewMedia23,0.6875490297870377,-0.8263381476023743,1.0,-0.20516315098031002,0.22533804322418183
NewMedia23,0.6992152349968852,-0.8227211556965752,1.0,-0.23371008313159158,0.14417500936643712
NewMedia23,0.699345019727279,-0.8247380757929468,1.0,-0.20529384999048117,0.2180184585294298
NewMedia23,0.7005231766687434,-0.8216984153644975,-1.0,-0.194883835853925,0.1876352767776286
NewMedia23,0.7112693523453544,-0.8235711725949112,-1.0,-0.16458704918630407,0.3034300988526524
NewMedia23,0.7124705821277773,-0.8224879110596719,1.0,-0.18386137263664992,0.31830442063163633
NewMedia23,0.7082208532336587,-0.8255765324614653,1.0,-0.18824032955593384,0.23721137260409342
NewMedia23,0.7088164209409105,-0.8269338394447281,1.0,-0.19320851217809643,0.21338446342563855
NewMedia23,0.72909889019635,-0.8254881307040384,1.0,-0.27547273750967083,0.24889434052585502
NewMedia23,0.7290239034632335,-0.8260029009376706,1.0,-0.2629456154397657,0.2962906110276209
NewMedia23,0.7277534551579337,-0.8250610822143144,1.0,-0.2589231103664028,0.20706894210818794
NewMedia23,0.7235700606815718,-0.8258084170713313,1.0,-0.26441408902924934,0.21826760808494994
NewMedia23,0.7252111164947739,-0.8249135192807633,1.0,-0.2779246941467636,0.1777038208997288
NewMedia23,0.7272977665489953,-0.8245041511425247,1.0,-0.2756574443752844,0.1461728715326105
NewMedia23,0.7276539535312982,-0.8246027531027317,1.0,-0.22477988423416195,0.15278326648131335
NewMedia23,0.7139140767402692,-0.7796504594511339,1.0,-0.1797405732663816,0.07251045238374076
NewMedia23,0.7149119771117418,-0.7802638316449731,1.0,-0.18601952654013532,0.09215407520490682
NewMedia23,0.7255846081077963,-0.7799319850478628,1.0,-0.1571625892986136,0.14029312865121946
NewMedia23,0.7250178814517432,-0.7789221649726397,1.0,-0.1502890095364371,0.1099939298956607
NewMedia23,0.7214372649454326,-0.8228163575891889,1.0,-0.2536524837537619,0.17288879578181415
NewMedia23,0.7219722664451675,-0.8233671685393106,1.0,-0.2827016889606594,0.15190704388718124
NewMedia23,0.7222664451673935,-0.8242668264245093,1.0,-0.32671053004659534,0.013972437713777541
NewMedia23,0.726455607853995,-0.830282226010653,1.0,-0.3483088115166352,-0.051655608127874286
NewMedia23,0.7364187489905634,-0.8315259707362983,1.0,-0.37025544365427965,-0.07991495321913811
NewMedia23,0.7341157910523521,-0.8289555196357303,1.0,-0.36497995633464897,-0.09558431402921963
NewMedia23,0.7439246325650077,-0.8262347855475367,1.0,-0.37079822260147743,-0.10658142081499877
NewMedia23,0.7458699614683555,-0.8253371677028939,1.0,-0.3800546289457801,-0.11080856495921454
NewMedia23,0.7427161925197849,-0.8208796790880203,1.0,-0.34665671121864683,-0.10225069764208405
NewMedia23,0.6349126692969707,-0.8204988715175657,1.0,-0.14624004061390727,0.15794822075023895
NewMedia23,0.6356971458895735,-0.8191572048452324,1.0,-0.13958195219494685,0.17178955167543752
NewMedia23,0.6351794490205578,-0.8194890514423426,1.0,-0.15051584252929584,0.07613851782142511
NewMedia23,0.6265559747121663,-0.8207089956948344,1.0,-0.1558869237530599,0.05664793068230134
NewMedia23,0.6375054797997277,-0.820923199953215,-1.0,-0.1632887003414647,0.1988339427543906
NewMedia23,0.6418475000576822,-0.8219384601365876,1.0,-0.16030854687814344,0.24664732880416174
NewMedia23,0.6410543711497199,-0.8161637853360525,1.0,-0.14034292287813266,0.25681953593795703
NewMedia23,0.6424949816570915,-0.8183146680956017,1.0,-0.14333981877664104,0.27929245258809954
NewMedia23,0.652087515285757,-0.8205349122340552,1.0,-0.14897283809930162,0.2713150010894463
NewMedia23,0.6519981080270414,-0.8209578806426672,1.0,-0.16623914948429241,0.28733895677255217
NewMedia23,0.6571491197711175,-0.8214563305518514,-1.0,-0.1531157806903014,0.28416346637017575
NewMedia23,0.6636873860778478,-0.822124103827184,1.0,-0.14823347055829272,0.287629164681791
NewMedia23,0.6516332687293787,-0.8229115594818025,1.0,-0.13778403068726353,0.272386250863742
NewMedia23,0.6517846842481716,-0.8216718948372694,1.0,-0.1438950195305908,0.2888273220948532
NewMedia23,0.6516073117832999,-0.8217983773517418,1.0,-0.12876471882835372,0.3303251868271737
NewMedia23,0.6514414757389078,-0.8222356260442457,1.0,-0.10289711638557841,0.3622228619445518
NewMedia23,0.6522865185390279,-0.8249175993618754,-1.0,-0.09304716370996158,0.40350983604186297
NewMedia23,0.6577518977411687,-0.8240023011657471,1.0,-0.10689153737411117,0.3708656454023278
NewMedia23,0.6584368727071366,-0.8236344138521474,1.0,-0.09919649813065323,0.4052305543204353
NewMedia23,0.6592819155072565,-0.8203968694897654,1.0,-0.09990238080128766,0.354748375278952
NewMedia23,0.6585378163863318,-0.8208130377631907,1.0,-0.0925907973314718,0.3646807643012544
NewMedia23,0.6551446667128122,-0.8241097433016968,1.0,-0.08608501106485944,0.3608632705498229
NewMedia23,0.6555196003783947,-0.8230244417259015,1.0,-0.13679946748254546,0.3022188774179524
NewMedia23,0.6530955100251494,-0.8215236518901996,1.0,-0.14768907137543152,0.2907272040987434
NewMedia23,0.6553032924944049,-0.8217494163783976,1.0,-0.15508760749250983,0.2820685571861219
NewMedia23,0.6594016058697307,-0.82080827766856,1.0,-0.14581823926290072,0.2902485010201603
NewMedia23,0.659505433654046,-0.8201792651637915,1.0,-0.14349158085043467,0.31533795457546376
NewMedia23,0.6580547287787546,-0.8203866692869854,1.0,-0.13111460061865998,0.3402855701815575
NewMedia23,0.6570106827253641,-0.8204723509903377,1.0,-0.13199492866237406,0.3479690811933611
NewMedia23,0.6554720126439171,-0.8205226719907192,1.0,-0.10041599550654645,0.3485401655678113
NewMedia23,0.6537011721003207,-0.8256914547461203,1.0,-0.13582408561325243,0.36933528858190523
NewMedia23,0.6604817032371197,-0.8233216076335598,1.0,-0.1484689448080223,0.3476350154971959
NewMedia23,0.6610340093675735,-0.8232073653624234,1.0,-0.12904663983376385,0.2314809328271339
NewMedia23,0.6543659583304493,-0.8222716667607352,1.0,-0.1747167625531134,0.2463589871837284
NewMedia23,0.658911307999354,-0.8218235378519325,1.0,-0.173548032561336,0.25730850360497026
NewMedia23,0.6601024434138576,-0.8213570485781257,1.0,-0.13823877683009,0.26586637092210075
NewMedia23,0.6601211900971369,-0.8217439762702483,1.0,-0.13560319348449235,0.3238230366291841
NewMedia23,0.6616093883389864,-0.8231726846729713,1.0,-0.13081323678529055,0.3691635900118089
NewMedia23,0.6738408781523268,-0.8242151453970905,1.0,-0.16182292714475321,0.2909073009684642
NewMedia23,0.6739721049352807,-0.8238513381646027,1.0,-0.3289075696059993,-0.33062472618043925
NewMedia23,0.6586517385385662,-0.8356380124836882,-1.0,-0.3289075696059993,0.34878744883452617
NewMedia23,0.6714571652707599,-0.8262089450338272,1.0,-0.19725640094351726,0.24409424571838367
NewMedia23,0.6710923259730972,-0.8256567740566683,1.0,-0.17081523507594176,0.25553926181745745
NewMedia23,0.671856613829861,-0.8250889627685798,1.0,-0.16648920585499172,0.2803963624164896
NewMedia23,0.672887681410212,-0.8242722665326586,1.0,-0.18623447780479685,0.2166010121817339
NewMedia23,0.6622799427793546,-0.8240981830718794,-1.0,-0.20804663038238913,0.19975495627985196
NewMedia23,0.6613498188781985,-0.8231407240375939,1.0,-0.19081272371066382,0.1606310109079916
NewMedia23,0.6616843750721026,-0.8236432540278901,1.0,-0.20406463120060825,0.14286580776945357
NewMedia23,0.6636441245010498,-0.8248047171177764,1.0,-0.20368279566262915,0.17585432869358386
NewMedia23,0.6637436261276852,-0.8258084170713313,1.0,-0.21825087458970915,0.21482710467220745
NewMedia23,0.6795600586050159,-0.8238866988675735,1.0,-0.2485449608645578,0.1868542349125717
NewMedia23,0.6803704921436977,-0.8239268196651749,1.0,-0.23110636442070498,0.2269029263875042
NewMedia23,0.675595856117764,-0.8236860948795662,-1.0,-0.2150887146535465,0.210107260283368
NewMedia23,0.6745071064350154,-0.8235548522704631,1.0,-0.2169757491227099,0.213398460591679
NewMedia23,0.6762880413465311,-0.8235330918378657,1.0,-0.22989928885156352,0.17628264197442167
NewMedia23,0.6929149073625436,-0.822750396277878,1.0,-0.20513074626704464,0.17896823156538244
NewMedia23,0.6925875614314392,-0.8225423121411654,1.0,-0.21685747191929072,0.1676771842927538
NewMedia23,0.6898793867238875,-0.8245476720077195,-1.0,-0.2110154421960675,0.15640013418616516
NewMedia23,0.6945415426501467,-0.8227775968186247,1.0,-0.2362932788574098,0.14127386341845338
NewMedia23,0.7031779954315776,-0.8219452602717742,1.0,-0.25021056312640666,0.1828183853709089
NewMedia23,0.7034476592602847,-0.822124103827184,1.0,-0.24536983904308884,0.1230700824106481
NewMedia23,0.7024685055720912,-0.8220411421779065,1.0,-0.27420841361376014,0.08730732317730094
NewMedia23,0.700151127108281,-0.821557652566133,1.0,-0.23515965397167027,0.1164606206063481
NewMedia23,0.7153590134053205,-0.8181963457433534,1.0,-0.2671323043936741,0.10585543446970114
NewMedia23,0.715921413903694,-0.8195060517803094,1.0,-0.28061104487647737,0.10058783431647877
NewMedia23,0.7103969105465957,-0.824390588884907,1.0,-0.2374895528554628,0.1434331595662932
NewMedia23,0.7109621951500888,-0.8247754765364735,1.0,-0.23320835015453,0.12544960063752453
NewMedia23,0.710620428693385,-0.820594753423698,1.0,-0.23804097305953154,0.12076614888039017
NewMedia23,0.7133098567176577,-0.8261810644795619,1.0,-0.24980766452480518,0.07274653791762309
NewMedia23,0.7213766987379158,-0.8242981070463681,-1.0,-0.3136390087938291,0.15074807853903205
NewMedia23,0.7283187397614268,-0.8237955770560719,1.0,-0.3119782672389698,0.1021387203137607
NewMedia23,0.7278356521538498,-0.8241702645048583,1.0,-0.3207464425700718,0.11002099108333896
NewMedia23,0.7268709189912554,-0.8239710205438884,1.0,-0.3038446842093183,0.1242318471920052
NewMedia23,0.7326102881797836,-0.8231720046594526,-1.0,-0.34665887153286445,-0.05324288675686106
NewMedia23,0.7381492120624813,-0.8223430681801954,1.0,-0.3516248938408092,-0.05835931751684653
NewMedia23,0.7379545349668906,-0.8222689467066605,1.0,-0.3614699858094359,-0.0680304261063942
NewMedia23,0.6153440160586974,-0.8399975791518736,-1.0,-0.7401471444021532,-0.259840124369486
NewMedia23,0.6286916545534253,-0.8198508186342744,1.0,-0.19794716141462787,0.06041876721359807
NewMedia23,0.6276317459218754,-0.8169220004093681,1.0,-0.19162284154230247,0.1606552726624617
NewMedia23,0.6270087792159849,-0.8173136881961214,1.0,-0.20793807459294966,0.12569968333744708
NewMedia23,0.6410125516254819,-0.8160726635245509,1.0,-0.22020487879962147,0.19801090939121213
NewMedia23,0.640393911077271,-0.8172531669929598,1.0,-0.23393097526035156,0.20170522808148816
NewMedia23,0.6406953000622968,-0.8176938157530571,1.0,-0.21590369319217473,0.17955424625027594
NewMedia23,0.6404285203387092,-0.8168560390980573,1.0,-0.21339556838542173,0.1943361867333928
NewMedia23,0.6507853418241389,-0.8186553548684548,1.0,-0.19296871729993126,0.20138236011815502
NewMedia23,0.6549398952493022,-0.8190565628444694,1.0,-0.2044443064243694,0.2639506254633648
NewMedia23,0.6491760111672551,-0.8184153100963647,-1.0,-0.2082475396046356,0.22650260743874728
NewMedia23,0.6474022865185391,-0.8184153100963647,1.0,-0.17823159378531617,0.25362911522513754
NewMedia23,0.6640060796935927,-0.8164024700811052,1.0,-0.18817876060072936,0.30190440775424365
NewMedia23,0.6649145728063497,-0.8159801816860119,1.0,-0.14203174851782197,0.35428086993320096
NewMedia23,0.6636787337624881,-0.81905112273632,1.0,-0.13897274358555467,0.360684106824505
NewMedia23,0.6749238596248355,-0.817648934860825,1.0,-0.1683189919973861,0.326430242090318
NewMedia23,0.6750709489859488,-0.8195155719695708,1.0,-0.19670120018956772,0.31359670712003185
NewMedia23,0.6762649685055719,-0.81860163380048,1.0,-0.1866335958565173,0.32665979561338165
NewMedia23,0.6909018019888791,-0.8181922656622413,1.0,-0.20410189662086353,0.23532082204423022
NewMedia23,0.6913315336517385,-0.8185417926108371,1.0,-0.19974616307942006,0.23291144319646762
NewMedia23,0.6912781777070209,-0.819055202817432,1.0,-0.19527431264877482,0.2522051368666225
NewMedia23,0.689572229528622,-0.821533172079461,-1.0,-0.19450146023739168,0.24871144422292635
NewMedia23,0.7047354121963036,-0.8176992558612065,-1.0,-0.21685045089808308,0.2121657768357168
NewMedia23,0.706269756120071,-0.8190885234798468,1.0,-0.22369216602554842,0.17432770445077228
NewMedia23,0.7001309383724419,-0.8182555069194776,-1.0,-0.25280294018765037,0.16820441088027716
NewMedia23,0.6999593341178099,-0.8182351065139175,1.0,-0.23819705576176053,0.13611357487154097
NewMedia23,0.6999218407512517,-0.8184941916645303,1.0,-0.2566672022445664,0.1056753375999806
NewMedia23,0.7105367896449091,-0.8157408169274405,1.0,-0.25259663017985967,0.050808313010225925
NewMedia23,0.7233782676911007,-0.8199011396346559,1.0,-0.2698861649426909,0.07072814657459037
NewMedia23,0.7226298424124964,-0.8207382362761372,1.0,-0.2533921658905288,0.08633032098767734
NewMedia23,0.7143077570891305,-0.8194414504960359,1.0,-0.2732762380288213,0.035228534062803574
NewMedia23,0.7140972174153806,-0.8175836535630328,1.0,-0.24111780058409493,0.07606293312480683
NewMedia23,0.7365730486144759,-0.8191728451561617,-1.0,-0.3265112410600123,-0.11879628104629736
NewMedia23,0.7344791882974551,-0.8180868635668477,1.0,-0.3514380266609779,0.05803924898672208
NewMedia23,0.7337048060727716,-0.8179610610658941,1.0,-0.3318931238548648,0.00666964961827432
NewMedia23,0.7308668466348263,-0.8196821752816446,1.0,-0.34116789287001803,-8.818214605466057e-05
NewMedia23,0.7408674811379525,-0.8227184356425006,1.0,-0.37930391975512845,-0.19940875970645144
NewMedia23,0.742991624558732,-0.8212666067801428,1.0,-0.3729218114774795,-0.17649259946502827
NewMedia23,0.7431113149212063,-0.8211319641034464,1.0,-0.3872554963119387,-0.18606292845908468
NewMedia23,0.7511983456773033,-0.8184452306911861,1.0,-0.36257444645323667,-0.19050096323830978
NewMedia23,0.7106247548510647,-0.8221465442733001,-1.0,-0.2662098502227149,0.0683906198458355
NewMedia23,0.6309600032301979,-0.8121136248188614,1.0,-0.22869545375374845,0.030583341226179783
NewMedia23,0.6305562285134167,-0.813204366502806,1.0,-0.21714263339602746,-0.028393251313050483
NewMedia23,0.630448074571422,-0.8131683257863166,1.0,-0.214757106421129,0.014026560089134277
NewMedia23,0.6307667681871669,-0.8131152847318605,1.0,-0.23695541516513574,0.07184885300222899
NewMedia23,0.6272568122562932,-0.8098967807480013,-1.0,-0.22006121790414424,0.09745806798983447
NewMedia23,0.626521365450728,-0.8104346714412682,1.0,-0.22375481513786188,0.10233934636034014
NewMedia23,0.6362090745483493,-0.8115662139363331,-1.0,-0.23776607307532882,0.1551375898093168
NewMedia23,0.6372660990747792,-0.8119565416960489,1.0,-0.23500465142655003,0.1635722820652914
NewMedia23,0.6407500980595742,-0.8138619395753588,1.0,-0.20474080955074925,0.1910291229702359
NewMedia23,0.6489741238088647,-0.8146255947568237,1.0,-0.1903687791389257,0.1990028418912786
NewMedia23,0.6494038554717243,-0.8139972622655738,1.0,-0.1899296952741777,0.18795814474096173
NewMedia23,0.6483078955261763,-0.8132873281520836,1.0,-0.21905181108592253,0.24202919715521598
NewMedia23,0.646071272005722,-0.8148146385150137,1.0,-0.19098014806253572,0.24573284728951883
NewMedia23,0.6580648231466741,-0.8150880039495185,1.0,-0.17892721496341646,0.2288168055574351
NewMedia23,0.6571044161417596,-0.8136137346410447,1.0,-0.20863423584960428,0.23356277798954972
NewMedia23,0.6456934542350199,-0.8134654916939749,1.0,-0.21250659908483693,0.21983155810386923
NewMedia23,0.6470114902747974,-0.8154286907223716,1.0,-0.19897601106080887,0.22155880839326092
NewMedia23,0.6477974089199603,-0.8143236687545349,1.0,-0.19612817684332196,0.24335799478465603
NewMedia23,0.6497023603516301,-0.8116430554639427,1.0,-0.18770511170849813,0.23631928655511558
NewMedia23,0.666911815601855,-0.8147513972577775,-1.0,-0.2003710339668906,0.28036276921799264
NewMedia23,0.6693820516370181,-0.8153831298166208,1.0,-0.19330842671066506,0.22380955269256497
NewMedia23,0.6680207540204426,-0.8148894400020672,1.0,-0.21243422855854388,0.2299701720391678
NewMedia23,0.6668252924482592,-0.8151716456123148,1.0,-0.20160943409218868,0.18675252217267757
NewMedia23,0.6765245379663598,-0.8160617833082522,-1.0,-0.24553888363062415,0.20284739683038855
NewMedia23,0.6793322143005469,-0.8149050803129966,1.0,-0.2645777328312403,0.1711662112144361
NewMedia23,0.6790611084192797,-0.814362429525099,1.0,-0.28108577392581746,0.1632503472463609
NewMedia23,0.6794201795067027,-0.8147391570144414,1.0,-0.29361397615283147,0.10192129766793245
NewMedia23,0.6867559008790753,-0.8164969919602002,1.0,-0.3041206643506298,0.10472819603124361
NewMedia23,0.6893991832214301,-0.813721856790513,-1.0,-0.45500673072898445,0.03321667473058976
NewMedia23,0.6936748690616275,-0.8167506370026636,1.0,-0.2799661910824929,0.03309443281383628
NewMedia23,0.6941348838282457,-0.8162365467825501,1.0,-0.3364638086609699,-0.0109051920621136
NewMedia23,0.6994820147204726,-0.8149649215026395,1.0,-0.3421184311258072,0.003155427797718602
NewMedia23,0.6997992662836576,-0.8142502272945187,1.0,-0.3457099535127385,-0.061188611345822874
NewMedia23,0.7167520361782147,-0.8134498513830455,1.0,-0.3465573367646324,-0.11362292847774735
NewMedia23,0.7182128354214254,-0.814904400299478,1.0,-0.37298824113967377,-0.1783710191476564
NewMedia23,0.718071514270552,-0.8156122943724121,1.0,-0.39160474891072905,-0.16199153544712308
NewMedia23,0.723857029140998,-0.8158972200367343,-1.0,-0.42715758007002125,-0.30155261231442676
NewMedia23,0.7317782238527031,-0.8142753877947093,1.0,-0.42972727383197895,-0.30378282743687157
NewMedia23,0.7320161625250918,-0.8144243107552978,1.0,-0.434300659030856,-0.30960471536529577
NewMedia23,0.7260648116102535,-0.8112139669336627,-1.0,-0.4424563852812391,-0.29506819186008804
NewMedia23,0.7256293117371542,-0.8109419615261951,1.0,-0.3856093368780489,-0.19550914924758211
NewMedia23,0.7195034724625644,-0.8153069683025298,1.0,-0.39463566975816633,-0.14618126983223445
NewMedia23,0.7191674742161003,-0.8154429710062636,1.0,-0.3424743428931738,-0.12445300241544421
NewMedia23,0.7309721164717013,-0.815462691398305,1.0,-0.3957417506376302,-0.25364031295796974
NewMedia23,0.7316873745414272,-0.8142243867808092,1.0,-0.3881255628631185,-0.21536179641495234
NewMedia23,0.74176732193535,-0.8146956361492467,1.0,-0.3963552798754578,-0.21420096477799788
NewMedia23,0.7412337624881751,-0.8142427471458132,1.0,-0.393082403835638,-0.19420274708380703
NewMedia23,0.7402127892757435,-0.8139999823196485,1.0,-0.390464103003782,-0.18049952153020732
NewMedia23,0.7408314298239542,-0.8136946562497662,1.0,-0.39235707833704425,-0.16062634518597796
NewMedia23,0.7454214831222168,-0.8125488334708094,1.0,-0.38175155576378583,-0.18511112116833406
NewMedia23,0.6153440160586974,-0.8399975791518736,-1.0,-0.4833289902016248,-0.32863246288068204
NewMedia23,0.6309729817032372,-0.8147649975281508,-1.0,-0.4833289902016248,0.17029465434231783
NewMedia23,0.6238103066380563,-0.8058309799198808,-1.0,-0.29548480826536216,0.02454029807431657
NewMedia23,0.6248038808518492,-0.8057418981489352,1.0,-0.2979643089087307,-0.05180211179909777
NewMedia23,0.6256431554417294,-0.805329809956622,1.0,-0.2921806076693855,0.07280345972618774
NewMedia23,0.6327712212454721,-0.809470412271796,1.0,-0.2815248577905657,0.024646676536223877
NewMedia23,0.6320256800719872,-0.8089808025383545,1.0,-0.2990142216185345,0.05849742288844606
NewMedia23,0.6305951639325351,-0.8090984448770842,1.0,-0.2953924548325555,0.06443595386720702
NewMedia23,0.6298034770771326,-0.8090814445391175,1.0,-0.2707281474090407,0.07100062474017776
NewMedia23,0.6287334740776633,-0.8092296874861873,1.0,-0.2544658420567272,0.09966775393541982
NewMedia23,0.6300140167508825,-0.8092181272563699,1.0,-0.2742143544778588,0.12217519692846213
NewMedia23,0.6335109942087169,-0.8096839365166579,1.0,-0.27154150571200586,0.15745552050561495
NewMedia23,0.6331331764380148,-0.8104754722523884,1.0,-0.2682146218167434,0.10555402882763021
NewMedia23,0.6429218292148313,-0.8119551816690116,1.0,-0.267170109892484,0.135517295598218
NewMedia23,0.6427747398537182,-0.8115764141391131,1.0,-0.24693876724369568,0.1660917719525723
NewMedia23,0.6313926189981773,-0.8101844264663982,1.0,-0.27656693666093746,0.15798741281515216
NewMedia23,0.6315613391476893,-0.8107229971731837,1.0,-0.25230876831035076,0.1924978922600804
NewMedia23,0.6312325511640249,-0.8101463457093527,1.0,-0.20084360270201307,0.19483728527764077
NewMedia23,0.6313291686855402,-0.8090651242146694,1.0,-0.19967001200324586,0.3007920996262292
NewMedia23,0.6334360074756005,-0.8095900946510817,1.0,-0.14282620407138225,0.28178674757650723
NewMedia23,0.6524912900025381,-0.8087407577662644,1.0,-0.1738456158448246,0.26823282512733937
NewMedia23,0.6524364920052608,-0.8093072090273155,1.0,-0.1771433354981483,0.26906985565655805
NewMedia23,0.6502820654807226,-0.8111473256088331,1.0,-0.15381518241828274,0.2914709201876926
NewMedia23,0.6566054659560232,-0.8115791341931877,1.0,-0.19845429517723367,0.27976835623347474
NewMedia23,0.6578513993678041,-0.8115063727466902,1.0,-0.17918105188399658,0.269110914010277
NewMedia23,0.6580085830968367,-0.8067714386161997,1.0,-0.2113664932564442,0.22232398680347187
NewMedia23,0.67292805888189,-0.810250387777709,1.0,-0.2340109068864067,0.23519578069426883
NewMedia23,0.6737817539973696,-0.8118790201549206,1.0,-0.243535732272259,0.23637714150808287
NewMedia23,0.6724723702729518,-0.8120687439266292,1.0,-0.24601739322984528,0.16208391674299016
NewMedia23,0.6729323850395699,-0.8123965104426276,1.0,-0.26477702181782337,0.15030296865894566
NewMedia23,0.687541819524238,-0.8114512916516781,1.0,-0.277543398687339,0.12491397575037633
NewMedia23,0.687456738423202,-0.8111643259467998,1.0,-0.30794766098729065,0.08956739892063204
NewMedia23,0.6831651900048452,-0.8123727099694742,1.0,-0.31541640731644427,0.07200188868427104
NewMedia23,0.6720123555063335,-0.8120279431155091,-1.0,-0.312580994905709,0.07899953856009301
NewMedia23,0.6713634318543642,-0.8122373872792591,1.0,-0.31384747911583744,0.018230375623282447
NewMedia23,0.6714254401144413,-0.8118973805199248,1.0,-0.32279172005568213,0.0822888725795985
NewMedia23,0.674959910938834,-0.8142522673350746,1.0,-0.31318318249389376,0.06412988250312268
NewMedia23,0.6897366235204541,-0.8105625139827779,1.0,-0.34023247681375257,0.06807148446011291
NewMedia23,0.6880724948662931,-0.8112690480286748,1.0,-0.31719920662460366,0.09317960090347044
NewMedia23,0.6886233589441868,-0.8160114623078707,1.0,-0.3303884650022346,0.07777898568136599
NewMedia23,0.7007337163424934,-0.8131669657592793,1.0,-0.33303484991892074,0.06675761714111617
NewMedia23,0.7013840820470225,-0.812738557242518,1.0,-0.3176863574806956,0.027663532390142187
NewMedia23,0.7039062319743432,-0.8100865045197099,-1.0,-0.2967383305901845,0.03573429832906516
NewMedia23,0.7133487921367758,-0.8093140091625022,1.0,-0.3008715517672046,0.004131496842939342
NewMedia23,0.71283542142544,-0.8096784964085086,1.0,-0.28217457229153986,0.05396140794693771
NewMedia23,0.7077103666274429,-0.8112438875284841,1.0,-0.29166159217858245,0.004205215250752348
NewMedia23,0.7140654922590619,-0.8108263592280214,-1.0,-0.27084426429824215,0.022926891402054173
NewMedia23,0.7276352068480192,-0.8100348234922911,1.0,-0.2919013870567474,-0.001480433594877928
NewMedia23,0.7278255577859303,-0.8096431357055378,1.0,-0.2701102975427777,-0.03438123894515466
NewMedia23,0.721750190350938,-0.8128038385403101,1.0,-0.2998832080126055,-0.036548933392619
NewMedia23,0.7231013935995938,-0.8116158549231959,1.0,-0.31576259766983106,-0.008812149166865124
NewMedia23,0.740120497911908,-0.8121761860625789,1.0,-0.306017420233773,-0.09663036890464238
NewMedia23,0.739148554486514,-0.8101177851415686,1.0,-0.35562255530066855,-0.027192294466780065
NewMedia23,0.7393605362128239,-0.8110310432971407,1.0,-0.3655103134750951,-0.22713807877698344
NewMedia23,0.7377512055559403,-0.8097111370574047,1.0,-0.37475105754131943,-0.12570994792587664
NewMedia23,0.6153440160586974,-0.8399975791518736,-1.0,-0.5563038643970766,-0.4228231257444741
NewMedia23,0.625927239796036,-0.808168866397064,-1.0,-0.28565807896758577,-0.07264202574452094
NewMedia23,0.6275293601901202,-0.8068333198463986,1.0,-0.30620698780637656,-0.06229345431861555
NewMedia23,0.6280701299000946,-0.8062213076795967,1.0,-0.3360447077027354,-0.052619546295859854
NewMedia23,0.6236963844858217,-0.802962682898136,1.0,-0.3464644432532713,-0.03950886743797266
NewMedia23,0.6245039339193836,-0.8033543706848892,1.0,-0.37093162200442054,-0.07371047608560855
NewMedia23,0.6382178537643342,-0.8068782007386307,1.0,-0.3572276687644218,-0.013080351664799483
NewMedia23,0.6376857363697193,-0.8080036231120274,1.0,-0.33063960153004246,-0.0014720352952536375
NewMedia23,0.6390600124593342,-0.807300489133724,-1.0,-0.33194443131753526,0.045536047134990154
NewMedia23,0.6421806141990263,-0.808912121172969,1.0,-0.3252485373997649,-0.021842577606120406
NewMedia23,0.6437149581227937,-0.8078948209490404,1.0,-0.31794019440127574,0.03272584077477125
NewMedia23,0.642611787914446,-0.8076962570015892,1.0,-0.3333805001937532,0.052772581977902355
NewMedia23,0.6427415726448398,-0.8072420079711184,1.0,-0.32776206299206234,0.04893922477162449
NewMedia23,0.6531503080224268,-0.8068741206575187,1.0,-0.2779333354036344,0.02917242688930255
NewMedia23,0.6552614729701667,-0.8088550000374007,1.0,-0.29757815274231636,-0.007348045599034236
NewMedia23,0.6546053390553979,-0.8095418136912562,1.0,-0.3013965081221065,0.07148212725196923
NewMedia23,0.6540054451904664,-0.8094670122042026,1.0,-0.33839728988581397,0.04844839081580621
NewMedia23,0.65371703467848,-0.8095676542049656,1.0,-0.29493986900394675,0.05675057656659788
NewMedia23,0.6615430539212295,-0.8105489137124047,1.0,-0.31043634296608447,0.09055279940987981
NewMedia23,0.6611335109942087,-0.8075786146628595,-1.0,-0.32100243980486964,0.055118507006281625
NewMedia23,0.6640940448997485,-0.8093432497438049,1.0,-0.31986989507623875,0.09432736851878754
NewMedia23,0.6756665166932005,-0.8100416236274777,1.0,-0.3343769451266687,0.09049867703452308
NewMedia23,0.6750204771463513,-0.811102444716601,1.0,-0.3118934749059251,0.05224535539037878
NewMedia23,0.6817231374449135,-0.8086856766712522,-1.0,-0.3323127648916536,0.05454182376541494
NewMedia23,0.6841082923790407,-0.8106155550372341,1.0,-0.33714376756099185,0.0796546059307861
NewMedia23,0.6840679149073627,-0.8103999907518161,1.0,-0.324596662584573,0.056366121072687125
NewMedia23,0.6839712973858469,-0.8101225452361993,1.0,-0.3427654452340093,0.0633647040929115
NewMedia23,0.6899024595648462,-0.8098797804100346,-1.0,-0.31653112945277895,0.05839944272616293
NewMedia23,0.6900553171361992,-0.8095064529882854,1.0,-0.32951623813683706,0.034417631576860064
NewMedia23,0.7048349138229391,-0.8085163533051037,1.0,-0.34375594930282605,-0.0012742086818822163
NewMedia23,0.7057823423548142,-0.8083551901011792,1.0,-0.33193308966789237,0.0045206180588637235
NewMedia23,0.7005707644032211,-0.8091882066615484,-1.0,-0.34833419520869324,0.017915905959573486
NewMedia23,0.6996896702891027,-0.8087604781583058,1.0,-0.3240673856012358,-0.015042754343670417
NewMedia23,0.6997213954454211,-0.808501393007693,1.0,-0.32114880109311905,-0.007795021767925792
NewMedia23,0.7046287003068687,-0.8088515999698074,-1.0,-0.3197878031359661,0.032037180205580995
NewMedia23,0.706777358621167,-0.8088407197535087,1.0,-0.3470007412578161,0.03322320674140866
NewMedia23,0.7088366096767496,-0.8090916447418974,1.0,-0.3317159780890131,-0.029253610452337098
NewMedia23,0.7137756396945156,-0.8078329397188416,1.0,-0.3550187474768206,-0.03095753213166086
NewMedia23,0.7052704136960384,-0.807411331337267,1.0,-0.3448177437408272,-0.09300323661136078
NewMedia23,0.7068249463556449,-0.8076540961634318,1.0,-0.34492954000159326,-0.11212336542261403
NewMedia23,0.7223472001107496,-0.806438231992052,1.0,-0.33556619810351407,-0.07919269945145113
NewMedia23,0.7221640594356384,-0.8068489601573279,1.0,-0.28707308478018145,-0.05180211179909777
NewMedia23,0.7212483560600818,-0.8071304857540568,1.0,-0.32932126977868925,-0.05829306426425518
NewMedia23,0.7210868461733695,-0.8073453700259561,1.0,-0.3327923546479835,-0.06248381577676576
NewMedia23,0.7203470732101243,-0.8075820147304529,1.0,-0.30303780684900616,-0.06674828569708924
NewMedia23,0.7202504556886089,-0.8077309376910413,1.0,-0.34153838675835413,-0.09010115751897418
NewMedia23,0.72761934426986,-0.8066605964126567,-1.0,-0.3353048000831722,-0.12477587037877724
NewMedia23,0.7295012228605708,-0.8067537582647143,1.0,-0.357298959133606,-0.14329785362790204
NewMedia23,0.7307428301146721,-0.8065674345605991,1.0,-0.39359547846234244,-0.13615183379205142
NewMedia23,0.736525460879998,-0.80663339587191,1.0,-0.3962424034575829,-0.1611852986831933
NewMedia23,0.7479191181560185,-0.8071923669842557,1.0,-0.3971319128367222,-0.1920173228926917
NewMedia23,0.7471562723518146,-0.8069570823067963,1.0,-0.40143633891549535,-0.20824190462237724
NewMedia23,0.6771417364620105,-0.8117831382487883,-1.0,-0.30201705838114157,-0.05729553289777256
NewMedia23,0.626945328903348,-0.8038745810266708,1.0,-0.2798689769426963,-0.041868789632392156
NewMedia23,0.6281061812140929,-0.8029722030873974,1.0,-0.28766987158282176,0.00028974133703751903
NewMedia23,0.6245702683371406,-0.8010538849512328,-1.0,-0.28776114485851967,0.03625872548338038
NewMedia23,0.6246885166470548,-0.8028797212488584,1.0,-0.29584342042550094,0.04589530773002837
NewMedia23,0.6351736808103183,-0.8036501765655101,1.0,-0.28011471268496013,0.09821578124482433
NewMedia23,0.6405063911769457,-0.8077254975828919,1.0,-0.30441716747700964,0.08415049566297816
NewMedia23,0.6406650169585382,-0.8072692085118652,1.0,-0.2844169784495154,0.0618380798500997
NewMedia23,0.6474599686209361,-0.8064939931005828,1.0,-0.3044749558823331,0.11049876101751943
NewMedia23,0.649258208163171,-0.8077431779343773,1.0,-0.28199094558303517,0.07918430115182673
NewMedia23,0.6550783322950555,-0.8074514521348685,1.0,-0.27349875039324467,0.13211411796158368
NewMedia23,0.6541900279181376,-0.8063906310457452,1.0,-0.2936993085644307,0.11406803835783408
NewMedia23,0.6317415957176806,-0.8008723213417483,1.0,-0.28709468792235837,0.1322288947231154
NewMedia23,0.6337128815671074,-0.8000576651463831,1.0,-0.29060033781913575,0.11511409323325683
NewMedia23,0.6393138137098819,-0.801429252413538,1.0,-0.294679011062159,0.13029448637632512
NewMedia23,0.640897187420687,-0.8027144779638219,1.0,-0.2832055822519385,0.11859378871091253
NewMedia23,0.650253224429524,-0.806329429829065,1.0,-0.29670646595547323,0.12649472236854464
NewMedia23,0.6501825638540875,-0.8054970932822144,1.0,-0.24813828171307506,0.13913976216948631
NewMedia23,0.6593251770840545,-0.8092092870806271,1.0,-0.24346012127463934,0.21922594738651924
NewMedia23,0.6153440160586974,-0.8399975791518736,-1.0,-0.36996272107778083,0.0653261736273798
NewMedia23,0.6639166724348771,-0.8090984448770842,-1.0,-0.2814573479712623,0.1337760481427861
NewMedia23,0.6645439652984471,-0.8077894188536467,1.0,-0.3042724264244234,0.11881494393435155
NewMedia23,0.6722776931773609,-0.810143625655278,1.0,-0.3305261850336132,0.14198865203091882
NewMedia23,0.6766312498557949,-0.8121387853190521,1.0,-0.322872731838846,0.0964941298218489
NewMedia23,0.6745244110657345,-0.8112649679475628,1.0,-0.31975917897258166,0.092408823626843
NewMedia23,0.6855258300454534,-0.8104469116846043,1.0,-0.34999547684210663,0.025234557509923095
NewMedia23,0.688264287856764,-0.8123414293476154,1.0,-0.3610714078362699,0.010344372276093194
NewMedia23,0.6816380563438778,-0.809911741045412,1.0,-0.36694152164432325,0.0322312742413422
NewMedia23,0.6820995131630558,-0.8088794805240729,1.0,-0.3524992810204244,0.016007625656059066
NewMedia23,0.6889160956138529,-0.8113533697049897,1.0,-0.3538824221983087,0.03205770938244057
NewMedia23,0.6891338455504026,-0.810685596429657,1.0,-0.36184750071897964,0.03407236814786252
NewMedia23,0.6910359128769525,-0.8105495937259233,1.0,-0.4075095222600127,-0.017639695216374873
NewMedia23,0.6958610207424842,-0.8121170248864548,1.0,-0.40973356574713793,-0.008597525954245011
NewMedia23,0.7011634480053528,-0.8142985082543441,1.0,-0.3892116608360686,0.005673051396194229
NewMedia23,0.7070672111857135,-0.8111405254736463,1.0,-0.4074474132262538,-3.405977069825816e-05
NewMedia23,0.7061457395999169,-0.8122299071305538,1.0,-0.3887353115510651,-0.026989802131394902
NewMedia23,0.700948582173923,-0.8145154325667994,1.0,-0.37928447692716905,-0.06455259691754411
NewMedia23,0.7068725340901225,-0.8148336788935364,1.0,-0.363597355235319,0.0015336228258320261
NewMedia23,0.7097234720011074,-0.8113173289885003,1.0,-0.36842565751188516,0.009747159858367382
NewMedia23,0.7097436607369465,-0.8115961345311544,1.0,-0.3518652287975286,0.022817713506938953
NewMedia23,0.7079915668766295,-0.8087516379825631,1.0,-0.3676889903636483,0.05513343731672471
NewMedia23,0.6776493389631066,-0.724140275908685,-1.0,-0.3610325221803512,-0.006722838849227641
NewMedia23,0.6789587226875247,-0.7231188956036446,-1.0,-0.3282799983257566,0.025946546689180616
NewMedia23,0.7030150434923053,-0.8154620113847864,1.0,-0.312657145981883,-0.014010696634288
NewMedia23,0.7086693315797976,-0.8147615974605575,1.0,-0.3360587497451506,0.05692040884788874
NewMedia23,0.7077392076786415,-0.8103938706301481,-1.0,-0.33062825988039957,0.029970265353608028
NewMedia23,0.7091336725040955,-0.8094894526503187,1.0,-0.33854473133117213,0.039091751889967385
NewMedia23,0.7134713666043699,-0.8051917672123322,1.0,-0.27735923190028,0.06220387245595682
NewMedia23,0.7234849795805358,-0.8091032049717148,1.0,-0.2753830844696361,-0.020982218466834235
NewMedia23,0.7254375187466835,-0.8092942887704607,1.0,-0.24994322424196613,-0.0324393654431433
NewMedia23,0.7253812786968459,-0.8087264774823724,1.0,-0.2819671821266403,0.012180800460600327
NewMedia23,0.7266762418956647,-0.8086231154275347,1.0,-0.28191749489963314,0.0081449509189373
NewMedia23,0.7304457672873261,-0.8087502779555258,1.0,-0.29593793417252556,-0.028424045078339732
NewMedia23,0.7454431139106157,-0.8054148116464555,1.0,-0.37782950530154613,-0.03051148910717183
NewMedia23,0.7472399114002908,-0.8065341138981843,1.0,-0.39579143786463744,-0.07451298027192743
NewMedia23,0.7459954200410697,-0.8093752103791824,1.0,-0.4080490607358841,-0.13529987295238954
NewMedia23,0.7109621951500888,-0.7868164419108652,-1.0,-0.9082719781592232,-0.22220081174231565
NewMedia23,0.6645324288779679,-0.8242477860459866,-1.0,-0.9082719781592232,0.1632615449791932
NewMedia23,0.6251398790983134,-0.8008492008821135,1.0,-0.2649417457769233,-0.034009847472881605
NewMedia23,0.6243597286633902,-0.7999529430645081,1.0,-0.2541245124103302,0.029713650642866574
NewMedia23,0.6253374402990242,-0.7961353471707018,1.0,-0.2652539111813813,0.10863713793413976
NewMedia23,0.6261940195196236,-0.7964773939705921,1.0,-0.2725708954367413,0.136390718759142
NewMedia23,0.6355024687939825,-0.8014095320214966,1.0,-0.2792090009491881,0.10545698180974994
NewMedia23,0.6349847719249673,-0.8024676330565452,1.0,-0.3004886360721166,0.07874292384935155
NewMedia23,0.6341801065965254,-0.8030986856018698,1.0,-0.32644751179058995,0.0979731637001231
NewMedia23,0.6418979718972797,-0.8017726592404657,1.0,-0.2850542711437378,0.08106085454564993
NewMedia23,0.6435058605016035,-0.8035876153217926,1.0,-0.27820661515217393,0.0950468228532666
NewMedia23,0.6441778569945318,-0.8033734110634119,1.0,-0.2810825334544911,0.11183315751337575
NewMedia23,0.654117925290141,-0.8050530444545237,1.0,-0.3043464171863799,0.12363556791868202
NewMedia23,0.6524624489513395,-0.8040908253256075,1.0,-0.2734587845802172,0.08451348883562715
NewMedia23,0.6478334602339588,-0.8010953657758716,1.0,-0.2878232538922788,0.12880238847641312
NewMedia23,0.6532988394360997,-0.8033747710904493,-1.0,-0.24084668114977326,0.1453535707470428
NewMedia23,0.6613541450358784,-0.8052665686993857,1.0,-0.24821929349623895,0.14371870175351842
NewMedia23,0.661890588588173,-0.8048109596418777,1.0,-0.2615268290772893,0.13403919486434646
NewMedia23,0.6613483768256385,-0.8042914293136147,1.0,-0.254739661883821,0.12063270923080438
NewMedia23,0.6684649062089016,-0.8041017055419062,1.0,-0.23633594506320954,0.15842319125121151
NewMedia23,0.6735625620082601,-0.8042281880563786,1.0,-0.25033532127247915,0.133518500287642
NewMedia23,0.672912196303731,-0.8043104696921375,1.0,-0.27576437992906067,0.14209503049282612
NewMedia23,0.6732712673911538,-0.8043907112873404,1.0,-0.2770476065743762,0.09646706863417065
NewMedia23,0.6874480861078425,-0.80623490794997,1.0,-0.2664145399948422,0.1058955596790172
NewMedia23,0.6873904040054453,-0.8055644146205627,1.0,-0.27506821867240594,0.12976072777798264
NewMedia23,0.6875764287856763,-0.8054508523629449,1.0,-0.2734225993170707,0.10814070511190521
NewMedia23,0.6942098705613624,-0.8033258101171051,1.0,-0.2532096193391329,0.04630589126721496
NewMedia23,0.694214196719042,-0.8037766590799825,1.0,-0.2838525963601406,0.055309801608834475
NewMedia23,0.6949078240003692,-0.8035787751460499,1.0,-0.2858228029266857,-0.0007759095708421704
NewMedia23,0.6954514778154635,-0.8034883333480669,1.0,-0.2985243703696703,0.04136302536613079
NewMedia23,0.69721222399114,-0.803490373388623,1.0,-0.3094955261242749,0.0216615475919979
NewMedia23,0.7085539673750028,-0.8042961894082454,1.0,-0.3169415891541426,0.027086849149275727
NewMedia23,0.7078545718834359,-0.805337970118846,1.0,-0.313829116444987,0.07982163877886861
NewMedia23,0.7041730116979303,-0.8065096334115123,1.0,-0.3423079986984108,0.035592460379855195
NewMedia23,0.7043229851641633,-0.8050734448600838,1.0,-0.3179742193502044,-0.02736959190329269
NewMedia23,0.7057635956715351,-0.8048361201420684,1.0,-0.32382759072307066,-0.02992547442227833
NewMedia23,0.7154585150319559,-0.8039283020946456,1.0,-0.34338005462894583,-0.09946152902242378
NewMedia23,0.71558253155211,-0.8031428864805832,1.0,-0.329011264688449,-0.07089891200028375
NewMedia23,0.7157671142797812,-0.8043281500436229,1.0,-0.3283404871238522,-0.14800463399510388
NewMedia23,0.7157873030156203,-0.8052760888886471,1.0,-0.3367932565791696,-0.13758607673899625
NewMedia23,0.725020765556863,-0.8045069935990328,-1.0,-0.333502017868499,-0.10779824111611525
NewMedia23,0.7282884566576684,-0.8046314360729492,1.0,-0.3633078731301468,-0.11002472366094951
NewMedia23,0.7264844489051936,-0.8040330241765206,1.0,-0.34939058886114993,-0.17291865640270043
NewMedia23,0.7223933457926675,-0.8046763169651813,1.0,-0.37269065785618516,-0.18870745969632685
NewMedia23,0.7305207540204426,-0.8019576229175436,1.0,-0.3454728590273456,-0.07629901865868871
NewMedia23,0.7315777785468724,-0.8032680089680183,1.0,-0.3651533215506195,-0.07813824627640376
NewMedia23,0.7306678433815557,-0.803071485061123,1.0,-0.34796262116324816,-0.06341042816864328
NewMedia23,0.7281370411388755,-0.8026532767471417,1.0,-0.36110975341363405,-0.07189364393355813
NewMedia23,0.7274419718049885,-0.802313950001326,1.0,-0.3248164745562242,-0.02538386061435427
NewMedia23,0.7288522992086015,-0.8019902635664397,1.0,-0.33588106390074446,-0.03186921421309541
NewMedia23,0.7236089961006897,-0.8048572005611472,-1.0,-0.33934458767027664,-0.15892428979545947
NewMedia23,0.7211719272744053,-0.8042145877860052,1.0,-0.3463413053428621,-0.15559762999984605
NewMedia23,0.7224841951039431,-0.8043900312738217,1.0,-0.36687185151080226,-0.18568033925397898
NewMedia23,0.7289892942017953,-0.8052182877395603,1.0,-0.3389227863192702,-0.0811709655851679
NewMedia23,0.7284052629150226,-0.8038045396342479,1.0,-0.3080313731632267,-0.05475924641124308
NewMedia23,0.7345959945548095,-0.8011116861003197,1.0,-0.32589825190073907,-0.05259528454138962
NewMedia23,0.7380857617498442,-0.8001229464441753,1.0,-0.3866403468384477,-0.077820977179487
NewMedia23,0.7413534528506496,-0.7984671135262169,1.0,-0.40646987104274324,-0.03156780857102448
NewMedia23,0.7348973835398354,-0.8019202221740168,1.0,-0.3315912199429407,-0.12224611590306667
NewMedia23,0.7344373687732171,-0.8014122520755713,1.0,-0.2984217554443295,-0.09030551614316495
NewMedia23,0.6153440160586974,-0.8399975791518736,-1.0,-0.40606589228403267,-0.6342251238865837
NewMedia23,0.6153440160586974,-0.8399975791518736,-1.0,-0.40606589228403267,-0.6342251238865837
NewMedia23,0.7068090837774856,-0.801189207641448,1.0,-0.2898156036795553,0.023334675506032854
NewMedia23,0.7068134099351653,-0.8020161040801491,1.0,-0.2758945388606774,0.03251588328416455
NewMedia23,0.7081631711312615,-0.8020263042829291,1.0,-0.2881840263666351,-0.047226904792676105
NewMedia23,0.713743914538197,-0.8026389964632497,1.0,-0.32900424366724146,-0.06835609350293526
NewMedia23,0.7145082023949607,-0.8035182539428884,1.0,-0.32832482484577397,-0.09383280198535815
NewMedia23,0.7144303315567246,-0.8037236180255263,1.0,-0.3461603790271296,-0.08942369468261657
NewMedia23,0.7279510163586442,-0.804022143960222,1.0,-0.3475354190266975,-0.06895237277625843
NewMedia23,0.7293584596571376,-0.8045328341127422,1.0,-0.3372096571446318,-0.039252252727230874
NewMedia23,0.7458656353106758,-0.802221468162787,1.0,-0.40706665784538365,-0.0846375970411859
NewMedia23,0.7456075079024482,-0.8008655212065616,1.0,-0.39996516493323964,-0.08629112892276392
NewMedia23,0.7445403890080986,-0.8015781753741265,1.0,-0.381354598026283,-0.02622182428797548
NewMedia23,0.7444192565930643,-0.8019419826066142,1.0,-0.36875240503731266,-0.011617181241371344
NewMedia23,0.7507541934888442,-0.8015264943467076,1.0,-0.36871784000982943,0.027110177759343213
NewMedia23,0.7068292725133247,-0.8059370620287931,-1.0,-0.2696080244871618,0.1268465178083611
NewMedia23,0.6268040077524746,-0.7978741417379378,1.0,-0.2546840337927152,0.08747995489179994
NewMedia23,0.6273750605662076,-0.7978925021029418,1.0,-0.23680689356266882,0.02497700965477856
NewMedia23,0.6235680418079876,-0.7972179286924224,1.0,-0.2675033383605645,0.08060081435512045
NewMedia23,0.6258046653284419,-0.7957062586404218,1.0,-0.2307736760311787,0.1004236009016044
NewMedia23,0.6319881867054291,-0.7988261606640741,1.0,-0.24566688224802302,0.1130397132260621
NewMedia23,0.6318497496596756,-0.7983855119039767,1.0,-0.23616420008290206,0.1124294367866987
NewMedia23,0.6322982280058145,-0.7986561572844069,1.0,-0.2520943571242438,0.11367145198668793
NewMedia23,0.6324150342631689,-0.798392992052682,1.0,-0.22581359458733286,0.11743295707395784
NewMedia23,0.6301019819570384,-0.797058805529054,1.0,-0.2443809552099353,0.11894931672833975
NewMedia23,0.6300068064880828,-0.7961516674951499,1.0,-0.24643325371675318,0.08772070614769545
NewMedia23,0.6297155118709767,-0.7965039144978202,1.0,-0.2773754342569127,0.06545774698816009
NewMedia23,0.630005364435523,-0.7990274446655999,-1.0,-0.27925058699787886,0.11728365396952634
NewMedia23,0.6296953231351377,-0.7986649974601495,1.0,-0.30951766934500624,0.11295573022981964
NewMedia23,0.6416831060658501,-0.8016570569422921,1.0,-0.2804657637453368,0.07594442378566413
NewMedia23,0.6409274705244457,-0.8010892456542036,1.0,-0.28676469992560427,0.0964791995114056
NewMedia23,0.6478363443390784,-0.8000624252410138,1.0,-0.30403209146770405,0.12320072262702575
NewMedia23,0.6481521538497037,-0.8013442507237044,1.0,-0.28601669112772454,0.15794635446143368
NewMedia23,0.6490966982764588,-0.8015890555904251,1.0,-0.29519046545320016,0.16435519021915357
NewMedia23,0.6586329918552873,-0.7984392329719514,1.0,-0.24326029220950185,0.1682398703675798
NewMedia23,0.6622712904639947,-0.7995850557509083,1.0,-0.24046592576890313,0.09746086742304239
NewMedia23,0.6623650238803904,-0.8003663912838587,1.0,-0.2505680951294367,0.05210725001877958
NewMedia23,0.6583690962368198,-0.8019249822686475,1.0,-0.24051021221036595,0.10440812750111883
NewMedia23,0.659564557809003,-0.8012164081821946,1.0,-0.25270518596929936,0.07441779954285277
NewMedia23,0.6749714473593134,-0.802182707392223,1.0,-0.27368507749452164,0.12665708949461374
NewMedia23,0.6747551394753235,-0.802855920775705,1.0,-0.29445595861918117,0.10813883882309994
NewMedia23,0.665060220114903,-0.8004554730548044,1.0,-0.26257566162998414,0.0761534481318682
NewMedia23,0.6654279435176853,-0.8050652846978598,-1.0,-0.2563258725981694,0.11706623132369809
NewMedia23,0.6684548118409819,-0.8017896595784324,1.0,-0.27319738655987524,0.11407550351305562
NewMedia23,0.669383493689578,-0.8012592490338708,1.0,-0.26895993022185083,0.11311809735588874
NewMedia23,0.6775181121801528,-0.8022133080005631,1.0,-0.2765464136758693,0.09383746770737167
NewMedia23,0.6780833967836459,-0.8036712569845889,1.0,-0.27239482982799845,0.060849879927644235
NewMedia23,0.690772017258485,-0.8027532387343861,1.0,-0.2844229193136143,0.08021355942800135
NewMedia23,0.6914108465425348,-0.8010974058164276,1.0,-0.5506632839746541,-0.552923051512837
NewMedia23,0.6153440160586974,-0.8399975791518736,-1.0,-0.5506632839746541,-0.552923051512837
NewMedia23,0.6992657068364829,-0.7987928400016593,1.0,-0.29092546510890016,0.045964360415827965
NewMedia23,0.6992455181006438,-0.799583695723871,1.0,-0.3114759941833539,0.022263425731736897
NewMedia23,0.6994834567730326,-0.8003058700806972,1.0,-0.3064743266908171,0.044856718009826935
NewMedia23,0.7115000807549434,-0.8006377166778076,1.0,-0.31511558356162894,0.031333589325947875
NewMedia23,0.7113126139221522,-0.8009110821123124,1.0,-0.33168303329719306,0.033764430494972686
NewMedia23,0.7065033686347799,-0.8027817993021701,1.0,-0.3815706294480532,-0.009884332085563718
NewMedia23,0.7211329918552873,-0.7999522630509894,1.0,-0.33166305039067934,-0.09262158055065772
NewMedia23,0.7232542511709468,-0.7994191324523532,1.0,-0.3295043564086396,-0.10596647865362185
NewMedia23,0.7232946286426247,-0.799035604827824,1.0,-0.3454615173777027,-0.14049468784220143
NewMedia23,0.7300477607807849,-0.8003874717029374,-1.0,-0.34002238625608106,-0.11060140690181575
NewMedia23,0.728777312475485,-0.8008349205982215,1.0,-0.3204326569299506,-0.10523955916392114
NewMedia23,0.7287672181075657,-0.7999556631185828,1.0,-0.34353451709551164,-0.15895135098313762
NewMedia23,0.7372176461087654,-0.7997496190224261,1.0,-0.3305623702967597,-0.09792464019118263
NewMedia23,0.7387029602454951,-0.7999617832402508,1.0,-0.33328328605395663,-0.14619153442066435
NewMedia23,0.7332664220945526,-0.7998584211854132,1.0,-0.31766745473129077,-0.13608651368386282
NewMedia23,0.7325511640248263,-0.8011824075062612,1.0,-0.31543531006584924,-0.0693666888910559
NewMedia23,0.7268031425209387,-0.7994476930201373,-1.0,-0.30347148992821005,-0.021164181625360157
NewMedia23,0.7271968228698,-0.8003976719057175,1.0,-0.29852707076244234,0.023224564466514552
NewMedia23,0.7290902378809905,-0.7977150185745693,-1.0,-0.2585747596987983,0.0013777877105816128
NewMedia23,0.7327761242241757,-0.8006649172185543,1.0,-0.24120421315280305,0.034091031035916375
NewMedia23,0.7404723587365314,-0.7994551731688426,1.0,-0.24933941641811797,0.002603939455724902
NewMedia23,0.7303304030825317,-0.8002909097832864,-1.0,-0.24359838138457246,0.025203763744634067
NewMedia23,0.6296953231351377,-0.7963407112533397,1.0,-0.24099142220235925,0.04359137419977066
NewMedia23,0.6309643293878777,-0.795108526757512,1.0,-0.2595452808611013,0.05204939506581252
NewMedia23,0.6246784222791353,-0.7924449138048865,1.0,-0.2328410967375204,0.06013415817077594
NewMedia23,0.6247505249071319,-0.793180688432086,1.0,-0.25453227171892157,0.05662273578342858
NewMedia23,0.6318958953415934,-0.7922803505333686,1.0,-0.254757484476117,0.06732403579355317
NewMedia23,0.6308417549202832,-0.7935873365162499,1.0,-0.2993652726789112,0.0420722151121804
NewMedia23,0.6291040815855657,-0.7939327833837336,1.0,-0.3065655999665151,0.01661510266221433
NewMedia23,0.6338758335063797,-0.7940395455061646,-1.0,-0.3386057602078223,0.032959126875445444
NewMedia23,0.6384370457534436,-0.7951581677443748,1.0,-0.32474680442270343,-0.0018266301682785535
NewMedia23,0.6373699268590942,-0.795457373692589,1.0,-0.3296890632742533,0.04318265695138934
NewMedia23,0.6341700122286056,-0.7930106850524188,1.0,-0.3368526652201562,-0.003996190904547947
NewMedia23,0.6335917491520733,-0.7944196730631006,1.0,-0.31051573451358505,0.027330399838379593
NewMedia23,0.6282965321520038,-0.7968969623116108,1.0,-0.3113550165871626,0.09186200100686293
NewMedia23,0.6461534690016382,-0.7975905761006529,1.0,-0.2948610175350005,0.06788672186837919
NewMedia23,0.6453935073025543,-0.7963937523077959,1.0,-0.29963585203467846,0.05111905009632389
NewMedia23,0.6525432038946957,-0.7993769716141956,1.0,-0.29418105863497845,0.08130627152355907
NewMedia23,0.651160275489721,-0.7991824877478564,1.0,-0.3251280998821279,0.054557687220260886
NewMedia23,0.6570438499342426,-0.7995925358996137,-1.0,-0.30577816543416236,0.023168575802352764
NewMedia23,0.658170092983549,-0.7991498470989603,1.0,-0.30660988640797804,0.0352770575717436
NewMedia23,0.65836477007914,-0.7986099163651373,1.0,-0.3195879740708286,0.03631658043634767
NewMedia23,0.6586618329064857,-0.7985929160271706,1.0,-0.3409221571277542,0.016033753699334463
NewMedia23,0.6809977850072679,-0.7992198884913833,1.0,-0.3366944222037096,0.05103133452247044
NewMedia23,0.6801902355737064,-0.8002229084314196,1.0,-0.3576683728648332,-0.005190615739999793
NewMedia23,0.6790683186820794,-0.8003011099860665,1.0,-0.32949679530887777,0.01638741542795641
NewMedia23,0.6735755404812995,-0.8009362426125032,1.0,-0.32705185969299244,0.02690768542395805
NewMedia23,0.6748344523661198,-0.8003480309188546,1.0,-0.33024264379253965,0.04486325002064584
NewMedia23,0.6825826007706328,-0.8004901537442565,-1.0,-0.3093837298635088,0.05778263427598018
NewMedia23,0.6838631434438522,-0.7995245345477469,1.0,-0.29707912015802707,0.0782334270054792
NewMedia23,0.6835761749844258,-0.8000488249706403,1.0,-0.2839627723852435,0.05026802240106454
NewMedia23,0.6735452573775411,-0.7998570611583758,1.0,-0.260761537765668,0.07632794613517269
NewMedia23,0.673649085161856,-0.7996210964673978,1.0,-0.2317225940513049,0.08559686948715806
NewMedia23,0.667889527237489,-0.7982325088622761,1.0,-0.23418859273081272,0.10736899469087513
NewMedia23,0.6672593502687987,-0.7981604274292973,1.0,-0.21956812618395338,0.09854051549696252
NewMedia23,0.6889074432984934,-0.7993524911275236,1.0,-0.20511292367474843,0.13129575032041862
NewMedia23,0.6927966590526293,-0.7992708895052834,1.0,-0.20628219374508028,0.1368880847257794
NewMedia23,0.6939618375210541,-0.7994436129390252,1.0,-0.22298412304069626,0.1362526133875428
NewMedia23,0.7047772317205416,-0.798072705685389,1.0,-0.22036420197317708,0.16850021765593226
NewMedia23,0.7064745275835813,-0.7986357568788467,1.0,-0.21609164052911511,0.05996339274508222
NewMedia23,0.7082194111810987,-0.7981740276996707,1.0,-0.24270455137699776,0.03814740975443853
NewMedia23,0.7153705498258001,-0.7961938283333072,1.0,-0.2526441570926492,0.042410013385956624
NewMedia23,0.7154325580858771,-0.7971274868944395,1.0,-0.27067683994637015,-0.02171753625615913
NewMedia23,0.7154628411896358,-0.7972464892602065,1.0,-0.2766538893082,-0.059804758196623786
NewMedia23,0.7281947232412727,-0.7955947364233601,1.0,-0.31929093086589444,-0.11206551046964697
NewMedia23,0.7295762095936873,-0.796775239891769,1.0,-0.31632805991631496,-0.09836881692686628
NewMedia23,0.7283389284972657,-0.7971696477325969,1.0,-0.3055740157405895,-0.09079635009898335
NewMedia23,0.733678849126693,-0.796321670874817,-1.0,-0.3095857192428638,-0.11649048122723415
NewMedia23,0.7355938949262824,-0.7961741079412659,1.0,-0.32160408731449996,-0.13438352514894136
NewMedia23,0.7366264045591933,-0.7959184228582464,1.0,-0.31309514968952246,-0.10355709980585925
NewMedia23,0.7447148773678505,-0.7933282513656371,1.0,-0.3203138396479768,-0.052686732692854066
NewMedia23,0.745420041069657,-0.793291530635629,1.0,-0.3215835643294318,-0.060411302058376526
NewMedia23,0.6153440160586974,-0.8399975791518736,-1.0,-0.674695564469852,-0.6949131032603599
NewMedia23,0.6302851226321498,-0.7923524319663475,1.0,-0.291726941683668,-0.03286674557957814
NewMedia23,0.6292309822108395,-0.7915228154735716,1.0,-0.2993960571565135,-0.05149324100180497
NewMedia23,0.6293823977296324,-0.791764220272699,1.0,-0.33228738119959544,-0.01929695967556433
NewMedia23,0.6353337486444706,-0.7960707458864282,1.0,-0.3212460152329156,-0.010608452142056302
NewMedia23,0.6350669689208832,-0.7959483434530679,1.0,-0.3119339807975071,0.05697919694525866
NewMedia23,0.626707390230959,-0.7976531373443704,-1.0,-0.3196084970558969,0.04189118509805745
NewMedia23,0.6266540342862417,-0.7966099966067326,1.0,-0.320239308807466,0.0418603913327682
NewMedia23,0.6267967974896751,-0.7958361412224875,1.0,-0.34118463530520515,0.07992895038517878
NewMedia23,0.6311878475346671,-0.7935648960701338,-1.0,-0.3008461680751465,0.10195582401083225
NewMedia23,0.6304076970997439,-0.7947657999441029,1.0,-0.3011367303374276,0.09658744426211863
NewMedia23,0.6249870215269606,-0.7927890006453329,1.0,-0.29263481373365763,0.07565421587642551
NewMedia23,0.6244563461849058,-0.7942455896023213,1.0,-0.29479026724437074,0.058168022914294015
NewMedia23,0.6358312567776472,-0.7920267054909051,1.0,-0.2932823679204142,0.018263968821779608
NewMedia23,0.6363936572760205,-0.7921647482351949,1.0,-0.29892402849994537,0.04371734869413446
NewMedia23,0.6405251378602246,-0.79644271328114,1.0,-0.3026662328035613,0.04247440034974259
NewMedia23,0.6443898387208418,-0.7955342152201985,1.0,-0.32279226013423656,0.05017004223878141
NewMedia23,0.6463654507279482,-0.7957341391946872,1.0,-0.31760210522620513,0.06308662706090784
NewMedia23,0.652087515285757,-0.7961380672247764,1.0,-0.31242221181070795,0.09988610972565093
NewMedia23,0.660201945040493,-0.7929202432544359,1.0,-0.2787407528425011,0.049689472871392804
NewMedia23,0.6617882028564177,-0.794917442958766,1.0,-0.2992199915477707,0.09836228491604726
NewMedia23,0.647040331325996,-0.7860255861886534,1.0,-0.2740976975101028,0.05998298877753916
NewMedia23,0.6481334071664244,-0.785556376860772,1.0,-0.2769125869357699,0.07954822746887857
NewMedia23,0.6600014997346624,-0.7873658928339495,1.0,-0.2798489940361826,0.002920275408238915
NewMedia23,0.6607903024849449,-0.7872557306439252,1.0,-0.29346599462891887,0.022332478417536494
NewMedia23,0.660387969820724,-0.787403973590995,1.0,-0.29814523522446346,0.020690144268790567
NewMedia23,0.6650010959599457,-0.7914935748922689,1.0,-0.30884149099486535,0.11581115210207127
NewMedia23,0.6684317390000232,-0.7911780486196065,1.0,-0.3572228080574319,0.0329106033665052
NewMedia23,0.6729136383562908,-0.7867912814106744,1.0,-0.33989546779579105,0.025887758591810472
NewMedia23,0.6786616598601787,-0.7894086534440304,-1.0,-0.3170274616442963,0.02042513125842449
NewMedia23,0.6809372187997509,-0.7924775544537825,1.0,-0.3287126012478515,0.007607459742984268
NewMedia23,0.7001756420017997,-0.7885416362077278,-1.0,-0.34982643225457144,0.0006032778563436203
NewMedia23,0.6980644770540596,-0.788258070570443,1.0,-0.3476871811004911,0.0007460489499560019
NewMedia23,0.6973722918252925,-0.7887463202768471,1.0,-0.3462192475895619,0.01200910189050397
NewMedia23,0.7122095706144298,-0.7889646046163398,1.0,-0.33653941965858925,-0.02378818368574309
NewMedia23,0.7134151265545328,-0.7887619605877765,1.0,-0.31851861853306573,-0.03735423701214624
NewMedia23,0.7138116910085139,-0.7887313599794363,1.0,-0.29745771522467934,-0.04058571607868455
NewMedia23,0.7255773978449966,-0.7866573187474967,1.0,-0.2534910002659888,-0.04181000153502257
NewMedia23,0.7071681548649087,-0.7869048436682922,1.0,-0.29668108226341516,0.011569590876833846
NewMedia23,0.7072186267045062,-0.7881349881235639,1.0,-0.2741057986884192,-0.0152583107006935
NewMedia23,0.6526095383124524,-0.7806514393506143,1.0,-0.2289498307528831,-0.05745323430182825
NewMedia23,0.6525835813663738,-0.7805154366468805,1.0,-0.2123921024312987,-0.028571481893965855
NewMedia23,0.6603086569299277,-0.7815422570600703,-1.0,-0.2900564787148291,0.02593161637873731
NewMedia23,0.6590540712027873,-0.7823562332419168,1.0,-0.2726616286338849,0.1286820128484656
NewMedia23,0.6539650677187883,-0.7803053124696119,-1.0,-0.21826545671067854,0.15509093258918183
NewMedia23,0.6535930181583258,-0.7788534836072541,1.0,-0.21395725008202438,0.13730613341818754
NewMedia23,0.6524783115294985,-0.7792655717995673,1.0,-0.2172717121705352,0.19131279886865604
NewMedia23,0.6530969520777092,-0.7794518955036827,1.0,-0.23379271515041866,0.19751261028017209
NewMedia23,0.657015008883044,-0.7793634937462557,1.0,-0.26504166030949217,0.1691739479146792
NewMedia23,0.6566862208993793,-0.7785474775238532,1.0,-0.2499588865200444,0.16699039001236882
NewMedia23,0.6565059643293878,-0.7778368633968443,1.0,-0.24402720375678644,0.17042996028070867
NewMedia23,0.6560185505641309,-0.776965086065911,1.0,-0.6674066642993224,-0.7296111447302303
NewMedia23,0.6153440160586974,-0.8399975791518736,-1.0,-0.6674066642993224,-0.7296111447302303
NewMedia23,0.6660076486467781,-0.7795049365581388,1.0,-0.2909033218881686,0.2088885736934465
NewMedia23,0.6649347615421888,-0.7798272629659877,1.0,-0.2664690879288393,0.2035771157532973
NewMedia23,0.6583474654484205,-0.7815782977765597,1.0,-0.2695415948249672,0.1762378510430922
NewMedia23,0.6593208509263746,-0.7806113185530128,1.0,-0.255005920611153,0.19323694262701618
NewMedia23,0.6597808656929927,-0.7801672697253221,1.0,-0.28366788949452704,0.2226403227559861
NewMedia23,0.6602769317736095,-0.7802101105769983,1.0,-0.2988937841008975,0.18636713353436396
NewMedia23,0.6611190904686095,-0.781959785360533,1.0,-0.29983028031427184,0.15913424728606618
NewMedia23,0.7146264507048754,-0.7814973761678382,-1.0,-0.24886630760444106,0.14419273911008834
NewMedia23,0.7133242772432569,-0.7809574454340152,1.0,-0.2662903219273244,0.11350161970539707
NewMedia23,0.7136631595948411,-0.7807459612297092,1.0,-0.24005870653886607,0.14988398682213488
NewMedia23,0.7211589488013659,-0.78056167756615,1.0,-0.23328018060226863,0.10140900139085174
NewMedia23,0.7203600516831636,-0.780428394916491,1.0,-0.24794115304070985,0.08770390954844687
NewMedia23,0.7143380401928889,-0.7813919740724445,1.0,-0.2504255143910683,0.043105205965965565
NewMedia23,0.7020373318566715,-0.7761837505329605,1.0,-0.2708323825700448,0.04147406955005195
NewMedia23,0.7004106965690686,-0.7772153310407811,1.0,-0.29227296110219225,-0.013254849668103863
NewMedia23,0.7052473408550797,-0.7748699644148926,-1.0,-0.2637001051802985,0.036975380384651535
NewMedia23,0.7180585357975127,-0.7757349416106392,-1.0,-0.24892463608831916,0.07993548239599768
NewMedia23,0.7261037470293716,-0.7761660701814752,1.0,-0.2274462520573618,0.05586782196164708
NewMedia23,0.7270136821946889,-0.7757193012997099,1.0,-0.21181475845661757,0.055809967008679795
NewMedia23,0.7220313906001246,-0.7767366015236383,1.0,-0.2100924479465539,0.06474575780890257
NewMedia23,0.7236623520454073,-0.776098748843127,1.0,-0.21425861391539403,0.05466686511537655
NewMedia23,0.6729194065665305,-0.7783162729275058,-1.0,-0.23835745909242512,-0.0282850065623379
NewMedia23,0.6457713250732564,-0.7748366437524778,1.0,-0.24160711175440475,0.055338729085318006
NewMedia23,0.6466394407143352,-0.7746149593453918,1.0,-0.2476397892073402,0.0676618340673294
NewMedia23,0.6543500957522901,-0.7781013886556065,1.0,-0.2650297785812946,0.0839825296704928
NewMedia23,0.6538944071433515,-0.7786766800924002,1.0,-0.25323986373818075,0.11960998296544911
NewMedia23,0.6542837613345331,-0.7785161969019944,1.0,-0.2534180896611412,0.14729451110465175
NewMedia23,0.6542477100205351,-0.7786902803627737,1.0,-0.276711137634969,0.1273830758399117
NewMedia23,0.6587238411665628,-0.7794824961120227,-1.0,-0.29187114265769953,0.1158251492681115
NewMedia23,0.659564557809003,-0.7799714258319456,1.0,-0.27436773678731585,0.09047721471326131
NewMedia23,0.6535713873699269,-0.7732828128623197,1.0,-0.2763627869673644,0.12833115055305155
NewMedia23,0.6522735400659885,-0.7733045732949171,1.0,-0.2705542421145155,0.12773860385733915
NewMedia23,0.6524884058974183,-0.7737547422442759,1.0,-0.2872010833975802,0.12253165809029198
NewMedia23,0.6153440160586974,-0.8399975791518736,-1.0,-0.7683279032935341,-0.5787842154891705
NewMedia23,0.6153440160586974,-0.8399975791518736,-1.0,-0.7683279032935341,-0.5787842154891705
NewMedia23,0.6554547080131976,-0.7727190816553433,-1.0,-0.24033468668017766,0.14825751612823468
NewMedia23,0.6551807180268105,-0.772711601506638,1.0,-0.23913625236790692,0.22596324997398876
NewMedia23,0.6549182644609033,-0.7727938831423968,1.0,-0.22000666997014717,0.23895728578153896
NewMedia23,0.6549672942479408,-0.7725912391138336,1.0,-0.6191095994912461,-0.4381070979162418
NewMedia23,0.6153440160586974,-0.8399975791518736,-1.0,-0.6191095994912461,-0.4381070979162418
NewMedia23,0.645671823446621,-0.7868586027490226,-1.0,-0.22414421177560273,0.199253857735604
NewMedia23,0.6474686209362961,-0.7849770053428662,1.0,-0.19225851400086147,0.1424832185643483
NewMedia23,0.6474729470939757,-0.7850599669921439,1.0,-0.1778665006825244,0.16137659328574605
NewMedia23,0.6467562469716897,-0.7847179201922534,1.0,-0.19407695849361295,0.20694203446942128
NewMedia23,0.6462746014166725,-0.7845873575966691,1.0,-0.2104434990069306,0.20913958953777145
NewMedia23,0.654644274474516,-0.7869578847227483,-1.0,-0.23532977871631422,0.16639411073904586
NewMedia23,0.6566343070072218,-0.7867912814106744,1.0,-0.2549313897706422,0.17554452475188875
NewMedia23,0.6577994854756466,-0.7867396003832556,1.0,-0.2672241177479264,0.07607226456883387
NewMedia23,0.6586301077501673,-0.7864526346783774,1.0,-0.27277990583730405,0.11509449720080012
NewMedia23,0.6716056966844328,-0.7867640808699277,1.0,-0.2901850174107825,0.11642516111904566
NewMedia23,0.6705183890542443,-0.7865668769495138,1.0,-0.29140451478667573,0.06526271980799647
NewMedia23,0.6665700491451514,-0.7844119141088525,1.0,-0.26266963529845433,0.06173450082140053
NewMedia23,0.6672492559008791,-0.7874821751456419,-1.0,-0.262849481457078,0.12078387862404139
NewMedia23,0.6840693569599225,-0.7862690310283369,1.0,-0.2788417475321785,0.05492534611492328
NewMedia23,0.6837924828684157,-0.7876766590119811,1.0,-0.23842604906883702,0.0949432438245672
NewMedia23,0.6835156087769088,-0.7878255819725696,1.0,-0.21669220788163646,0.09162684861738324
NewMedia23,0.6842395191619945,-0.7878092616481216,1.0,-0.2401370179292579,0.11871509748326314
NewMedia23,0.6937195726909855,-0.7872570906709625,1.0,-0.22212701837482263,0.13532040212924912
NewMedia23,0.6937238988486654,-0.7874318541452604,1.0,-0.24239346612964863,0.060917066324638114
NewMedia23,0.7077752589926396,-0.7866307982202686,1.0,-0.23383808174899046,0.06000071852119038
NewMedia23,0.7094639025403198,-0.787095927467038,1.0,-0.24776130688208597,0.08788120698495905
NewMedia23,0.7099152649915785,-0.7869136838440348,1.0,-0.2470284202837304,0.027609410014785896
NewMedia23,0.725378394591726,-0.7874128137667377,1.0,-0.21369639214023683,-0.014267311345029454
NewMedia23,0.7246963037308785,-0.7879547845411167,1.0,-0.28324878853629265,-0.01474508127921026
NewMedia23,0.7191285387969821,-0.7874175738613683,1.0,-0.262711221347145,0.004462763105896883
NewMedia23,0.6153440160586974,-0.8399975791518736,-1.0,-0.526209067108811,-0.0031796895521885027
NewMedia23,0.6557460026303039,-0.8333660873178159,-1.0,-0.27403666863345266,0.0034251065300980876
NewMedia23,0.6565751828522648,-0.8311002822736115,1.0,-0.27819095287409557,0.011409090039570247
NewMedia23,0.6567280404236173,-0.8308826779476376,1.0,-0.2746988049411787,0.05750362409957388
NewMedia23,0.6715408043192357,-0.8280755821425729,1.0,-0.18825275136268582,0.2297406185161046
NewMedia23,0.6738899079393645,-0.827646493612293,1.0,-0.18408064452974693,0.22306676974801842
NewMedia23,0.6738783715188852,-0.8256288935024028,-1.0,-0.37980943328207095,0.10185504441534077
NewMedia23,0.6153440160586974,-0.8399975791518736,-1.0,-0.37980943328207095,0.10185504441534077
NewMedia23,0.6521697122816732,-0.7738574242855948,1.0,-0.2693509470952551,0.12625303796824605
NewMedia23,0.6526080962598924,-0.7739628263809885,1.0,-0.2615338500984967,0.10738019242370744
NewMedia23,0.6541554186566994,-0.7741253496119502,1.0,-0.24235458047372993,0.151326628068704
NewMedia23,0.6602408804596109,-0.7745557981692677,1.0,-0.2375689444029634,0.16402112452298834
NewMedia23,0.6683596363720266,-0.8006968778539317,-1.0,-0.2039112488911512,0.28101223772226924
NewMedia23,0.6797763664890057,-0.8255268914746026,1.0,-0.2342809461636195,0.25386053503700623
NewMedia23,0.6796696545995711,-0.8253405677704873,1.0,-0.27452705996087134,0.20180694082138184
NewMedia23,0.6737572391038509,-0.8295444113428975,1.0,-0.2899457626111718,0.2303695578435221
NewMedia23,0.6732121432361966,-0.829705574546822,1.0,-0.29040860993231477,0.17546894005527003
NewMedia23,0.6678866431323689,-0.8276777742341518,1.0,-0.2991281781935182,0.18466881072145602
NewMedia23,0.6803301146720195,-0.8260437017487907,-1.0,-0.2904366940171448,0.21043852654632555
NewMedia23,0.6781497312014029,-0.8282476255627962,1.0,-0.2256747943988453,0.1987042356824158
NewMedia23,0.6780545557324473,-0.8276043327741356,1.0,-0.251474346943763,0.2316246370651489
NewMedia23,0.6885844235250687,-0.8264224692786892,1.0,-0.27086478728331054,0.23925962456801253
NewMedia23,0.6891684548118409,-0.8264061489542411,1.0,-0.2686018581402665,0.21726447785205094
NewMedia23,0.6979866062158235,-0.825673774394635,1.0,-0.278311930470287,0.13971644541035277
NewMedia23,0.6989239403797789,-0.8252161252965708,1.0,-0.20321400747738771,0.1391565587687349
NewMedia23,0.7099830414618953,-0.8255527319883119,-1.0,-0.2900483775365128,0.1832952221606865
NewMedia23,0.7135593318105258,-0.8251998049721229,1.0,-0.29137211007341024,0.18349771449607166
NewMedia23,0.714799497012067,-0.8280375013855276,-1.0,-0.2746480375570627,0.1894502426408735
NewMedia23,0.7186108419279666,-0.826888958552496,1.0,-0.30783532464797003,0.017646227227194222
NewMedia23,0.7308855933181053,-0.824400789087687,1.0,-0.2990774108094023,0.02831113460561374
NewMedia23,0.7311711197249717,-0.8247924768744402,1.0,-0.3035541219470371,0.013020630423027146
NewMedia23,0.7279971620405621,-0.805916661623233,-1.0,-0.3291041581998101,-0.06608948574878526
NewMedia23,0.6753175399736968,-0.7910189254562381,-1.0,-1.0,-0.055320999341666344
NewMedia23,0.7444466555917031,-0.8272194451225691,1.0,-0.34065481824331345,-0.055245414645048174
NewMedia23,0.7445663459541774,-0.8278980986142004,1.0,-0.3461133921928944,-0.0861240960746813
NewMedia23,0.6484694054128886,-0.8256173332725855,-1.0,-0.2913321442603828,-0.06339549785820031
NewMedia23,0.6335816547841535,-0.8206559546403782,1.0,-0.18721472038107945,-0.003138631198470021
NewMedia23,0.6339378417664567,-0.8202438664480649,1.0,-0.17928258665222863,0.0034633654506084355
NewMedia23,0.6257397729632448,-0.8205695929235073,1.0,-0.28325688971460916,0.016199853403014552
NewMedia23,0.627473120140283,-0.819059282898544,1.0,-0.1504175482323905,0.09505335486408506
NewMedia23,0.6412029025633927,-0.8210041215619366,1.0,-0.17485826313437292,0.24291661748218063
NewMedia23,0.642629092545165,-0.8202887473402971,1.0,-0.2027376581923842,0.18656869272534626
NewMedia23,0.643285226459934,-0.8192143259808005,1.0,-0.18563499060938415,0.24619662005765908
NewMedia23,0.6444331002976396,-0.8188783993025781,1.0,-0.18876852638216235,0.26823655770495014
NewMedia23,0.6509583881313306,-0.8223117875583367,1.0,-0.15753308318694959,0.326554350295877
NewMedia23,0.6675535289910246,-0.82449123088567,-1.0,-0.24541898619154157,0.3245527555520926
NewMedia23,0.6734197988048269,-0.8297252949388634,1.0,-0.16040468086083115,0.3400121588715672
NewMedia23,0.6734010521215477,-0.8302563854969437,1.0,-0.24156228523438739,0.3146371631290388
NewMedia23,0.6732712673911538,-0.83080991650114,1.0,-0.23262722562996785,0.3400532172252859
NewMedia23,0.673099663136522,-0.8309479592454299,1.0,-0.22317261045619097,0.30808368998890034
NewMedia23,0.6715465725294756,-0.8384729888430182,1.0,-0.2442102903867367,0.16781342337554728
NewMedia23,0.6623967490367089,-0.8419104571798888,-1.0,-0.2699914802608039,0.12352825631237208
NewMedia23,0.637948189935627,-0.8406279516836794,1.0,-0.2856953443878413,0.07679825091413184
NewMedia23,0.6382048752912948,-0.8406415519540529,1.0,-0.27805269276416267,0.09810007133888954
NewMedia23,0.6388912923098222,-0.8408156354148321,1.0,-0.2689680314001671,0.15145540199627594
NewMedia23,0.6519000484529662,-0.8422497839257044,1.0,-0.25731637666698615,0.175026629608392
NewMedia23,0.6529282319281975,-0.8393964472013704,1.0,-0.2549470520487206,0.1652594071453668
NewMedia23,0.6505834544657485,-0.8400921010309685,1.0,-0.26923807067738015,0.07403614348214971
NewMedia23,0.6263569714588959,-0.8438865764651401,1.0,-0.2657750869864022,0.0886043938970491
NewMedia23,0.6265574167647263,-0.8432929246633423,1.0,-0.25124913418656747,0.07999986935978365
NewMedia23,0.6363907731709004,-0.8411699224580584,1.0,-0.24073650512467037,0.12809693130797473
NewMedia23,0.6366690893149676,-0.8415072091633182,1.0,-0.23455260567649572,0.1377148506665684
NewMedia23,0.6342204840682033,-0.8377066136074784,1.0,-0.22646060869553475,0.1228563923424304
NewMedia23,0.6312700445305832,-0.8359222581344917,1.0,-0.2433796495700301,0.10992021148784747
NewMedia23,0.6321222975935028,-0.8298973383590866,1.0,-0.2391697372382814,0.1231111407643668
NewMedia23,0.6459804226944466,-0.8421423417897548,-1.0,-0.21868023704047757,0.20279794017704544
NewMedia23,0.647464294778616,-0.8413705264460658,1.0,-0.19207974799934657,0.24321335740223815
NewMedia23,0.646284695784592,-0.8420029390184277,1.0,-0.18459155884223355,0.19852227252388976
NewMedia23,0.6436659283357562,-0.8393563264037689,1.0,-0.18142939890607102,0.24405038793145684
NewMedia23,0.6550336286656977,-0.841998178923797,1.0,-0.16646760271281447,0.2654996451718412
NewMedia23,0.6555859347961515,-0.8436778123149088,1.0,-0.17582446366824067,0.25499337234188
NewMedia23,0.6713432431185251,-0.8441354614129729,1.0,-0.17017578206750172,0.2610746744142536
NewMedia23,0.6721349299739277,-0.8409094772804083,1.0,-0.4479943507783207,-0.5448662827399546
NewMedia23,0.6153440160586974,-0.8399975791518736,-1.0,-0.4479943507783207,-0.5448662827399546
NewMedia23,0.6834910938833898,-0.8431773223651686,1.0,-0.17559168981128315,0.2787530951233408
NewMedia23,0.6835704067741861,-0.8422042230199536,1.0,-0.18005381882794858,0.2516433839361991
NewMedia23,0.6925428578020811,-0.8427733943350794,1.0,-0.1936648785565862,0.22981060434630685
NewMedia23,0.6941593987217647,-0.8445604698621408,1.0,-0.2202362033557781,0.15227283649303835
NewMedia23,0.6939084815763366,-0.8450215190277983,1.0,-0.24788984557803928,0.14370190515426984
NewMedia23,0.704263861009206,-0.8405409099532899,1.0,-0.28174520984077134,0.09032044645360826
NewMedia23,0.7042941441129646,-0.8412379238099253,1.0,-0.31069126004377334,0.055173562526040554
NewMedia23,0.70460130130823,-0.8419240574502621,1.0,-0.34532271718921514,-0.0024984941382198977
NewMedia23,0.7117207147966129,-0.8435656100843285,1.0,-0.34578070380336823,0.007997514103311287
NewMedia23,0.7219145843427701,-0.8443571458200589,1.0,-0.33054832825434455,0.015795801876646864
NewMedia23,0.7217977780854157,-0.8436669320986101,1.0,-0.32631249215198366,0.007951790027579175
NewMedia23,0.7308178168477886,-0.8481659015381225,1.0,-0.3240560439515927,-0.024773584174990537
NewMedia23,0.7415827392076788,-0.8519209361882114,1.0,-0.31700423826645585,-0.01990257039291432
NewMedia23,0.7412063634895365,-0.8517726932411416,1.0,-0.30824524427077926,-0.02640565373530679
NewMedia23,0.7314335732908794,-0.8387898751427179,-1.0,-0.3003320132913333,-0.060136957603983854
NewMedia23,0.7461439514547428,-0.8378630167167723,-1.0,-0.33186503977003456,-0.06364278112491484
NewMedia23,0.7471360836159755,-0.8380037795151367,1.0,-0.32640700589900795,-0.06683413498213708
NewMedia23,0.6349184375072103,-0.8365322302607376,-1.0,-0.23570351307597692,0.005508817981319414
NewMedia23,0.6340301331302924,-0.8352143640615576,1.0,-0.22680139826337753,0.004275201080954583
NewMedia23,0.6353294224867909,-0.8289113187570168,1.0,-0.23228211543368982,0.014862657473950103
NewMedia23,0.6399973466232896,-0.8375345701872553,1.0,-0.23054144225277584,0.04507040807804463
NewMedia23,0.6415807203340946,-0.8353381265219553,1.0,-0.2406392909848738,0.06079482440788486
NewMedia23,0.6508819593456543,-0.8341297424992808,1.0,-0.23561926082148643,0.11133859097994625
NewMedia23,0.650949735815971,-0.8329145583414198,1.0,-0.25728559218938396,0.12220132497173775
NewMedia23,0.6538497035139939,-0.8351939636559975,-1.0,-0.25223045691995905,0.12770594380324463
NewMedia23,0.6663176899471632,-0.8360643809598934,1.0,-0.2391178896970565,0.16048264094796272
NewMedia23,0.6667964513970606,-0.8359739391619105,1.0,-0.20064215340121216,0.18412665382348936
NewMedia23,0.6671122609076856,-0.8359494586752385,1.0,-0.10071465894714382,0.18247778766392453
NewMedia23,0.6761582566161373,-0.8369075977230427,1.0,-0.20053899839731693,0.17886185310347513
NewMedia23,0.6779492858955722,-0.8358936975667076,1.0,-0.18475790303699668,0.20033257266512128
NewMedia23,0.6838645854964123,-0.8334599291833922,-1.0,-0.18919626859726757,0.3013258582245717
NewMedia23,0.6848538335525254,-0.8322393049173817,1.0,-0.10979607983981277,0.32319969616818267
NewMedia23,0.6848927689716435,-0.8330743615183069,1.0,-0.18152877336008522,0.33164092043497595
NewMedia23,0.6972929789344962,-0.8309479592454299,1.0,-0.19508204468339918,0.3794851002500361
NewMedia23,0.7000501834290858,-0.8381907832327706,1.0,-0.1863689573648487,0.3519349449048217
NewMedia23,0.7000328787983665,-0.8357230141735218,1.0,-0.18944794520362995,0.32456581957373065
NewMedia23,0.708105489028864,-0.8338182963077305,1.0,-0.11934952938904975,0.3275546810955676
NewMedia23,0.7053122332202764,-0.8282782261711363,-1.0,-0.1373028206952701,0.3013081284809205
NewMedia23,0.709651369373111,-0.8304726297958803,1.0,-0.21125415691712357,0.3093760949866351
NewMedia23,0.7149884058974181,-0.8354326484010501,1.0,-0.2111666641913067,0.3551188336068227
NewMedia23,0.7203240003691656,-0.8267182751593102,1.0,-0.2244671787511494,0.4152525252053967
NewMedia23,0.7218799750813318,-0.8282115848463067,1.0,-0.21259463188920835,0.2960694558041814
NewMedia23,0.7329347500057684,-0.8262891866290302,1.0,-0.24304048023785074,0.012513933012362921
NewMedia23,0.7348699845411966,-0.8270093209453004,1.0,-0.24383277547719318,0.015730481768458038
NewMedia23,0.7355823585058028,-0.8273989686914975,1.0,-0.2566866450725258,0.025679667390009042
NewMedia23,0.7413231697468909,-0.8282775461576176,1.0,-0.24534337519392202,0.019791526208993604
NewMedia23,0.6489337463371865,-0.821225125955504,-1.0,-0.0897413428783217,0.29728907553850625
NewMedia23,0.6465284026672204,-0.8204798311390431,1.0,-0.1180452396801116,0.21745763874340907
NewMedia23,0.6466913546064927,-0.8208885192637629,1.0,-0.13055669947193815,0.24909589971683732
NewMedia23,0.6711053044461366,-0.8236153734736247,-1.0,-0.1409791354152461,0.24774004089971924
NewMedia23,0.6700915414965045,-0.8243511481008242,1.0,-0.14781112912873173,0.2996816577870203
NewMedia23,0.6790077524745624,-0.8234018492287627,-1.0,-0.15082638769809065,0.31860582627370726
NewMedia23,0.680873768487114,-0.8247401158335028,1.0,-0.15660414807333722,0.2985404221825223
NewMedia23,0.6869375995016267,-0.8248149173205563,-1.0,-0.14596460055115013,0.3327410976857552
NewMedia23,0.6924159571768072,-0.8247686764012869,1.0,-0.24063497035643833,-0.06517966995615632
NewMedia23,0.6153440160586974,-0.8399975791518736,-1.0,-0.24063497035643833,-0.06517966995615632
NewMedia23,0.6924390300177661,-0.8220744628403213,1.0,-0.0808359875943957,0.34721230108277434
NewMedia23,0.6923279919706513,-0.8215460923363156,1.0,-0.12396720102938974,0.3589101993149786
NewMedia23,0.7061500657575968,-0.8206865552487184,1.0,-0.08244704192224761,0.3280333841741512
NewMedia23,0.7076584527352854,-0.8201146638795179,1.0,-0.13573011194478246,0.3565409456765323
NewMedia23,0.7080708797674258,-0.8200983435550699,1.0,-0.15144207725013614,0.3214537829907371
NewMedia23,0.7105656306961077,-0.8193204080897128,1.0,-0.1478559556487491,0.2276877008301721
NewMedia23,0.7179056782261599,-0.8226245937769243,1.0,-0.1773723288052248,0.27758853090877555
NewMedia23,0.722316917006991,-0.8224253498159544,1.0,-0.2838995831943756,0.26388343906637046
NewMedia23,0.7302972358736532,-0.8197318162685074,1.0,-0.27183530844561343,0.20506641422000094
NewMedia23,0.7355794744006829,-0.8338686173081121,1.0,-0.2564112050097688,0.02501526857528935
NewMedia23,0.7357784776539535,-0.8342990658654295,1.0,-0.25455981572519715,0.022013343031814347
NewMedia23,0.7358520223345102,-0.8343133461493214,1.0,-0.25633343369793127,0.0014683027176434216
NewMedia23,0.7404233289494935,-0.8255234914070092,1.0,-0.25931574747547037,0.009691171194205817
NewMedia23,0.7406136798874043,-0.8250264015248623,1.0,-0.27766707667630264,-0.00010217931209521858
NewMedia23,0.7140654922590619,-0.8287637558234657,-1.0,-0.24567336319067612,-0.03430845368174451
NewMedia23,0.632076151911585,-0.8271840844195982,1.0,-0.20516801168729992,0.018603633384360885
NewMedia23,0.6340041761842137,-0.8269583199314002,1.0,-0.1010198033303944,0.04297176631638
NewMedia23,0.6337287441452666,-0.8270548818510512,1.0,-0.11599456140895703,0.05339872187211192
NewMedia23,0.6388739876791028,-0.8258811785178289,-1.0,-0.09698865700016068,0.12006069171195155
NewMedia23,0.6418561523730417,-0.8257621761520619,1.0,-0.08085327010813714,0.1724306218800904
NewMedia23,0.642587273020927,-0.8258614581257875,1.0,-0.07769381056474667,0.3188923016053353
NewMedia23,0.6521351030202349,-0.8292601656920939,1.0,-0.06623550395405009,0.35917147974773367
NewMedia23,0.6519634987656031,-0.8293234069493302,1.0,-0.09388050491944067,0.3353315065476412
NewMedia23,0.6653226736808102,-0.8295525715051215,1.0,-0.09919325765932663,0.39918377859096155
NewMedia23,0.6659052629150226,-0.8276070528282102,1.0,-0.06983350728363447,0.38987752946286824
NewMedia23,0.689167012759281,-0.8279939805203327,-1.0,-0.09254759104711785,0.45343679416374183
NewMedia23,0.6892867031217553,-0.8308894780828243,1.0,-0.05638879174975997,0.4319614088800823
NewMedia23,0.6887545857271404,-0.830467189687731,1.0,-0.0824956489921459,0.4037748490522288
NewMedia23,0.645860732331972,-0.8317680555489443,1.0,-0.05123644234053848,0.2203923778898902
NewMedia23,0.6459472554855681,-0.8311247627602837,1.0,-0.045185942295306925,0.20596129970218735
NewMedia23,0.6400492605154473,-0.8298796580076012,-1.0,-0.1799582249238152,0.1776049075930426
NewMedia23,0.6384687709097623,-0.830461069566063,1.0,-0.20052981706189166,0.16542364056024117
NewMedia23,0.6468269075471262,-0.831863257441558,1.0,-0.11573046299584278,0.20445053891422127
NewMedia23,0.6469927435915184,-0.8324371888513143,1.0,-0.08994657272900353,0.20560110596274606
NewMedia23,0.6443956069310817,-0.8322427049849751,1.0,-0.21412521451245092,0.1722626558876046
NewMedia23,0.6420046837867146,-0.8354952096447678,1.0,-0.21414141686908372,0.18932986701292553
NewMedia23,0.6374333771717313,-0.8372904453340533,1.0,-0.19445285316749328,0.21402180105268043
NewMedia23,0.6386403751643941,-0.8375318501331807,1.0,-0.19786560955290944,0.2231955436755908
NewMedia23,0.6485991901432824,-0.8399941790842802,1.0,-0.2036071846650095,0.2602479084734646
NewMedia23,0.6481507117971435,-0.8398758567320318,1.0,-0.19318096817182062,0.26440040106546436
NewMedia23,0.6480324634872292,-0.8404232676145602,1.0,-0.20003564518459216,0.2793978979056042
NewMedia23,0.6564136729655523,-0.8354299283469755,1.0,-0.18682964437177396,0.28308008571864485
NewMedia23,0.6558137791006207,-0.8392060434161431,-1.0,-0.19093856201384496,0.27387741561925094
NewMedia23,0.6556868784753467,-0.83733804628036,1.0,-0.18884305722267303,0.2756317270963209
NewMedia23,0.6551042892411343,-0.8372428443877464,1.0,-0.1943945246836154,0.290406202424216
NewMedia23,0.6689840451304769,-0.8340175402687006,1.0,-0.19131931739471508,0.45477772267041683
NewMedia23,0.6701607600193811,-0.8351055618985705,1.0,-0.1898049371281053,0.4762260467663981
NewMedia23,0.669674788306684,-0.8349790793840981,1.0,-0.1960250218394265,0.43301026318871316
NewMedia23,0.6654553425163241,-0.8343391866630309,1.0,-0.19053512333368894,0.4594835698932156
NewMedia23,0.6802998315682611,-0.8346370325842077,1.0,-0.1964100978487321,0.42560856178652373
NewMedia23,0.6812977319397338,-0.8330240405179254,1.0,-0.5426333960274521,-0.42976198752292616
NewMedia23,0.6493678041577258,-0.8316837338726294,-1.0,-0.21722580549340897,0.3280837739718965
NewMedia23,0.6846807872453335,-0.8354455686579049,1.0,-0.2131433517005049,0.33768116415363103
NewMedia23,0.6841371334302393,-0.8378385362301002,-1.0,-0.20252108669205937,0.3922234544912475
NewMedia23,0.6862007106435015,-0.8381214218538664,1.0,-0.1949178608028539,0.3930324906883853
NewMedia23,0.6982577120970905,-0.8328023561108395,1.0,-0.21329997448128835,0.3926293723064205
NewMedia23,0.698563427239796,-0.8331784035866633,1.0,-0.20611422931465384,0.3008331579799477
NewMedia23,0.7118851087884452,-0.8349015578429699,1.0,-0.2480524092229216,0.3945507166315727
NewMedia23,0.712606135068411,-0.8332824456550196,1.0,-0.251001238130086,0.36235443530533207
NewMedia23,0.7160670612122471,-0.8296763339655192,-1.0,-0.24908719973320126,0.04103735796958974
NewMedia23,0.7402300939064628,-0.8298871381563065,1.0,-0.28275947736598284,0.02975844157419605
NewMedia23,0.7402401882743821,-0.8284495895778408,1.0,-0.28373647947093905,-0.0059576604390161325
NewMedia23,0.742759454096583,-0.8351001217904211,1.0,-0.2780208281294514,-0.012153739272921738
NewMedia23,0.7405833967836459,-0.8355407705505186,1.0,-0.2573963082930413,-0.022021741331438305
NewMedia23,0.7141145220460996,-0.834158303067065,1.0,-0.23006941359620747,0.042524790147488334
NewMedia23,0.7136660436999609,-0.8366444324913179,1.0,-0.22097719113245018,0.27789553541726253
NewMedia23,0.6503815671073578,-0.7864499146243027,-1.0,-0.13122639687942605,0.12436995256360439
NewMedia23,0.649470189889481,-0.780461035565387,1.0,-0.1215465689484535,0.2523675039926918
NewMedia23,0.6495942064096354,-0.7807024403645144,1.0,-0.10576817398090554,0.2431153772399548
NewMedia23,0.659802496481392,-0.7801869901173635,1.0,-0.13517275087661507,0.270534892368792
NewMedia23,0.6600375510486607,-0.7800972283328993,1.0,-0.1429731054381861,0.32621281944449
NewMedia23,0.6518019888788906,-0.7805725577824487,1.0,-0.1546382621352277,0.27801497790080787
NewMedia23,0.6541467663413398,-0.7794321751116412,1.0,-0.15054554684978938,0.25889111651194363
NewMedia23,0.6847947093975681,-0.7975694956815742,-1.0,-0.7737200475809206,-0.5128734268935016
NewMedia23,0.6705746291040817,-0.8219228198256581,-1.0,-0.25768038961266915,0.36547300389914406
NewMedia23,0.7117884912669297,-0.8302625056186117,1.0,-0.24330565880807364,0.35635058421838206
NewMedia23,0.7100998477192497,-0.8309799198808072,1.0,-0.14108553089046794,0.33326085911805725
NewMedia23,0.6963109411411827,-0.8318455770900726,1.0,-0.12540380998416212,0.28900182009815745
NewMedia23,0.6956504810687338,-0.8311390430441757,1.0,-0.1121583834368709,0.29228275581803875
NewMedia23,0.6955827045984171,-0.830697034257041,1.0,-0.14058325783485204,0.31416125948366314
NewMedia23,0.6953130407697101,-0.8325215105276293,-1.0,-0.13306266396447375,0.32707877745019265
NewMedia23,0.6859858448120717,-0.8028355203701449,-1.0,-0.16760122759855423,0.302167554475804
NewMedia23,0.6670632311206481,-0.7775104569078833,1.0,-0.15717825157669196,0.304071169057305
NewMedia23,0.666554186566992,-0.7779538257220554,1.0,-0.14480883244467913,0.34368968096259445
NewMedia23,0.6532815348053806,-0.7748162433469177,1.0,-0.1278249821436528,0.3577101756131109
NewMedia23,0.6531935695992248,-0.7754486559192797,1.0,-0.12407143619039407,0.31406327932138023
NewMedia23,0.7068552294594033,-0.7829335647192666,-1.0,-0.05073038873504154,0.31551525201197617
NewMedia23,0.7149292817424611,-0.7820951080507481,1.0,-0.06702995950761037,0.37437893407848044
NewMedia23,0.7159271821139337,-0.7818407829947659,1.0,-0.06821003114903068,0.3479746800597774
NewMedia23,0.7204653215200387,-0.7804630756059431,-1.0,-0.052671431059647666,0.37429681737104326
NewMedia23,0.7244799958468886,-0.7808064824328708,1.0,-0.06323860805554171,0.361435288068676
NewMedia23,0.7177903140213655,-0.7796205388563124,-1.0,-0.06786924158118812,0.2897613996419526
NewMedia23,0.716472277981588,-0.7801169487249406,1.0,-0.08287208374458077,0.26813017924304283
NewMedia23,0.7164650677187883,-0.7798605836284025,1.0,-0.10068441454809607,0.2079871562004414
NewMedia23,0.7159502549548928,-0.7801074285356793,1.0,-0.10984144643838456,0.21959080684797372
NewMedia23,0.7159488129023326,-0.7802604315773798,1.0,-0.10729713636848481,0.2460286540651737
NewMedia23,0.7153258461964422,-0.7803950742540762,1.0,-0.1150272807179804,0.17896356584336925
NewMedia23,0.7160252416880091,-0.7800401071973311,1.0,-0.11754350670305003,0.22083282204796295
NewMedia23,0.7168010659652522,-0.7797443013167101,1.0,-0.11051492439575339,0.22841462031987292
NewMedia23,0.7133574444521353,-0.7772989727035774,1.0,-0.11128021570737467,0.24209545040780767
NewMedia23,0.7133963798712535,-0.7782809122245351,1.0,-0.12333368888504836,0.23194937131728732
NewMedia23,0.7135232804965277,-0.7788099627420593,1.0,-0.10191309325941467,0.25711814214682005
NewMedia23,0.7129262707367159,-0.7792784920564221,1.0,-0.10717345837952119,0.3151895846154351
NewMedia23,0.7120913223045153,-0.780239351158301,1.0,-0.06446458637408814,0.29038100752534324
NewMedia23,0.6153440160586974,-0.8399975791518736,-1.0,-0.5402635313306321,-0.7520000783841299
NewMedia23,0.6365955446344109,-0.8218847390686127,1.0,-0.037305656107680885,0.340704552018368
NewMedia23,0.6362018642855496,-0.8250039610787463,1.0,-0.018796083890401882,0.3674363397224176
NewMedia23,0.6429376917929905,-0.8234236096613601,-1.0,-0.027740324830246577,0.4704526823469144
NewMedia23,0.6651669320043376,-0.8281211430483237,1.0,-0.08683464009840247,0.4142251332180278
NewMedia23,0.6653226736808102,-0.826888958552496,1.0,-0.08891232229727808,0.4505300493493418
NewMedia23,0.6697310283565217,-0.8297416152633115,-1.0,-0.11323638023150473,0.4108014264045341
NewMedia23,0.6705284834221639,-0.8285461514974918,1.0,-0.08555303368875011,0.4087447761409906
NewMedia23,0.6864199026326112,-0.8298130166827716,1.0,-0.13259981664333076,0.358070369352552
NewMedia23,0.687058731916661,-0.8299041384942732,1.0,-0.13789366663381197,0.40449337024230503
NewMedia23,0.686931831291387,-0.8296504934518099,1.0,-0.13211860665133746,0.36984385228137495
NewMedia23,0.7125513370711336,-0.8313328468969963,1.0,-0.20369035676239122,0.3755211028273808
NewMedia23,0.7124345308137792,-0.830694994216485,1.0,-0.2013545170144998,0.37390209728870216
NewMedia23,0.7125801781223322,-0.8310676416247155,1.0,-0.17629595224625427,0.39142841546014995
NewMedia23,0.7015758750374934,-0.8301217428202472,1.0,-0.03506324994970522,0.49655646386794894
NewMedia23,0.6813712766202902,-0.8250719624306131,1.0,-0.009167563422099678,0.4997711463352388
NewMedia23,0.6804512470870538,-0.8239832607872244,1.0,-0.01641649777960208,0.4694047611826859
NewMedia23,0.697933250271106,-0.778798402512242,-1.0,-0.07115345927065109,0.4371823518131699
NewMedia23,0.6931845711912508,-0.7681038299041385,1.0,-0.015673349688712257,0.4918758115440227
NewMedia23,0.694746314113657,-0.7813083324096484,1.0,-0.0921776372373363,0.4707447565449583
NewMedia23,0.6987292632841882,-0.7885980773297774,-1.0,-0.0524559397164317,0.4313875250724237
NewMedia23,0.699787729863178,-0.7883444322873139,1.0,-0.044133869271285486,0.44303876608449366
NewMedia23,0.7226976188828131,-0.7895432961207269,-1.0,-0.026899962599560068,0.44065084955799305
NewMedia23,0.7218655545557326,-0.7873944534017336,1.0,-0.03664676027128144,0.40589308684635017
NewMedia23,0.7215050414157493,-0.7864213540565186,1.0,-0.04642920312759491,0.42247972860428207
NewMedia23,0.7136415288064419,-0.7815123364652489,1.0,-0.025977508428600915,0.367660294379065
NewMedia7,0.7133675388200549,-0.7810240867588447,1.0,-0.07194953505987456,0.29136920744779893
NewMedia7,0.6722776931773609,-0.836771595019309,1.0,0.001596202167605254,0.49332498480141074
NewMedia7,0.6722358736531229,-0.8365179499768456,1.0,-0.017674880811414106,0.5196676512895357
NewMedia7,0.6707534436215132,-0.8364989095983228,1.0,-0.009438682856421465,0.30835430186568225
NewMedia7,0.6546990724717934,-0.8347152341388546,1.0,-0.03047312231564081,0.32761533548174304
NewMedia7,0.6546457165270758,-0.8353483267247352,1.0,-0.016388953773326276,0.30755179767936336
NewMedia7,0.6544813225352437,-0.8356672530649909,1.0,-0.011735096869839756,0.4664784203358294
NewMedia7,0.6544048937495675,-0.8359868594187653,1.0,-0.05552628629834211,0.5171360305250199
NewMedia7,0.6648814055974712,-0.8342358246081932,1.0,-0.05478799891444219,0.51392134805773
NewMedia7,0.6645540596663668,-0.8339801395251738,1.0,-0.03236177702046772,0.5080070788334392
NewMedia7,0.6648323758104335,-0.8388034754130912,1.0,-0.14797531300927724,0.5648150437808028
NewMedia7,0.6645886689278051,-0.8404008271684441,1.0,-0.06872580616850732,0.5291073400672146
NewMedia7,0.6857897256639209,-0.8126868762150992,1.0,-0.03901338449677505,0.4385326117638717
NewMedia7,0.6863160748482962,-0.8115090928007649,1.0,-0.0666076180780496,0.4498404556357489
NewMedia7,0.6645338709305277,-0.7853890935351795,-1.0,-0.10387789904041544,0.47279207536447454
NewMedia7,0.6634350268798597,-0.7860704670808856,1.0,-0.08497028892852476,0.487024393794403
NewMedia7,0.6637392999700054,-0.7857168600511778,1.0,-0.09892807908910362,0.4797300039985237
NewMedia7,0.6793033732493483,-0.8073134093905787,-1.0,-0.058460533084537136,0.41716547123092496
NewMedia7,0.678400648346831,-0.8114948125168728,1.0,-0.08214081738188816,0.42448039020366357
NewMedia7,0.678358828822593,-0.8121768660760975,1.0,-0.11737500219406916,0.38915714198398654
NewMedia7,0.6850254378071572,-0.8131336450968645,1.0,-0.11358257058489163,0.3622200625113434
NewMedia7,0.6855734177799313,-0.8134090505719254,1.0,-0.11091134205470188,0.3710840011925587
NewMedia7,0.6666277312475486,-0.8111296452573478,1.0,-0.07357355127303267,0.39601761963261195
NewMedia7,0.6658100874460671,-0.8107529177680052,1.0,-0.07776186046260425,0.3988301168623394
NewMedia7,0.6752281327149812,-0.8207926373576306,-1.0,-0.04012702647600097,0.45205294101454285
NewMedia7,0.6746758265845274,-0.8205872732749927,1.0,-0.020538377306979383,0.5123881918040996
NewMedia7,0.6668440391315382,-0.8230081214014535,1.0,-0.027319063557794565,0.49390726690869324
NewMedia7,0.6670214115964097,-0.8247441959146148,1.0,0.012490126688927017,0.44292398932296173
NewMedia7,0.6887617959899401,-0.8130955643398191,1.0,-0.06342925578525405,0.4612938700344471
NewMedia7,0.6878244618259848,-0.8143080284436055,1.0,-0.04749099756559594,0.43777209907567394
NewMedia7,0.6803661659860181,-0.8141026643609675,1.0,-0.061193870648485804,0.4580997167440166
NewMedia7,0.667550644885905,-0.8330233605044068,-1.0,0.039857527277342486,0.6337912117393298
NewMedia7,0.664569922244526,-0.8357270942546338,1.0,0.0367871806954323,0.6491740972177835
NewMedia7,0.664549733508687,-0.8362935455156848,1.0,0.025444990973937154,0.6424554575183681
NewMedia7,0.6644531159871716,-0.8368368763171012,1.0,0.0253807216259605,0.6428893696656217
NewMedia7,0.6641200018458273,-0.8375855712011555,1.0,0.023953834085167713,0.6470306645247892
NewMedia7,0.6646982649223598,-0.8393522463226569,1.0,0.006596249424478895,0.6500325900682642
NewMedia7,0.687459622528322,-0.8107352374165199,1.0,-0.05278430747752261,0.4797178731212888
NewMedia7,0.6873586788491268,-0.8099294213968974,1.0,-0.0586387590074976,0.5254960712287788
NewMedia7,0.6623030156203134,-0.8101259453037926,-1.0,0.012461502525542345,0.51716029227949
NewMedia7,0.6624313582981474,-0.8113669699753632,1.0,-0.01729898613753378,0.4928761423437138
NewMedia7,0.6638517800696799,-0.8058581804606275,1.0,0.009288541018291019,0.43609430543962535
NewMedia7,0.6630572091091576,-0.8065993951959765,1.0,0.041492345061589164,0.5344701209495117
NewMedia7,0.6527508594633256,-0.8384512284104207,1.0,-0.003207796574011823,0.6275941997610219
NewMedia7,0.6531661706005862,-0.837432568159455,1.0,0.0138732678668112,0.37848663573915076
NewMedia7,0.6627053482845342,-0.8380915012590451,1.0,0.0021713858280687504,0.6210052671335811
NewMedia7,0.6626462241295772,-0.8369313981961961,1.0,-0.02825826016394084,0.5888696401935158
NewMedia7,0.651271313536836,-0.8406055112375634,-1.0,-0.005959496808810805,0.5266606354433441
NewMedia7,0.6487953092914331,-0.8409686384565325,1.0,-0.006270041977605723,0.6174826470134014
NewMedia7,0.6666205209847489,-0.7858202221060154,-1.0,-0.7463780306845631,0.1854535851641239
NewMedia7,0.6153440160586974,-0.8399975791518736,-1.0,-0.7463780306845631,0.1854535851641239
NewMedia7,0.6648006506541151,-0.7896752187433487,1.0,0.010791579635258008,0.5001238749194581
NewMedia7,0.6650025380125055,-0.789274010767334,1.0,-0.02698853548248603,0.5135406251414296
NewMedia7,0.6637306476546458,-0.7891257678202643,1.0,-0.014119543687629466,0.50053632474545
NewMedia7,0.6625423963452619,-0.7887279599118431,1.0,-0.03019606201722036,0.4871643654548077
NewMedia7,0.6620895918414436,-0.7882777909624843,1.0,-0.011568752675076621,0.49545815290597517
NewMedia7,0.670584723472001,-0.7887068794927643,1.0,-0.08984773835354354,0.48199194603066053
NewMedia7,0.6670084331233703,-0.7974974142485953,-1.0,-0.08169417241737809,0.33859564566827394
NewMedia7,0.6657206801873514,-0.8000012240243336,1.0,-0.13396621538602793,0.3448038553794144
NewMedia7,0.6667517477677025,-0.7992334887617566,1.0,-0.16359222448905197,0.2964949696518113
NewMedia7,0.6769485014189798,-0.797600776303433,1.0,-0.16852314169095894,0.27099026683730787
NewMedia7,0.6779363074225329,-0.7984222326339847,1.0,-0.17939978369853893,0.29316924300060054
NewMedia7,0.6880854733393322,-0.7999005820235706,1.0,-0.15780690301404343,0.2883187583953837
NewMedia7,0.6892549779654369,-0.7996095362375804,1.0,-0.15289164809021483,0.20406421713150502
NewMedia7,0.6996074732931865,-0.7972648496252106,1.0,-0.18224275720903604,0.1486951608530993
NewMedia7,0.701306211208786,-0.7995524151020122,1.0,-0.14675797594760165,0.1894614403737056
NewMedia7,0.7116760111672551,-0.810663155983541,1.0,-0.15206586798049782,0.22349788246206437
NewMedia7,0.7096254124270323,-0.8105237532122138,1.0,-0.16592536384417123,0.17727270818568264
NewMedia7,0.6597722133776331,-0.8105890345100061,1.0,-0.08919154290991638,0.23697248763700318
NewMedia7,0.6602178076186522,-0.811326169164243,1.0,-0.10075570491728025,0.28221226142413713
NewMedia7,0.6661258969566923,-0.8143474692276882,1.0,-0.07735032060413183,0.29379351660600483
NewMedia7,0.6661864631642094,-0.8152070063152855,1.0,-0.09531009285300551,0.3554277044041152
NewMedia7,0.6565261530652269,-0.8348553169237005,1.0,-0.08719865304408525,0.3977495356440168
NewMedia7,0.657542800119979,-0.8345139501373288,1.0,-0.06783683686792241,0.44478841183954954
NewMedia7,0.6496980341939502,-0.8348641570994432,1.0,-0.1887480033970942,-0.08502858454591555
NewMedia7,0.6153440160586974,-0.8399975791518736,-1.0,-0.5867140675611268,-0.08502858454591555
NewMedia7,0.6620102789506472,-0.8091698462965444,-1.0,-0.03468519496160716,0.45612145061029974
NewMedia7,0.6610484298931729,-0.8111908464740278,1.0,-0.04182287313689792,0.4023172774952164
NewMedia7,0.6612286864631642,-0.8112792482314548,1.0,-0.025462813566233367,0.4244337329835288
NewMedia7,0.6651727002145773,-0.8121591857246122,1.0,-0.04063362016005234,0.43324448243379
NewMedia7,0.6660177430146974,-0.812734477161406,1.0,-0.02294982805249035,0.43853634434148225
NewMedia7,0.7071652707597886,-0.8096716962733219,-1.0,-0.039420063648257564,0.3783709258332164
NewMedia7,0.7075430885304907,-0.8106624759700223,1.0,-0.03556984363375659,0.39007255664303186
NewMedia7,0.7072561200710645,-0.8104686721172016,1.0,-0.033132469117633234,0.3852789938463794
NewMedia7,0.7062106319651138,-0.8106114749561222,1.0,-0.055222762150754834,0.4102499380625404
NewMedia7,0.6634234904593803,-0.8134648116804561,1.0,-0.052993317878085255,0.3980584064413093
NewMedia7,0.66300673726956,-0.8140591434957727,1.0,-0.07366914517716605,0.33687865996731214
NewMedia7,0.6632316974689092,-0.8138714597646202,1.0,-0.07506470816180211,0.40599853216385484
NewMedia7,0.6869577882374658,-0.8133594095850626,1.0,-0.11923989344250119,0.34989695752933225
NewMedia7,0.68855269836875,-0.8126331551471243,1.0,-0.10899082271516392,0.37744991230775504
NewMedia7,0.6952697791929121,-0.8135076525321323,-1.0,-0.07069493257794346,0.35384415835273897
NewMedia7,0.7056467894141807,-0.8119041806551114,1.0,-0.041479923254837514,0.38661152405343024
NewMedia7,0.7064096352183846,-0.8114485715976033,1.0,-0.04239049569759912,0.3750526643372274
NewMedia7,0.7062971551187098,-0.810884840390627,1.0,-0.034509669431418866,0.39620984737956744
NewMedia7,0.7151585680994901,-0.8216317740396679,1.0,0.03131780517476246,0.4853624636132008
NewMedia7,0.7155032186613137,-0.8218847390686127,1.0,0.030933809322565953,0.525328105236293
NewMedia7,0.7034144920514063,-0.8217398961891362,1.0,0.019468481690662065,0.500446742882791
NewMedia7,0.70038041346531,-0.8227816768997368,1.0,0.04970856011006797,0.5151353689256384
NewMedia7,0.6921607138736994,-0.8225987532632149,1.0,0.023065944941691674,0.500289974623138
NewMedia7,0.6997228374979811,-0.8208626787500536,-1.0,0.023040021171079283,0.49980473953373594
NewMedia7,0.7018902424955586,-0.8192524067378459,1.0,0.04323679879238429,0.47099950496689424
NewMedia7,0.7077233451004823,-0.8309391190696871,1.0,0.0458783230020805,0.5838455907293971
NewMedia7,0.7059770194504051,-0.8299864201300322,1.0,0.027845100069805007,0.57908842056445
NewMedia7,0.6918189474169953,-0.8306589534999955,1.0,0.019999918988216736,0.5387737829347485
NewMedia7,0.6914137306476547,-0.8307922361496547,1.0,0.03182331870170518,0.5816200413289658
NewMedia7,0.6989196142220993,-0.8307786358792812,-1.0,0.010488055487670733,0.5043892779841841
NewMedia7,0.6985735216077156,-0.8308643175826336,1.0,0.02255881117908598,0.5032172486143975
NewMedia7,0.6986124570268337,-0.8308357570148495,1.0,0.014728212218467096,0.5000380256344101
NewMedia7,0.7049199949239748,-0.8313246867347723,-1.0,-0.02818480948053903,0.4277790556671961
NewMedia7,0.7045695761519117,-0.8324813897300278,1.0,-0.032168428897983325,0.48760480961288066
NewMedia7,0.7129334809995156,-0.8345737913269716,-1.0,-0.050708785592864514,0.47964788729108654
NewMedia7,0.7150273413165362,-0.8319067783067527,1.0,-0.009496471261745021,0.48653449298298734
NewMedia7,0.7182070672111858,-0.8327595152591634,1.0,-0.13948635829081346,0.5267474178727949
NewMedia7,0.7267743014697399,-0.8337502949558637,1.0,-0.14391662267276772,0.4777825316300961
NewMedia7,0.7257908216238667,-0.8337808955642039,1.0,-0.15845283696513657,0.4191549350974739
NewMedia7,0.7070700952908331,-0.8392958052006074,1.0,-0.07928218159331268,0.4061814284667833
NewMedia7,0.6951803719341962,-0.8178549789569817,-1.0,-0.08138470740569215,0.289403072191317
NewMedia7,0.6905932027410535,-0.8123577496720635,1.0,-0.09636540634835344,0.25031831888437006
NewMedia7,0.6909248748298378,-0.812003462628837,1.0,-0.12597467301619025,0.28832249097299445
NewMedia7,0.7033827668950878,-0.7967861201080677,-1.0,-0.10985656863790849,0.23525736822484689
NewMedia7,0.7064081931658244,-0.7928094010508929,1.0,-0.08336895601465244,0.21907011227126905
NewMedia7,0.7067888950416465,-0.7935057348940097,1.0,-0.06223892265129971,0.2813752308949182
NewMedia7,0.7053944302161927,-0.7935519758132792,1.0,-0.08880106611506655,0.2516909743007367
NewMedia7,0.6946049929627836,-0.8157761776304113,1.0,-0.06918919356820452,0.3137105507371609
NewMedia7,0.6921967651876977,-0.814505912377538,1.0,-0.03486882167011185,0.4031804360677109
NewMedia7,0.6669752659144923,-0.8149676415567142,1.0,-0.04447681915334589,0.41797450742806275
NewMedia7,0.6666262891949886,-0.8142985082543441,1.0,-0.04246826700943662,0.3884022281622048
NewMedia7,0.6936344915899497,-0.8148153185285323,-1.0,-0.0816423248761533,0.3793899195209611
NewMedia7,0.6929250017304631,-0.8121489855218321,1.0,-0.06057818109644053,0.38466125225179426
NewMedia7,0.6153440160586974,-0.8399975791518736,-1.0,-0.4992008187590885,-0.570078911356414
NewMedia7,0.7089418795136246,-0.7938369014776014,-1.0,-0.032276984687422794,0.40972737719703045
NewMedia7,0.710855483260654,-0.7940565458441313,1.0,-0.025801982898412734,0.42323370928166093
NewMedia7,0.7134252209224521,-0.7794056545844131,1.0,-0.01308961388433949,0.4586353416311646
NewMedia7,0.7132492905101404,-0.7777008606931106,1.0,0.020604266890619227,0.4137492295726528
NewMedia7,0.7147922867492673,-0.7900206656108324,1.0,0.007681267240320144,0.41950299795968005
NewMedia7,0.6686235319904941,-0.7828410828807276,-1.0,0.04143725704903778,0.4641520913399071
NewMedia7,0.6678866431323689,-0.7826397988792018,1.0,0.029913060854701135,0.45412265529972373
NewMedia7,0.6681231397521976,-0.7834224944391894,1.0,0.0002870517516773141,0.397684215535828
NewMedia7,0.6711831752843727,-0.7879867451764941,1.0,-0.01711481935047443,0.3652266537768323
NewMedia7,0.6716994301008283,-0.7894977352149761,1.0,-0.024187148020679672,0.3388065363032833
NewMedia7,0.7097725017881451,-0.7887816809798178,1.0,-0.02462677196398222,0.2722322820372969
NewMedia7,0.7102224221868438,-0.788196189340244,1.0,-0.04093120344354095,0.2849883660221595
NewMedia7,0.7099455480953369,-0.7889693647109705,1.0,-0.04316766873741795,0.22220547746432961
NewMedia7,0.6843274843681502,-0.8132050465163247,-1.0,-0.07210453760499469,0.3500817201210662
NewMedia7,0.684246729424794,-0.8114662519490887,1.0,-0.09605810165088513,0.31564962480596437
NewMedia7,0.6846750190350936,-0.811985102263833,1.0,-0.09162189640483209,0.3425577768021235
NewMedia7,0.6927620497911908,-0.8162773475936702,1.0,-0.06718010134574082,0.2787642928561731
NewMedia7,0.6783977642417112,-0.8134559715047135,-1.0,-0.08425738523668269,0.3127904703561022
NewMedia7,0.6689926974458367,-0.8145337929318035,1.0,-0.054258721931104925,0.3104417458945148
NewMedia7,0.6699675249763504,-0.8114669319626074,1.0,-0.08437080173311207,0.3017299097509394
NewMedia7,0.713074802150389,-0.8090209233359559,-1.0,-0.04410308479368319,0.32981475683889894
NewMedia7,0.7121490044069128,-0.8107875984574573,1.0,-0.018880876223446696,0.3377604814278603
NewMedia7,0.7058804019288893,-0.810474112225351,-1.0,-0.05551602480580797,0.39074442061297354
NewMedia7,0.669782942248679,-0.8126283950524936,1.0,-0.007667765276459626,0.343801658290918
NewMedia7,0.6704145612699293,-0.8129806420551641,1.0,-0.016805894417343148,0.3364279512208095
NewMedia7,0.67061068041808,-0.8136096545599326,1.0,-0.022579334164154252,0.3113692914307953
NewMedia7,0.7182604231559033,-0.809591454678119,1.0,-0.02242811216891505,0.31842759569279244
NewMedia7,0.7183354098890196,-0.8097770983687156,1.0,0.009202668528137448,0.37925368043816765
NewMedia7,0.7179474977503981,-0.8105958346451927,1.0,-0.004976013761201492,0.3818618190437042
NewMedia7,0.7118519415795668,-0.8094819725016134,-1.0,-0.0019558944848528936,0.36595543955533816
NewMedia7,0.6729857409842874,-0.8117620578297097,-1.0,-0.026846494822672096,0.3847825610241449
NewMedia7,0.6645223345100482,-0.8128738799327331,1.0,-0.01690796926412952,0.37623962401745725
NewMedia7,0.6650717565353821,-0.8124026305642956,1.0,-0.044227302861201245,0.3829629294388863
NewMedia7,0.6652101935811356,-0.8124407113213411,1.0,0.0051142738711345,0.43348150111207495
NewMedia7,0.6654120809395263,-0.8126882362421365,1.0,-0.028037908113735188,0.4288792329179756
NewMedia7,0.6651914468978566,-0.8114016506648152,1.0,0.012489586610372472,0.5154162453908502
NewMedia7,0.7125686417018529,-0.8134274109369294,1.0,0.026675289920918832,0.43540844430364345
NewMedia7,0.7111222629842413,-0.8122509875496324,1.0,0.026300475404147594,0.46915374533836074
NewMedia7,0.7109708474654486,-0.8117518576269296,1.0,0.03041209343899065,0.456425655685579
NewMedia7,0.7116846634826146,-0.8112812882720108,1.0,0.032625875433581975,0.41624445770546337
NewMedia7,0.7072590041761841,-0.8091229253637562,1.0,-0.0068932926294130725,0.4372224770224855
NewMedia7,0.6598976719503473,-0.8144222707147418,1.0,0.017782356443744707,0.49923832088129894
NewMedia7,0.661468067188113,-0.810997722634726,-1.0,0.013984524049023062,0.5103558032950264
NewMedia7,0.6655346554071204,-0.8122156268466617,1.0,0.020595625633748504,0.4524308644976349
NewMedia7,0.6696949770425233,-0.8129486814197866,1.0,0.04233918823492866,0.47752218434174365
NewMedia7,0.6670805357513672,-0.8126963964043605,1.0,0.036959465754293985,0.5597228747752871
NewMedia7,0.6602870261415288,-0.8139578214814911,1.0,0.07625180082442995,0.5783503033419168
NewMedia7,0.6801484160494682,-0.8253589281354914,1.0,0.11211085652408137,0.5698586892773778
NewMedia7,0.688342158695,-0.8252304055804629,-1.0,0.0913054103719384,0.5900248729640543
NewMedia7,0.7177210954984887,-0.8236133334330686,1.0,0.10337778629901706,0.5976150695355882
NewMedia7,0.7039379571306614,-0.8195366523886495,1.0,0.10254390501098398,0.5755406055453973
NewMedia7,0.7015556863016543,-0.8197420164712874,1.0,0.10187366752494142,0.5756301874080563
NewMedia7,0.6915968713227658,-0.8196209740649644,1.0,0.060667294057920707,0.5489543883681685
NewMedia7,0.6907071248932881,-0.8207402763166932,1.0,0.07399859309536572,0.6174341235044614
NewMedia7,0.6919400798320297,-0.821539292201129,1.0,0.08765501942257492,0.5716559253969715
NewMedia7,0.6969973581597102,-0.8205920333696234,1.0,0.11441753203003358,0.5573694845916863
NewMedia7,0.69678681848596,-0.8198576187694612,1.0,0.07393972453293318,0.5524956713764022
NewMedia7,0.7045551556263121,-0.8208871592367256,1.0,0.1041684613026963,0.543883681683915
NewMedia7,0.705467974896749,-0.8211455643738197,1.0,0.1255204669519181,0.5031976525819406
NewMedia7,0.7097681756304655,-0.8191857654130164,1.0,0.12357294368465888,0.5281228727223697
NewMedia7,0.7105742830114672,-0.8199943014867135,1.0,0.1115356728636181,0.5725022873702175
NewMedia7,0.7108396206824945,-0.8201214640147046,1.0,0.128496299786804,0.5499565854566646
NewMedia7,0.7299713319951087,-0.8247849967257349,-1.0,0.10953252150525294,0.5769776479255502
NewMedia7,0.7272833460233958,-0.8214128096866566,1.0,0.10560561033602345,0.5664779071064081
NewMedia7,0.7262421840751252,-0.8211448843603011,1.0,0.1200462307242589,0.5656670046204646
NewMedia7,0.7195481760919222,-0.8200051817030123,1.0,0.11722378019882984,0.4909566643073666
NewMedia7,0.7191718003737801,-0.8207246360057638,1.0,0.08240599595211107,0.5248456695800989
NewMedia7,0.7190348053805864,-0.8208347981957881,1.0,0.10068279431243288,0.5221171553466144
NewMedia7,0.7255096213746799,-0.8262327455069807,1.0,0.09342899924794046,0.5188072921502496
NewMedia7,0.7078199626219976,-0.8115648539092957,-1.0,0.041959513011167404,0.411293193504755
NewMedia7,0.7082453681271776,-0.8112554477583014,1.0,0.046628492114177966,0.44614427065666784
NewMedia7,0.6580157933596362,-0.7838434228072454,-1.0,-0.2677955208585089,-0.5313188923016053
NewMedia7,0.6621184328926422,-0.8142169066321039,1.0,0.06806799048921652,0.4393481799718284
NewMedia7,0.6619886481622483,-0.8139075004811096,1.0,0.0531240168882563,0.45149585380613266
NewMedia7,0.7134555040262107,-0.8098484997881759,1.0,0.06968930630960268,0.47153512985404245
NewMedia7,0.7138073648508341,-0.8104890725227617,1.0,0.03938117799233898,0.47671781386661904
NewMedia7,0.7136977688562793,-0.8102476677236343,1.0,0.04942123831911349,0.4688290110862223
NewMedia7,0.713602593387324,-0.8104530318062723,1.0,0.029701350061366538,0.43554561653084
NewMedia7,0.7133560023995755,-0.8104571118873843,1.0,0.031353450359354884,0.44057339857256905
NewMedia7,0.6635893265037724,-0.8125304731058054,1.0,0.013781454512558744,0.42713798546254367
NewMedia7,0.6628668581712465,-0.8126447153769417,1.0,0.03866827430049713,0.39922297065587475
NewMedia7,0.6704506125839274,-0.81232374899613,-1.0,0.035541759548926466,0.35317975953801906
NewMedia7,0.6701751805449805,-0.8125875942413735,1.0,-0.016254474213274417,0.4203624239545636
NewMedia7,0.6966656860709262,-0.812122464994604,1.0,0.015964992108101983,0.3866432509631217
NewMedia7,0.6960989594148728,-0.8123570696585448,1.0,0.012810393271701415,0.3988301168623394
NewMedia7,0.696201345146628,-0.8130717638666657,1.0,0.013591886939955389,0.40483770052690016
NewMedia7,0.69637006529614,-0.8130758439477777,1.0,0.009905310727445382,0.42958842266402497
NewMedia7,0.6967118317528436,-0.8139857020357565,1.0,0.020164102868762246,0.43662433146035706
NewMedia7,0.6909248748298378,-0.8105189931175831,1.0,-0.0016745135579970816,0.4865699524702902
NewMedia7,0.6953793751874668,-0.8158475790498715,-1.0,0.09707885011874962,0.5433321933419213
NewMedia7,0.7110270875152858,-0.8251304435932186,1.0,0.07909909496336232,0.5521784022794853
NewMedia7,0.7100811010359704,-0.824289946884144,1.0,0.09576429891727756,0.5473055222086036
NewMedia7,0.70270067603424,-0.8253684483247528,1.0,0.09347004521807678,0.5515345326416246
NewMedia7,0.6954702244987425,-0.8251617242150774,1.0,0.10036414796532167,0.5373619354534687
NewMedia7,0.7125455688608937,-0.7859582648503052,1.0,0.02417634644959099,0.43680816090768837
NewMedia7,0.7117207147966129,-0.784571037272221,1.0,0.028579606903823995,0.4263214841101839
NewMedia7,0.711381832445029,-0.784595517758893,1.0,0.012706158110697086,0.3974294671138918
NewMedia7,0.7112909831337533,-0.7843609130949524,1.0,0.02193826092005091,0.4215829768332906
NewMedia7,0.7097782699983848,-0.7769990867418444,1.0,-0.006407762008984297,0.41071184454187515
NewMedia7,0.7114380724948663,-0.7780687480067103,1.0,-0.015402770332945015,0.33757758512493163
NewMedia7,0.7125152857571353,-0.7880493064202116,1.0,-0.041288735446570746,0.29136734115899343
NewMedia7,0.7119932627304402,-0.7876793790660559,1.0,-0.04063091976728017,0.2692172924721843
NewMedia7,0.7123061881359452,-0.7881254679343025,1.0,-0.06805394844680157,0.2845404567088652
NewMedia7,0.6650558939572231,-0.7774920965428793,1.0,-0.016205327064821584,0.3605012105215766
NewMedia7,0.6663768141021205,-0.7765489177924857,1.0,-0.01190522161448393,0.34797001433776376
NewMedia7,0.6666983918229852,-0.7762313514792674,1.0,-0.02461489023578478,0.4032168286994162
NewMedia7,0.6715523407397153,-0.7761490698435085,1.0,-0.02283425124184313,0.44871228405288877
NewMedia7,0.6686768879352114,-0.7766189591849086,1.0,-0.009632571057460293,0.4053080053058593
NewMedia7,0.6568650354168108,-0.7775145369889953,1.0,-0.06304147938317628,0.41807622016795687
NewMedia7,0.646767783392169,-0.7750726084434558,1.0,-0.0659984094686572,0.40007586463993916
NewMedia7,0.6487938672388733,-0.7754119351892715,1.0,-0.08321989433363075,0.43313530453867477
NewMedia7,0.657015008883044,-0.7724776768562158,1.0,-0.09768535833536984,-0.755266083793568
NewMedia7,0.6153440160586974,-0.8399975791518736,-1.0,-0.09768535833536984,-0.755266083793568
NewMedia7,0.7007885143397707,-0.7884947152749396,1.0,-0.05341727954330955,0.39361290650686254
NewMedia7,0.702410823469694,-0.7885450362753211,1.0,-0.006162566345275011,0.40763713373499
NewMedia7,0.7136631595948411,-0.7883899931930647,1.0,0.019391250457378995,0.45942384865144326
NewMedia7,0.7128469578459196,-0.7886844390466483,1.0,0.012538733758825193,0.46280276453360747
NewMedia7,0.6988114602801043,-0.7888442422235354,1.0,0.025939702929790975,0.5424065140944465
NewMedia7,0.668877333241042,-0.7886477183166402,1.0,0.018116124990379845,0.4618210966219707
NewMedia7,0.668325027110588,-0.7886245978570054,1.0,-0.0046163214439539635,0.45046566238555585
NewMedia7,0.6651453012159387,-0.7857406605243312,-1.0,0.01015914764802539,0.44068537590089285
NewMedia7,0.6623621397752706,-0.7782550717108256,1.0,-0.009330127066981997,0.3973706790165217
NewMedia7,0.6628062919637294,-0.7904069132894362,-1.0,-0.0679858985489441,0.4387836276081971
NewMedia7,0.6628654161186867,-0.7912548901472161,1.0,-0.08226125489952518,0.4405314070744477
NewMedia7,0.6729568999330888,-0.7784223550364181,-1.0,-0.04402747379606353,0.4798027892619343
NewMedia7,0.6735986133222582,-0.7791146087984229,1.0,-0.02556380825591098,0.5159901291985083
NewMedia7,0.6680668997023604,-0.7861221481083044,-1.0,-0.057634752974820125,0.46346996278153574
NewMedia7,0.6663335525253224,-0.7895283358233162,1.0,-0.04272102377290787,0.44656138620467334
NewMedia7,0.6658951685471033,-0.7896480182026019,1.0,-0.03183952105833798,0.4740844803622095
NewMedia7,0.6629519392722827,-0.7907598403056253,1.0,-0.02014141956947646,0.5334809878826536
NewMedia7,0.6622698484114349,-0.7899785047726748,1.0,-0.008782487412794082,0.44603229332834404
NewMedia7,0.6895015689531854,-0.8138993403188856,1.0,-0.0167794305681761,0.45078573091568064
NewMedia7,0.6894554232712675,-0.8143760297954723,1.0,-0.02526244442254133,0.46252188806839567
NewMedia7,0.6830339632218916,-0.8129935623120188,1.0,-0.00012718849956738776,0.48240999472306845
NewMedia7,0.6689537620267183,-0.8142121465374732,-1.0,-0.015387648133421084,0.4644749593032398
NewMedia7,0.6654279435176853,-0.8142917081191574,1.0,0.0030754773281773673,0.4963782332870341
NewMedia7,0.6647213377633188,-0.8141747457939463,1.0,0.011155052502386464,0.47324371725537984
NewMedia7,0.6639368611707159,-0.8095050929612481,1.0,0.014536484331646005,0.47483379531757475
NewMedia7,0.6626692969705359,-0.8161807856740192,1.0,6.075883737288734e-05,0.4965424667019085
NewMedia7,0.6630528829514779,-0.8140829439689261,1.0,0.007759038552157316,0.4417547593863831
NewMedia7,0.6656312729286358,-0.8136606555738328,1.0,-0.01282335515700761,0.4653689116410231
NewMedia7,0.664569922244526,-0.8143168686193482,1.0,-0.012732621959864132,0.5149216788574207
NewMedia7,0.6771878821439286,-0.8141074244555981,1.0,0.029937364389650334,0.44688612045681175
NewMedia7,0.6954255208693847,-0.8168308785978665,1.0,-0.003247222308484732,0.4363033297858294
NewMedia7,0.7059207794005675,-0.8139503413327858,-1.0,0.02190963675666624,0.43379783706458896
NewMedia7,0.7067845688839667,-0.8141319049422703,1.0,-0.0007320764805240909,0.3965765731298272
NewMedia7,0.7067124662559701,-0.8135525334243645,1.0,0.01182258959565674,0.4306316781062396
NewMedia7,0.7055472877875453,-0.8106577158753916,-1.0,-0.006482832928049409,0.4096042021358741
NewMedia7,0.6869520200272261,-0.8147058363520266,1.0,-0.09350785071688672,0.39816571804761924
NewMedia7,0.6860680418079879,-0.815160765396016,1.0,-0.10229708911161128,0.4180603567131109
NewMedia7,0.6581210631965113,-0.7921144272348134,1.0,-0.3090618430450709,0.10156763593931006
NewMedia7,0.6608263537989434,-0.7873339321985722,1.0,-0.2751891962685974,0.23500728552492411
NewMedia7,0.661127742783969,-0.7864689550028254,1.0,-0.24686207608896726,0.27330913067800866
NewMedia7,0.6648612168616321,-0.7802257508879277,1.0,-0.2305608850807349,0.3245200954979981
NewMedia1,0.626140663574906,-0.7995041341421868,1.0,-0.12162488033884533,0.3377539494170416
NewMedia1,0.6656226206132763,-0.7924415137372931,-1.0,-0.09309739101552317,0.5124983028436176
NewMedia1,0.6648006506541151,-0.7928454417673824,1.0,-0.04658852630115062,0.5136264744264778
NewMedia1,0.6647645993401168,-0.7924761944267452,1.0,-0.03479429082960128,0.48106440049438004
NewMedia1,0.6618473270113749,-0.7942843503728854,-1.0,-0.4585161611756431,-0.26512732055516486
NewMedia1,0.6424041323458156,-0.8256465738538882,-1.0,0.02538180178306937,0.4949803829717945
NewMedia1,0.6494312544703631,-0.8349865595328035,1.0,-0.0267914068101206,0.33555079548227473
NewMedia1,0.6437885028033503,-0.8393944071608144,1.0,-0.16925764852497804,0.28479520513080137
NewMedia1,0.643556332341201,-0.8394365679989718,1.0,-0.18500093838648834,0.2901010642045343
NewMedia1,0.6505848965183083,-0.8361561827849138,-1.0,-0.19233790554836205,0.2723386604992042
NewMedia1,0.650821393138137,-0.8390680006718534,1.0,-0.21220955587990287,0.2457319141451162
NewMedia1,0.6566155603239425,-0.8393250457819101,-1.0,-0.22283776175244696,0.28135843429566965
NewMedia1,0.6578629357882837,-0.8393012453087567,1.0,-0.2154462466565762,0.25483380464901906
NewMedia1,0.6562117856071619,-0.8351980437371095,1.0,-0.09173207242993497,0.26903532931365826
NewMedia1,0.6614752774509127,-0.8358984576613383,1.0,-0.04735975847687046,0.43405258548652514
NewMedia1,0.6708370826699892,-0.8387572344938217,1.0,-0.03862236762337079,0.46990026086051784
NewMedia1,0.6712639302277288,-0.8389809589414637,1.0,-0.05191910163333269,0.479250367775538
NewMedia1,0.6763442813963683,-0.8372986054962772,1.0,0.003260184193790927,0.5118814943934353
NewMedia1,0.6789875637387233,-0.8378290160408388,1.0,-0.12732756979502668,0.5050938020082203
NewMedia1,0.6908412357813618,-0.8408856768072549,1.0,-0.021227517542426577,0.4764901266323611
NewMedia1,0.6895174315313444,-0.837015719872511,1.0,-0.04618076699255902,0.4180342286698353
NewMedia1,0.6880263491843752,-0.8404001471549254,-1.0,-0.1564507657638804,0.40937558175721356
NewMedia1,0.693982026256893,-0.838307065544463,1.0,-0.16689102429948444,0.3693474194591402
NewMedia1,0.6962806580374243,-0.837999019420506,1.0,-0.19020837580826144,0.17379581214123507
NewMedia1,0.7003876237281097,-0.8419396977611915,1.0,-0.20251298551374297,0.33222226939785604
NewMedia1,0.7057044715165779,-0.8405803507373727,-1.0,-0.22974158591367122,0.15231296170235398
NewMedia1,0.7104372880182739,-0.8330981619914604,1.0,-0.2246540459309807,0.11635797472205134
NewMedia1,0.714443310029764,-0.8408666364287322,1.0,-0.23291454742092244,0.12674200563525906
NewMedia1,0.7157036639671444,-0.8452962444893405,1.0,-0.24817878760465706,0.09133384127493671
NewMedia1,0.7166222514478209,-0.841468448392754,-1.0,-0.2596149509946222,0.10422989692020357
NewMedia1,0.6732352160771558,-0.8332994459929863,-1.0,-0.10205945454766385,0.2649546888406662
NewMedia1,0.6513015966405944,-0.8295539315321588,1.0,-0.09737751355934732,0.2166840620335737
NewMedia1,0.6515885651000208,-0.8287127548095656,1.0,-0.133286256486006,0.2696959955507676
NewMedia1,0.6462875798897119,-0.8288494375268181,1.0,-0.11433706032542434,0.0876245922742176
NewMedia1,0.6447416995454651,-0.8374686088759444,1.0,-0.23416266896020033,0.07188711192273955
NewMedia1,0.644806591910662,-0.8373305661316547,1.0,-0.25440535325863145,0.07967140253003446
NewMedia1,0.6446508502341892,-0.8380439003127382,1.0,-0.2858357648119919,0.0974198090693239
NewMedia1,0.6532728824900209,-0.8444135869421084,1.0,-0.26047583621037684,0.11802177119205925
NewMedia1,0.6554388454350386,-0.8359392584724584,1.0,-0.24857898581348647,0.14879127472657716
NewMedia1,0.6550927528206547,-0.8355611709560786,1.0,-0.22651569670808613,0.16655554472071255
NewMedia1,0.6556320804780693,-0.8356631729838789,1.0,-0.22675819197902336,0.20878219523153896
NewMedia1,0.6583489075009807,-0.8397656945420074,-1.0,-0.19242107764574357,0.1896835287415477
NewMedia1,0.6583878429200987,-0.8383342660852098,1.0,-0.19013816559618602,0.21283017565043671
NewMedia1,0.6719676518769755,-0.838496109302653,1.0,-0.17378134649684807,0.3631420091812081
NewMedia1,0.6722575044415218,-0.8436716921932408,1.0,-0.08575610322521421,0.357369577906127
NewMedia1,0.6910835006114302,-0.8382030234761066,1.0,-0.18277635482080867,0.34728881892379526
NewMedia1,0.6927101358990333,-0.8390700407124093,1.0,-0.16814292638864325,0.3934216119043097
NewMedia1,0.6924332618075264,-0.8381214218538664,1.0,-0.18300966875632063,0.34593016067346904
NewMedia1,0.7056929350960985,-0.8395256497699174,1.0,-0.19116323469248608,0.3660104950750971
NewMedia1,0.7071494081816294,-0.8402179035319222,1.0,-0.20795913765657215,0.30453494182544527
NewMedia1,0.7175494912438569,-0.8438532558027254,1.0,-0.2316820881597229,0.10676618340673305
NewMedia1,0.7186137260330865,-0.8438056548564186,1.0,-0.24424971612120983,0.12501848792347836
NewMedia1,0.7168818209086085,-0.8391162816316788,1.0,-0.23533355926619526,0.10268087721172714
NewMedia1,0.648120428693385,-0.8305161506610752,1.0,-0.10092853005469637,0.2597962665825593
NewMedia1,0.6485660229344039,-0.8314749697223981,1.0,-0.07936967431912978,0.26547071769535724
NewMedia1,0.6483670196811333,-0.8313838479108965,1.0,-0.09351325150243106,0.1372669413532741
NewMedia1,0.654729355575552,-0.8348600770183311,1.0,-0.11834606343492671,0.3050826975898282
NewMedia1,0.6571534459287973,-0.8353469666976979,1.0,-0.13021699006120446,0.31845372373606784
NewMedia1,0.665410638886966,-0.8335884517384206,1.0,-0.12159733633256953,0.35311070685221946
NewMedia1,0.6667171385062642,-0.8336469329010261,1.0,-0.11398708942215652,0.3099126530181857
NewMedia1,0.6773162248217623,-0.8340896217016794,1.0,-0.10231599186101625,0.318747664222917
NewMedia1,0.6759606954154267,-0.8338509369566267,1.0,-0.09073886796834607,0.27808589687541274
NewMedia1,0.6683726148450659,-0.8318176965358072,1.0,-0.15937151058621468,0.3034758229283845
NewMedia1,0.6680265222306823,-0.8314899300198089,1.0,-0.1343183466035135,0.3326253877798211
NewMedia1,0.6153440160586974,-0.8399975791518736,-1.0,-0.4833376314584956,-0.5048997079724591
NewMedia1,0.6493029117925291,-0.8256826145703776,-1.0,-0.11191102745894388,0.34950317059139424
NewMedia1,0.6495235458341986,-0.8261858245741925,1.0,-0.09409275579132992,0.33720805994146397
NewMedia1,0.6502388039039246,-0.8272473256768345,1.0,-0.09408303437735033,0.3281817541341796
NewMedia1,0.6510593318105258,-0.8270827624053166,1.0,-0.11014551066452616,0.3481501112074845
NewMedia1,0.6648770794397914,-0.8259689002617372,1.0,-0.14139769629492616,0.3305584729278481
NewMedia1,0.6644949355114096,-0.8273010467448093,1.0,-0.14287643137694384,0.3143198940321219
NewMedia1,0.6615646847096284,-0.8284992305647036,1.0,-0.14204309016746486,0.319387801283167
NewMedia1,0.6714139036939619,-0.8278940185330884,-1.0,-0.13897220350700024,0.3328381447036357
NewMedia1,0.671748459887866,-0.8294131687337944,1.0,-0.10825631588114493,0.3497896459230223
NewMedia1,0.6702256523845782,-0.8285590717543465,1.0,-0.11994847650590779,0.35821407359056723
NewMedia1,0.6605696684432756,-0.827416649042983,-1.0,-0.07939505801118785,0.4060629191276408
NewMedia1,0.6457871876514154,-0.8265890725907631,1.0,-0.07771973433535906,0.3458807040201264
NewMedia1,0.6461895203156365,-0.8263959487514612,1.0,-0.037598918762734024,0.40219876815607414
NewMedia1,0.6553321335456035,-0.8284829102402556,1.0,-0.03800613799277097,0.4387966916298347
NewMedia1,0.657327934288549,-0.825472490393109,-1.0,-0.2793245777598352,0.3691271973801038
NewMedia1,0.648542950093445,-0.8381771829623973,-1.0,-0.2793245777598352,0.6228771548053904
NewMedia1,0.6558123370480609,-0.8258043369902194,1.0,-0.028864768380561068,0.509409594870692
NewMedia1,0.656360317020835,-0.8258050170037381,1.0,0.020670696552813617,0.55930855866049
NewMedia1,0.6655447497750397,-0.8275594518819034,1.0,0.0012192273366160578,0.5323061590796583
NewMedia1,0.6662239565307675,-0.8271664040681129,1.0,-0.03631947266729951,0.4856246771903585
NewMedia1,0.6716388638933113,-0.828280946225211,1.0,-0.05910592695707606,0.3984671236896906
NewMedia1,0.6427747398537182,-0.8212944873344081,-1.0,-0.07794224669978256,0.3288825455806048
NewMedia1,0.6444821300846773,-0.8213862891594285,1.0,-0.07586510457946105,0.33430318141586923
NewMedia1,0.6462212454719549,-0.8221805449492336,1.0,-0.06885866549289599,0.4103861771453341
NewMedia1,0.651076636441245,-0.8232515662411368,1.0,-0.0647529883221516,0.3886439125625034
NewMedia1,0.6538381670935143,-0.8233902889989453,1.0,-0.044417410512358924,0.4295744254979843
NewMedia1,0.6673602939479937,-0.825035241700605,1.0,-0.07413307265541769,0.38473217122639913
NewMedia1,0.6672305092175999,-0.8255921727723947,1.0,-0.09910252446218304,0.38247582806067904
NewMedia1,0.66638402436492,-0.8254133292169848,1.0,-0.09677370573549937,0.3424000753980678
NewMedia1,0.6656990493989525,-0.8250862427145051,1.0,-0.1135642079140411,0.37604273054848836
NewMedia1,0.6650544519046631,-0.8250298015924556,1.0,-0.07605899278049988,0.3868196152552317
NewMedia1,0.6496158371980343,-0.8230224016853456,1.0,-0.07289359237301074,0.3706734176553723
NewMedia1,0.6477397268175631,-0.8220513423806866,1.0,-0.06220921833080628,0.4217108176164601
NewMedia1,0.6481362912715443,-0.8223641485992741,1.0,-0.04952385324445441,0.4348336273515825
NewMedia1,0.6543962414342077,-0.8272881264879546,1.0,-0.03337928501700582,0.46716428147181155
NewMedia1,0.6546010128977182,-0.8264102290353532,1.0,-0.02439993897112336,0.48292882301096784
NewMedia1,0.6642440183659815,-0.8266210332261406,1.0,-0.03006698324271273,0.5012389824806807
NewMedia1,0.6661504118502113,-0.8259328595452478,1.0,-0.031605126965717045,0.47816605397960443
NewMedia1,0.6645007037216493,-0.8255948928264694,1.0,-0.02915425048573317,0.4670569698655014
NewMedia1,0.6559709628296533,-0.8266788343752274,1.0,-0.04889250141433066,0.4496538267552097
NewMedia1,0.6570294294086432,-0.8267250752944968,1.0,-0.0360704964537093,0.4598446967770595
NewMedia1,0.6615372857109896,-0.8269766802964043,1.0,-0.044107945500672985,0.45397148590648695
NewMedia1,0.6610167047368543,-0.8270786823242047,1.0,-0.019722858689796396,0.4743868191486831
NewMedia1,0.6538078839897559,-0.8292594856785753,1.0,0.0027562909025116156,0.519396106268351
NewMedia1,0.6541698391822985,-0.827876338181603,1.0,0.0014536214292368843,0.4957250322051463
NewMedia1,0.6539823723495073,-0.8273200871233319,1.0,0.009788653759689403,0.5109567482903627
NewMedia1,0.6153440160586974,-0.8399975791518736,-1.0,-0.5312361182934058,-0.1529624302066308
NewMedia1,0.6550869846104153,-0.8277498556671307,1.0,-0.02190855659955737,0.520451492587801
NewMedia1,0.6548187628342679,-0.8268365975115586,1.0,-0.03901716504665609,0.5001863955944386
NewMedia1,0.6545101635864423,-0.8272350854334984,1.0,-0.031227612056173637,0.5074238635817536
NewMedia1,0.6563069610761174,-0.823856778272752,1.0,-0.03508647332754544,0.5174672967879772
NewMedia1,0.6684447174730626,-0.8281136628996184,1.0,-0.11709254111010459,0.44560398004750645
NewMedia1,0.6685759442560162,-0.8269787203369603,1.0,-0.10669980948728996,0.4202224522941589
NewMedia1,0.6726410904224638,-0.831674213683368,1.0,-0.12165566481644763,0.37526448811663937
NewMedia1,0.6496446782492329,-0.8240859428285434,1.0,-0.12237883000082372,0.3984083355923205
NewMedia1,0.6476618559793268,-0.8238329777995986,1.0,-0.10820284810425684,0.418754616148717
NewMedia1,0.657056828407282,-0.8229190396305078,1.0,-0.10942558595147667,0.40448217250947294
NewMedia1,0.6569558847280867,-0.8228088774404835,1.0,-0.11045281536199458,0.43255115614258655
NewMedia1,0.6651049237442606,-0.8240777826663195,-1.0,-0.10853499641522857,0.4621047725203906
NewMedia1,0.6681216976996378,-0.8237799367451425,1.0,-0.09768157778548903,0.46869743772544203
NewMedia1,0.6669219099697747,-0.8233780487556093,1.0,-0.08380966011506386,0.46467931792743045
NewMedia1,0.6661460856925314,-0.8231393640105565,1.0,-0.05162907944960593,0.4594462441171079
NewMedia1,0.6506858401975035,-0.8192041257780205,1.0,-0.06119981151258458,0.4847017973760914
NewMedia1,0.6488385708682309,-0.8193986096443597,1.0,-0.04412360777875135,0.45679424772464405
NewMedia1,0.6560012459334119,-0.819256486818958,-1.0,-0.06289997880191678,0.505408271671929
NewMedia1,0.6567972589464941,-0.8188627589916487,1.0,-0.028804279582465342,0.46259094075419527
NewMedia1,0.6578211162640457,-0.8186723552064215,1.0,-0.033876697365631925,0.45042740346504506
NewMedia1,0.6676025587780623,-0.8193224481302688,1.0,-0.013039926657332224,0.5153415938386343
NewMedia1,0.6682255254839529,-0.8196447745381178,1.0,-0.05879106115984567,0.44484440050371155
NewMedia1,0.6773292032948017,-0.817831858497347,1.0,-0.06550045704147667,0.43296827169059204
NewMedia1,0.6768706305807435,-0.8194006496849158,1.0,-0.05728532215010673,0.3936847586258705
NewMedia1,0.651519346577144,-0.8201588647582314,1.0,-0.0612230348904248,0.38944081788240625
NewMedia1,0.6520630003922383,-0.8194550507664092,1.0,-0.05197364956732953,0.4252660977907341
NewMedia1,0.6578759142613231,-0.8197304562414701,1.0,-0.06454127752881655,0.3970916688401158
NewMedia1,0.6484823838859277,-0.8158400989011662,-1.0,-0.05910646703563038,0.41572749570636947
NewMedia1,0.64759263745645,-0.815791137927822,1.0,-0.04572548077117833,0.37019844715439976
NewMedia1,0.6486467778777603,-0.815124044666008,1.0,-0.02213376935675304,0.4096032689914715
NewMedia1,0.6545332364274015,-0.8141414251315316,1.0,-0.025320232827864775,0.4307875132214898
NewMedia1,0.6558700191504578,-0.8136477353169781,1.0,-0.04019885692373959,0.4327041918246286
NewMedia1,0.663769583073764,-0.8153124084106792,1.0,-0.03650742000423968,0.43153682817685524
NewMedia1,0.6634220484068203,-0.8159869818211987,1.0,-0.08269331774306565,0.3596464502487067
NewMedia1,0.678951512424725,-0.8170437228292099,1.0,-0.07345635422672236,0.3834071061745701
NewMedia1,0.679538427816617,-0.8164609512437108,1.0,-0.10318767864785938,0.3815650791236471
NewMedia1,0.667609769040862,-0.8167832776515597,1.0,-0.07629014640179421,0.3264293089459154
NewMedia1,0.6675218038347062,-0.8160787836462189,1.0,-0.10141244043946196,0.30101978686048714
NewMedia1,0.6625856579220599,-0.8153185285323472,1.0,-0.10645461382358079,0.2730086581803406
NewMedia1,0.677728651853903,-0.8192252061970992,-1.0,-0.1304578650964784,0.2815152025553227
NewMedia1,0.679496608292379,-0.817737336618252,1.0,-0.11629916571365306,0.34506233637896133
NewMedia1,0.6809285664843914,-0.817308248087972,1.0,-0.10651078199324104,0.2966517379114644
NewMedia1,0.6849446828638011,-0.8165017520548308,1.0,-0.1279049137697078,0.35661466408434506
NewMedia1,0.6842784545811127,-0.8164956319331629,1.0,-0.07616268786294966,0.37599887276156174
NewMedia1,0.6836237627189037,-0.8165058321359429,1.0,-0.11006287864569908,0.3093434349325408
NewMedia1,0.6466423248194553,-0.8136586155332768,1.0,-0.06054577638317504,0.4117793617385601
NewMedia1,0.646792298285688,-0.8140312629415073,1.0,-0.0798984112239125,0.3937631427556967
NewMedia1,0.6472465448420666,-0.8132295270029968,1.0,-0.08979589081231876,0.3977905939977353
NewMedia1,0.6476113841397293,-0.8129031205140358,1.0,-0.09451725753510842,0.357750300822427
NewMedia1,0.6633066842020257,-0.8126433553499044,1.0,-0.1010262842730476,0.3532497453682213
NewMedia1,0.6636268198703308,-0.8125665138222948,1.0,-0.09833399267923515,0.3568684793618786
NewMedia1,0.6727723172054174,-0.8135831340327045,1.0,-0.10541874315619204,0.37434720716878855
NewMedia1,0.6726180175815051,-0.8131968863541007,1.0,-0.12969149362774812,0.3682799022624552
NewMedia1,0.6782131815140398,-0.8118756200873274,-1.0,-0.11797935009647165,0.40147184866637353
NewMedia1,0.6869390415541865,-0.8113186890155376,1.0,-0.1281096035418351,0.3134464708711979
NewMedia1,0.6864718165247687,-0.811231647285148,1.0,-0.11780868527327304,0.35833351607411235
NewMedia1,0.6813741607254102,-0.8139884220898311,1.0,-0.11270980364093963,0.2845861807845973
NewMedia1,0.6810958445813433,-0.8131078045831551,1.0,-0.0914317887536743,0.31479113195548347
NewMedia1,0.6793841281927042,-0.8134906521941656,-1.0,-0.19207812776368338,0.25623352125306353
NewMedia1,0.6153440160586974,-0.8399975791518736,-1.0,-0.19207812776368338,0.25623352125306353
NewMedia1,0.6529138114025979,-0.8091848065939551,1.0,-0.1191540209523475,0.36291898766896336
NewMedia1,0.6463178629934705,-0.8074698124998725,1.0,-0.0970896516898383,0.33900716234986317
NewMedia1,0.6474051706236588,-0.8078390598405096,1.0,-0.10098145775303025,0.2837883423202916
NewMedia1,0.6539275743522299,-0.8062287878283021,1.0,-0.13635228243948094,0.3083766973313471
NewMedia1,0.6533464271705776,-0.8074562122294991,1.0,-0.111459521787444,0.3178023889429855
NewMedia1,0.6542650146512541,-0.8078329397188416,1.0,-0.15483809120036518,0.30177470068226864
NewMedia1,0.6587483560600818,-0.8091480858639469,-1.0,-0.163405897387775,0.2556419077017542
NewMedia1,0.6653688193627281,-0.8089638022003878,1.0,-0.17612636758016453,0.24162327934004302
NewMedia1,0.6649419718049883,-0.8084993529671369,1.0,-0.14742011225532747,0.3059243938410605
NewMedia1,0.6643074686786183,-0.8084082311556353,1.0,-0.13200194968358148,0.29804865508230094
NewMedia1,0.6637205532867263,-0.8079900228416541,1.0,-0.147231624839833,0.327285935507591
NewMedia1,0.6729684363535682,-0.8084293115747141,1.0,-0.15181149098136337,0.28540361528135927
NewMedia1,0.6762318012966937,-0.8084082311556353,1.0,-0.13463591279351583,0.2655500349695865
NewMedia1,0.6766139452250757,-0.8089168812675996,1.0,-0.13192957915728842,0.2381967730933412
NewMedia1,0.6724810225883113,-0.8084014310204487,-1.0,-0.16463835664897475,0.28781672670673286
NewMedia1,0.6731025472416419,-0.8076078552441622,1.0,-0.17734694511316673,0.2627617994943292
NewMedia1,0.673669273897695,-0.8088182793073926,1.0,-0.1947650185719514,0.23704527290041355
NewMedia1,0.6528171938810825,-0.8082246275055949,1.0,-0.16899409019041822,0.2684222534410867
NewMedia1,0.6523903463233429,-0.8081273855724251,1.0,-0.15576918662819517,0.26341593372061967
NewMedia1,0.6535641771071274,-0.8079995430309155,1.0,-0.15995533550354912,0.29705392314902657
NewMedia1,0.6528777600885998,-0.8076466160147264,1.0,-0.1478510949417593,0.25062718968166253
NewMedia1,0.6465846427170578,-0.8051856470906642,1.0,-0.140631324826196,0.29029049251828143
NewMedia1,0.6468470962829653,-0.8052264479017843,1.0,-0.15401879203330127,0.28796602981116437
NewMedia1,0.6469783230659192,-0.8046620366812892,1.0,-0.14014255373444062,0.28905780876231946
NewMedia1,0.6522720980134284,-0.8034448124828721,1.0,-0.13011437513586355,0.34303647988070707
NewMedia1,0.6541510924990193,-0.8041404663124703,1.0,-0.1330216179943372,0.31806273623133796
NewMedia1,0.659545811125724,-0.8048272799663257,1.0,-0.13370967807267564,0.31615912164983695
NewMedia1,0.6593626704506126,-0.8048633206828152,1.0,-0.14746547885389927,0.33548174279647536
NewMedia1,0.6581052006183523,-0.8048640006963339,1.0,-0.15655932155332009,0.24951301526484282
NewMedia1,0.6651885627927367,-0.8061730267197712,-1.0,-0.1413852744881744,0.2749020081734119
NewMedia1,0.6637969820724026,-0.8052958092806886,1.0,-0.1913733252501577,0.2809805108125776
NewMedia1,0.6479401721233935,-0.8000175443487816,1.0,-0.19927845505128716,0.24373778455655337
NewMedia1,0.6600188043653814,-0.7997890598065089,1.0,-0.21362564184960708,0.16265033539542717
NewMedia1,0.6615315175007499,-0.7999719834430308,1.0,-0.2303913004146454,0.14795797677496902
NewMedia1,0.6619107773240118,-0.7993382108436315,1.0,-0.23539350798573655,0.16926819549935113
NewMedia1,0.667925578551487,-0.8009457628017644,1.0,-0.2252146474704747,0.16541430911621435
NewMedia1,0.6717196188366674,-0.7992504890997233,1.0,-0.2425700718169458,0.16338098746273855
NewMedia1,0.6812198611014975,-0.8006608371374423,1.0,-0.25400731536401966,0.19206118067961842
NewMedia1,0.6819322350661037,-0.8011218863030998,1.0,-0.27818231161722473,0.15368841655192877
NewMedia1,0.6974443944532891,-0.80167337726674,1.0,-0.26119090021643654,0.08883954628652879
NewMedia1,0.6975453381324843,-0.8005846756233514,1.0,-0.25514688111385797,0.1277348712797286
NewMedia1,0.6833007429454789,-0.8016026558607985,1.0,-0.27782693992841256,0.08412996648611881
NewMedia1,0.6826143259269515,-0.8022105879464884,1.0,-0.267824685100448,0.09330464225343205
NewMedia1,0.6911195519254287,-0.8013170501829576,-1.0,-0.2721172294510238,0.07862534765461149
NewMedia1,0.6924390300177661,-0.8018018998217684,1.0,-0.2511897255455807,0.09500763078835317
NewMedia1,0.6924548925959253,-0.8018535808491873,1.0,-0.24147533258712484,0.10926514411715438
NewMedia1,0.6991878359982464,-0.8000059841189643,1.0,-0.26241471822076523,0.10882096738147107
NewMedia1,0.698374518354445,-0.7996537371162938,-1.0,-0.4029928453093503,-0.03435417775747651
NewMedia1,0.6153440160586974,-0.8399975791518736,-1.0,-0.4029928453093503,-0.03435417775747651
NewMedia1,0.6434770194504049,-0.8049156817237527,1.0,-0.2186057061999669,0.17976140430767473
NewMedia1,0.6435044184490437,-0.8051693267662161,1.0,-0.18768404864487553,0.18428808780515604
NewMedia1,0.6444547310860387,-0.8052788089427217,1.0,-0.21570332404848291,0.1995477982224534
NewMedia1,0.6452940056759189,-0.8036413363897674,1.0,-0.23184897243304048,0.16733472029696417
NewMedia1,0.6455535751367067,-0.8069951630638417,1.0,-0.25656836786910664,0.18822782347334077
NewMedia1,0.6454310006691126,-0.807300489133724,1.0,-0.2913796711731721,0.20841360319247393
NewMedia1,0.6508401398214163,-0.8099165011400427,1.0,-0.29735996100632833,0.0645871232604438
NewMedia1,0.651943310029764,-0.808948841902977,1.0,-0.2695270127039979,0.0983716163600743
NewMedia1,0.650532982626151,-0.808597954927344,1.0,-0.31261880040451895,0.1359493414566666
NewMedia1,0.6488948109180683,-0.8046389162216545,1.0,-0.31282241001953737,0.11061727035666191
NewMedia1,0.6425440114441292,-0.8075690944735981,1.0,-0.3278279525757023,0.09680206747473874
NewMedia1,0.644489340347477,-0.8083361497226564,1.0,-0.3458255303233857,0.06711687773615438
NewMedia1,0.6511920006460397,-0.8096002948538616,1.0,-0.36206191190508663,0.029128569102375712
NewMedia1,0.6535137052675295,-0.8097886585985329,1.0,-0.34439108168283084,-0.006761097769737989
NewMedia1,0.6627774509125308,-0.8110235631484354,1.0,-0.3561745155832917,0.02061642586097734
NewMedia1,0.6625943102374194,-0.8110065628104687,1.0,-0.35346224108296553,-0.023217099311292566
NewMedia1,0.673228005814356,-0.8137640176286705,1.0,-0.38934884078889276,-0.0032319456387395196
NewMedia1,0.6732107011836368,-0.8132696478005983,1.0,-0.37775011375404566,0.01463497023969218
NewMedia1,0.6755684571191252,-0.8124937523757972,1.0,-0.3946680744714318,-0.06344215507833506
NewMedia1,0.6822566968920885,-0.8154735716146037,1.0,-0.4303197400061838,-0.1040861926821881
NewMedia1,0.6400622389884867,-0.8048497204124418,1.0,-0.37216192095140244,0.029464501087346884
NewMedia1,0.6405698414895826,-0.8051271659280587,1.0,-0.40322291877353555,0.044624365053555604
NewMedia1,0.6450488567407304,-0.8095764943807082,1.0,-0.41830947311286426,-0.025028332596926717
NewMedia1,0.6466379986617752,-0.8071808067544383,1.0,-0.41721257356882546,0.009369236375275314
NewMedia1,0.6463668927805082,-0.8083137092765404,1.0,-0.39886988562486425,-0.07215865694392387
NewMedia1,0.6467764357075285,-0.8067279177510049,1.0,-0.4153730660124514,-0.07604520338115528
NewMedia1,0.6570914376687202,-0.807624855582129,-1.0,-0.38424023774257965,-0.0676021128255565
NewMedia1,0.657201033663275,-0.8075133333650673,1.0,-0.3911273194686168,-0.041742815138028244
NewMedia1,0.6518265037724096,-0.8088203193479486,-1.0,-0.40074881891571124,-0.03838909415473668
NewMedia1,0.6519952239219216,-0.807924741543862,1.0,-0.4109827674435246,-0.056822428685605386
NewMedia1,0.667889527237489,-0.8070366438884805,1.0,-0.4404105677170743,-0.047736401636548464
NewMedia1,0.6683466578989872,-0.8068013592110211,1.0,-0.4286114715385352,-0.07342959962039697
NewMedia1,0.6518712074017674,-0.7907918009410027,1.0,-0.4193269811094025,-0.08937330488487083
NewMedia1,0.6515914492051407,-0.7918220214217859,1.0,-0.44017833393867145,-0.11780061596862035
NewMedia1,0.6534041092729748,-0.7919913447879343,1.0,-0.3965875136538609,-0.05370945895820933
NewMedia1,0.6674295124708707,-0.7934268533258442,1.0,-0.4329353404452678,-0.06181941696204574
NewMedia1,0.6785881151796223,-0.7945651959560955,1.0,-0.3942630155556127,0.03200731958469483
NewMedia1,0.6786832906485776,-0.7943639119545697,1.0,-0.39801008056621845,-0.050984677302335246
NewMedia1,0.6780112941556495,-0.7941034667769196,1.0,-0.4258905557813385,-0.08632565526566371
NewMedia1,0.6735034378533029,-0.7919294635577355,1.0,-0.3999089967635794,-0.05689614709341828
NewMedia1,0.6739519161994418,-0.7979673035899953,-1.0,-0.40173068172765736,-0.06212735461493557
NewMedia1,0.6933230082370041,-0.7947719200657709,1.0,-0.41335371229745366,-0.07385044774601313
NewMedia1,0.6978640317482292,-0.794353031738271,1.0,-0.4297920832585098,-0.10894040986501607
NewMedia1,0.6853426893703423,-0.7926985588473499,1.0,-0.3809036324333376,-0.05646410123496981
NewMedia1,0.6849288202856418,-0.7931650481211566,1.0,-0.39625644549999806,-0.1068781607350564
NewMedia1,0.6853152903717035,-0.7936274573138514,1.0,-0.4400865205844191,-0.1393758477033682
NewMedia1,0.7174096121455436,-0.7904041932353616,1.0,-0.36767278800701564,-0.15887203370890846
NewMedia1,0.7187622574467594,-0.7955471354770532,-1.0,-0.39801818174453474,-0.12951624394447592
NewMedia1,0.7152321127800465,-0.7931337674992979,1.0,-0.4157273575441547,-0.17452833049735206
NewMedia1,0.7132507325627007,-0.7927903606723702,1.0,-0.40992097300552366,-0.1623853223850611
NewMedia1,0.6885844235250687,-0.7936621380033035,1.0,-0.4582806869259133,-0.16697079397991232
NewMedia1,0.6548865393045846,-0.7936390175436687,1.0,-0.43688061428534786,-0.22038397959026557
NewMedia1,0.6552903140213655,-0.7937695801392531,1.0,-0.46544482895037087,-0.17795856932166454
NewMedia1,0.6769859947855379,-0.7951955684879015,1.0,-0.44878934641043544,-0.07759142365642369
NewMedia1,0.6776262661221477,-0.7942088688723132,1.0,-0.43265125912563995,-0.14803636090479533
NewMedia1,0.678019946471009,-0.7937981407070372,1.0,-0.41658824275990936,-0.1252032505152123
NewMedia1,0.67820597125124,-0.7936689381384902,1.0,-0.40656276455410434,-0.04011821073293331
NewMedia1,0.6861012090168663,-0.7918580621382754,1.0,-0.3542745192288219,-0.03395759138633059
NewMedia1,0.6869779769733049,-0.7920178653151624,1.0,-0.33850476551814457,-0.06627238205171382
NewMedia1,0.6858228928727994,-0.7922354696411364,1.0,-0.3641271722972107,-0.00949241143643098
NewMedia1,0.6859454673403935,-0.7918009410027071,1.0,-0.3184106028221806,0.02337386757094584
NewMedia1,0.6985230497681181,-0.7901559883010474,1.0,-0.3093707679782025,0.12298423312559992
NewMedia1,0.6996882282365426,-0.7907033991835758,1.0,-0.29257972572110613,0.13337292976082105
NewMedia1,0.6873745414272858,-0.7912528501066601,1.0,-0.2731039529699595,0.08939570035053568
NewMedia1,0.6870803627050599,-0.7910978070244037,1.0,-0.27509468252157276,0.08283009633316274
NewMedia1,0.6869938395514639,-0.7910291256590181,1.0,-0.20724569388617575,0.0788763634989369
NewMedia1,0.6866001592026028,-0.7888639626155768,-1.0,-0.9136716835463718,-0.6786791900866471
NewMedia1,0.6153440160586974,-0.8399975791518736,-1.0,-0.9136716835463718,-0.6786791900866471
NewMedia1,0.6628625320135668,-0.7886864790872042,1.0,-0.1696826903473111,0.0990481460520296
NewMedia1,0.6633225467801851,-0.788171708853572,1.0,-0.1729074993957871,0.12825743214523833
NewMedia1,0.6492380194273322,-0.7986989981360829,1.0,-0.17607127956761304,0.2007067635706028
NewMedia1,0.6496172792505941,-0.7988316007722234,1.0,-0.17788810382470133,0.11213829573305722
NewMedia1,0.6668397129738586,-0.7892495302806619,1.0,-0.2192754036074548,0.08017623365189364
NewMedia1,0.6661648323758105,-0.7894739347418227,1.0,-0.2518513217747521,0.0871794823941312
NewMedia1,0.6817851457049906,-0.7885878771269973,1.0,-0.24937668183837347,0.1510522836143109
NewMedia1,0.6802911792529016,-0.7898833028800613,1.0,-0.2221734651305034,0.13946822899923528
NewMedia1,0.6788837359544082,-0.7902382699368063,1.0,-0.230815802158424,0.1432148037760621
NewMedia1,0.6779103504764543,-0.7908101613060068,1.0,-0.2345455846552882,0.1243158301882481
NewMedia1,0.6891165409196836,-0.7917839406647404,1.0,-0.21665278214716333,0.16008885401002493
NewMedia1,0.6891511501811218,-0.7924700743050772,1.0,-0.2423524201595123,0.10232348290549464
NewMedia1,0.6883609053782793,-0.7921225873970374,1.0,-0.2578359322363438,0.09092325773775012
NewMedia1,0.6153440160586974,-0.8399975791518736,-1.0,-0.4172784631524654,-0.4953032509351273
NewMedia1,0.6153440160586974,-0.8399975791518736,-1.0,-0.4172784631524654,-0.4953032509351273
NewMedia1,0.6559248171477354,-0.800866881233599,1.0,-0.229105913455112,0.12079787579008161
NewMedia1,0.658611361066888,-0.7996680174001859,1.0,-0.2628511016927412,0.12889943549429383
NewMedia1,0.6640031955884727,-0.7997740995090983,1.0,-0.21880661542221314,0.22624039386158956
NewMedia1,0.6665787014605109,-0.7993443309652996,1.0,-0.21655070730037684,0.20526797341098346
NewMedia1,0.6672925174776769,-0.7991342067880309,1.0,-0.25427681456267825,0.2337130142383841
NewMedia1,0.6808550218038347,-0.80034531086478,1.0,-0.25674767394917586,0.20282406822032106
NewMedia1,0.6802479176761034,-0.7995612552777549,1.0,-0.21122013196819478,0.2314146795745422
NewMedia1,0.6790279412104012,-0.7996720974812979,1.0,-0.19619676681973397,0.22081602544871437
NewMedia1,0.6834492743591518,-0.8009396426800965,-1.0,-0.22719349529389055,0.1974743513596613
NewMedia1,0.6917612653145984,-0.8002732294318011,1.0,-0.21769135320732402,0.17219733577941598
NewMedia1,0.6825797166655132,-0.7985187945536357,-1.0,-0.21332481809479198,0.2138958265583164
NewMedia1,0.6790149627373618,-0.7990859258282055,1.0,-0.20029974359770641,0.241042863521566
NewMedia1,0.6890574167647263,-0.7987078383118256,1.0,-0.2048617871469406,0.18875691634966985
NewMedia1,0.6898995754597266,-0.7985521152160505,1.0,-0.18065006555203467,0.2379784173031103
NewMedia1,0.6972194342539397,-0.8003215103916266,1.0,-0.17811925744599544,0.22883080272347534
NewMedia1,0.6974328580328097,-0.7998455009285584,1.0,-0.15168943322806316,0.23505394274505909
NewMedia1,0.6570337555663228,-0.819488371428824,-1.0,-0.0715212527662149,0.3838270211557835
NewMedia1,0.6542001222860572,-0.8226558743987831,1.0,-0.08295255544919022,0.37074340348557455
NewMedia1,0.6543861470662884,-0.8221567444760802,1.0,-0.10049862752537364,0.36114041443742373
NewMedia1,0.6462082669989155,-0.8220275419075331,1.0,-0.11220807066387817,0.3391443345770593
NewMedia1,0.6467000069218523,-0.8233685285663479,1.0,-0.12346438789521941,0.3686419622907018
NewMedia1,0.6567857225260147,-0.8225661126143188,1.0,-0.1474611582254638,0.35782495237464285
NewMedia1,0.656778512263215,-0.8229135995223584,1.0,-0.15541489509649187,0.3318070201386558
NewMedia1,0.6671699430100828,-0.8240852628150248,1.0,-0.1797292316167387,0.3604657510342739
NewMedia1,0.6656485775593548,-0.8239757806385191,1.0,-0.15285330251285045,0.31642133522699445
NewMedia1,0.6642541127339008,-0.8245218314940101,1.0,-0.15519238273206848,0.35222608595846294
NewMedia1,0.6468370019150458,-0.816996121882903,1.0,-0.17576937565568918,0.2797898185547367
NewMedia1,0.6471340647423918,-0.8180535429044329,1.0,-0.1453759149268261,0.28342161657003184
NewMedia1,0.6554200987517593,-0.8202520266102891,1.0,-0.15052448378616679,0.3096429742858062
NewMedia1,0.6555844927435914,-0.8199575807567054,1.0,-0.1615852925808059,0.30875182138123125
NewMedia1,0.6658014351307076,-0.8171865256681303,1.0,-0.12430150965457931,0.33035224801485197
NewMedia1,0.6639988694307932,-0.8179542609307073,1.0,-0.12026118198892033,0.4292888833107591
NewMedia1,0.6502460141667243,-0.8142930681461947,1.0,-0.10208699855393977,0.4066918584550583
NewMedia1,0.6500816201748922,-0.8142733477541533,1.0,-0.10948877514234445,0.37109613206979364
NewMedia1,0.6597909600609124,-0.8155782936964786,1.0,-0.10783343437302961,0.3635096680758705
NewMedia1,0.6614882559239521,-0.8163487490131304,1.0,-0.09148903708044342,0.4066834601554341
NewMedia1,0.6715696453704345,-0.8163480689996118,1.0,-0.07368696776946204,0.39311367425141985
NewMedia1,0.6738581827830461,-0.8153178485188286,1.0,-0.08186105669069565,0.37731180693615585
NewMedia1,0.6750637387231491,-0.8158781796582115,1.0,-0.08127885200902463,0.3592881227980711
NewMedia1,0.6780718603631666,-0.7945175950097888,-1.0,-0.8655582454468003,-0.6306857071671556
NewMedia1,0.6153440160586974,-0.8399975791518736,-1.0,-0.8655582454468003,-0.6306857071671556
NewMedia1,0.6639065780669573,-0.7823256326335768,1.0,-0.11329902934381808,0.34703313735745644
NewMedia1,0.6651366489005792,-0.781758501359007,1.0,-0.08358930806485798,0.407836826637167
NewMedia1,0.6665815855656305,-0.781738100953447,1.0,-0.07019589999365416,0.35901004576606743
NewMedia1,0.6752468793982602,-0.7932738502841437,1.0,-0.19748701448625716,0.2720727143444359
NewMedia1,0.6605494797074365,-0.7889278838863316,1.0,-0.14995686122546525,0.3378808570558083
NewMedia1,0.6578456311575644,-0.7896296578375979,1.0,-0.17238686366932066,0.29711644382400726
NewMedia1,0.6573957107588657,-0.789799661217265,1.0,-0.1459116728528166,0.33089907063483226
NewMedia1,0.6851408020119516,-0.7897425400816969,-1.0,-0.1962102687835946,0.2753573826419278
NewMedia1,0.6846519461941349,-0.7905293157227966,1.0,-0.1818501200999687,0.30042910645358
NewMedia1,0.6840722410650424,-0.790899923090471,1.0,-0.18804968182622173,0.28076308816674955
NewMedia1,0.68369442329434,-0.8017610990106483,1.0,-0.19787317065267152,0.235060474755878
NewMedia1,0.6774027479753584,-0.8011851275603359,-1.0,-0.16683485612982418,0.23739333576261945
NewMedia1,0.6606388869661521,-0.8004201123518335,1.0,-0.14406838474656147,0.2855529183857908
NewMedia1,0.6625510486606216,-0.8008478408550762,1.0,-0.17927448547391212,0.26657369437934464
NewMedia1,0.6711226090768556,-0.8010314445051168,1.0,-0.2078673243023198,0.23876412489018062
NewMedia1,0.6710663690270182,-0.8012572089933148,1.0,-0.19598883657628008,0.23326697121389506
NewMedia1,0.6808232966475163,-0.8010640851540128,1.0,-0.2067115561958488,0.23170302119497554
NewMedia1,0.6818803211739461,-0.8005867156639074,1.0,-0.17264124066845532,0.1898374975679924
NewMedia1,0.655721487736785,-0.7883403522062018,-1.0,-0.16225282967407617,0.2345005881142601
NewMedia1,0.6584469670750559,-0.7882621506515549,1.0,-0.18343741097142585,0.23347412927129363
NewMedia1,0.6681490966982764,-0.7802747118612718,1.0,-0.1744289006836044,0.26765707503087555
NewMedia1,0.6685485452573776,-0.7803182327264666,1.0,-0.21454161507791314,0.28445554056821964
NewMedia1,0.6552052329203295,-0.7904307137625897,1.0,-0.1688277459956551,0.2803739669508247
NewMedia1,0.6550091137721787,-0.7904585943168551,1.0,-0.12293403075477327,0.3443522134885091
NewMedia1,0.6550610276643365,-0.790770720521924,1.0,-0.09576969970282168,0.37437240206766154
NewMedia1,0.6550466071387371,-0.7905272756822406,1.0,-0.09647234190212972,0.41223380306267354
NewMedia1,0.6548836551994648,-0.7903763126810961,1.0,-0.0962541501661417,0.3984456613684284
NewMedia1,0.6552484944971273,-0.7897234997031741,1.0,-0.09259403780279851,0.4132602619056396
NewMedia1,0.656079116771648,-0.7892828509430767,1.0,-0.3349893942073876,0.12439234802926924
NewMedia1,0.6153440160586974,-0.8399975791518736,-1.0,-0.6019907295516133,-0.5789913735465693
NewMedia1,0.6522894026441475,-0.8339107781462696,-1.0,-0.04584807860303286,0.4980410966126392
NewMedia1,0.6530955100251494,-0.8318047762789524,1.0,-0.03203989020202991,0.4872119558193453
NewMedia1,0.6462760434692323,-0.8328785176249304,1.0,-0.03947191118948257,0.46924705977863024
NewMedia1,0.6467634572344891,-0.8328091562460261,1.0,-0.043598651423849666,0.43900758226484426
NewMedia1,0.646239992155234,-0.8331437228972112,1.0,-0.10300459201790901,0.4221773898178083
NewMedia1,0.64547714635103,-0.8330566811668216,1.0,-0.1376425301060039,0.4167539545493357
NewMedia1,0.6452940056759189,-0.8342317445270813,1.0,-0.11861988326202055,0.37153564308346376
NewMedia1,0.6442715904109273,-0.8337122141988182,-1.0,-0.5417671100261534,0.19718880917243653
NewMedia1,0.6153440160586974,-0.8399975791518736,-1.0,-0.5417671100261534,0.19718880917243653
NewMedia1,0.646302000415311,-0.8342569050272719,1.0,-0.17178143560980952,0.32971117781019954
NewMedia1,0.6467000069218523,-0.8334000879937493,1.0,-0.2592206936498914,0.18145599454297168
NewMedia1,0.6450849080547287,-0.8350096799924382,1.0,-0.24480059624672412,0.2024657407696855
NewMedia11,0.6445297178191549,-0.8349545988974261,1.0,-0.14966575888462974,0.3834593622611211
NewMedia11,0.6437524514893518,-0.8356502527270242,1.0,-0.2504660202826502,0.1943940416863601
NewMedia11,0.6430472877875453,-0.8378766169871457,1.0,-0.2518848066451266,0.20160164905278877
NewMedia11,0.65308108949955,-0.8179012198762511,-1.0,-0.1585997383319404,0.3400485515032725
NewMedia11,0.6532036639671441,-0.8176502948878623,1.0,-0.14641340582987805,0.30775242372594325
NewMedia11,0.6640608776908701,-0.8059289018665692,1.0,-0.18878364858168628,0.22948027122775216
NewMedia11,0.6643766872014953,-0.8070223636045885,1.0,-0.17007154690649762,0.2556027156368408
NewMedia11,0.6780242726286887,-0.8071923669842557,1.0,-0.1596561319843972,0.28343001486965624
NewMedia11,0.6779867792621306,-0.8077159773936305,1.0,-0.16644275909931106,0.24390948312664973
NewMedia11,0.6782997046676358,-0.8074494120943124,1.0,-0.16323145201469558,0.25413581263580176
NewMedia11,0.6866261161486815,-0.806955722279759,1.0,-0.1760853216100282,0.22933283441212593
NewMedia11,0.6866780300408388,-0.8065674345605991,1.0,-0.1668985853992464,0.15534474786671515
NewMedia11,0.6653962183613669,-0.8045457543695969,-1.0,-0.2056405804224224,0.1916991206513723
NewMedia11,0.6656182944555964,-0.8067945590758344,1.0,-0.22640336036876563,0.17315194250337473
NewMedia11,0.6655260030917607,-0.8066136754798685,1.0,-0.19284287899675,0.1833838708789428
NewMedia11,0.6654712050944833,-0.8063103894505423,1.0,-0.17836823365958587,0.19658133216628082
NewMedia11,0.643412127085208,-0.825121603417476,1.0,-0.14502540394500385,0.3121932579383764
NewMedia11,0.6444691516116379,-0.8250236814707876,1.0,-0.10105976914342185,0.3725919625473164
NewMedia11,0.644805149858102,-0.8249937608759662,1.0,-0.08842625159829509,0.3874345574166085
NewMedia11,0.646052525322443,-0.81927076710285,1.0,-0.08928821697115852,0.3646611682687979
NewMedia11,0.645255070256801,-0.8178971397951391,1.0,-0.11457091433949074,0.4543764705772573
NewMedia11,0.6425642001799683,-0.7819142244547821,1.0,-0.1085468781434259,0.40970124915375505
NewMedia11,0.6430891073117833,-0.7809832859477246,1.0,-0.07975907095687063,0.4398063538735524
NewMedia11,0.6436962114395146,-0.7838556630505814,-1.0,-0.07958246526957358,0.4698237430194967
NewMedia11,0.6446393138137101,-0.7890271658600573,1.0,-0.09533709678072677,0.36886778323615443
NewMedia11,0.6641055813202279,-0.8081165053561264,1.0,-0.0692993695933074,0.36452772861921234
NewMedia11,0.6644761888281303,-0.8073542102016988,1.0,-0.1264877476428946,0.34062710103294447
NewMedia11,0.6743081031817448,-0.8058058194196901,1.0,-0.10218097222240974,0.3518360315981359
NewMedia11,0.6743715534943819,-0.8066041552906071,1.0,-0.13730822148081434,0.33780247292598164
NewMedia11,0.6856008167785699,-0.8061961471794059,1.0,-0.14415857786515052,0.32790740967978693
NewMedia11,0.6862987702175769,-0.805803779379134,1.0,-0.12167510764440692,0.29431794376032006
NewMedia11,0.6878547449297432,-0.8060859849893816,1.0,-0.09313519651433311,0.27366745812864424
NewMedia11,0.6933907847073211,-0.8059037413663783,1.0,-0.11503322158207907,0.2725243562353412
NewMedia11,0.7058299300892921,-0.8045178738153315,1.0,-0.11160048229014918,0.24093461877085298
NewMedia11,0.7047671373526223,-0.8042370282321213,1.0,-0.1294684411847703,0.2584600037978979
NewMedia11,0.6974097851918506,-0.8063124294910983,1.0,-0.13085104228410027,0.24545197082430725
NewMedia11,0.6799652753743568,-0.8265169911577842,1.0,-0.0687841346523852,0.4155613960026896
NewMedia11,0.6810136475854272,-0.826661154023742,1.0,-0.09052283654657567,0.3630888199502542
NewMedia11,0.6458102604923746,-0.8264598700222161,1.0,-0.08631616468615355,0.34029210219237616
NewMedia11,0.6463149788883504,-0.8247183554009054,1.0,-0.10439259390278322,0.27022508842709647
NewMedia11,0.6472926905239844,-0.8242443859783932,1.0,-0.1164460670804569,0.33611721413471174
NewMedia11,0.6620895918414436,-0.8233311278228211,1.0,-0.12443652929318583,0.3119002505959294
NewMedia11,0.6636325880805705,-0.8226205136958122,1.0,-0.12074401221657693,0.2833376335737894
NewMedia11,0.6694786691585337,-0.8208232379659708,1.0,-0.11375215525098115,0.283891921348991
NewMedia11,0.6473691193096607,-0.8189307603435156,1.0,-0.1600023223377841,0.2766945785709922
NewMedia11,0.6471282965321519,-0.8205090717203458,1.0,-0.15877148331224777,0.28632182937361295
NewMedia11,0.6468499803880852,-0.8201602247852687,1.0,-0.15527015404390565,0.2747937634226991
NewMedia11,0.6468672850188044,-0.8204743910308937,1.0,-0.16189151712116534,0.2261564108653471
NewMedia11,0.6153440160586974,-0.8399975791518736,-1.0,-0.5948735743613909,-0.5724360341176256
NewMedia11,0.6503902194227174,-0.8203356682730852,-1.0,-0.1955826975033519,0.2588145986709225
NewMedia11,0.6485660229344039,-0.8216576145533774,1.0,-0.1749327939748837,0.22389166940000216
NewMedia11,0.6664979465171548,-0.8204621507875577,1.0,-0.16998783473056156,0.2088568467837546
NewMedia11,0.6667993355021806,-0.8215372521605729,1.0,-0.20939628668989918,0.19440710570799768
NewMedia11,0.6784136268198704,-0.821998981339749,-1.0,-0.22986202343130824,0.20466889470445238
NewMedia11,0.6802205186774648,-0.8270290413373418,1.0,-0.2344321681588587,0.18064042633501476
NewMedia11,0.6505156779954315,-0.8262075850067899,-1.0,-0.181713480225699,0.288364482471116
NewMedia11,0.649621605408274,-0.826901198795832,1.0,-0.21896647867432328,0.2108724386935792
NewMedia11,0.6503080224268014,-0.8273670080561202,1.0,-0.23376355090847967,0.12515192757306437
NewMedia11,0.6487823308183938,-0.8325391908791147,-1.0,-0.2622829390534853,0.12591057397245642
NewMedia11,0.6485876537228028,-0.8338733774027428,1.0,-0.24751233066849576,0.18576525539462452
NewMedia11,0.679097159733278,-0.8278742981410471,1.0,-0.25469645559946685,0.1799750943758922
NewMedia11,0.6796350453381326,-0.8276696140719277,1.0,-0.2222663586418645,0.21291695807988753
NewMedia11,0.703862970397545,-0.8223743488020542,1.0,-0.1874950211508264,0.2369986156802788
NewMedia11,0.6153440160586974,-0.8399975791518736,-1.0,-0.7075496230926788,-0.01365050289484715
NewMedia11,0.6153440160586974,-0.8399975791518736,-1.0,-0.7075496230926788,-0.01365050289484715
NewMedia11,0.7007856302346507,-0.8256526939755562,1.0,-0.13678002465458605,0.28090212668275094
NewMedia11,0.6153440160586974,-0.8399975791518736,-1.0,-0.45594268686380435,-0.08922866750245306
NewMedia11,0.6153440160586974,-0.8399975791518736,-1.0,-0.1377834906087091,0.1166901741294113
NewMedia11,0.6153440160586974,-0.8399975791518736,-1.0,-0.1282559648300845,0.4046436064911392
NewMedia11,0.6153440160586974,-0.8399975791518736,-1.0,-0.0014163560089814897,0.4593146707563276
NewMedia11,0.6153440160586974,-0.8399975791518736,-1.0,-0.06761108403217253,0.3413334913457855
NewMedia11,0.6153440160586974,-0.8399975791518736,-1.0,-0.02070256118752467,0.42058731175561337
NewMedia11,0.6820432731132184,-0.8419294975584115,1.0,0.04118071973568549,0.48992553974238695
NewMedia11,0.6153440160586974,-0.8399975791518736,-1.0,0.00535730922062605,0.5367124669491921
NewMedia11,0.6515409773655432,-0.8241430639641116,1.0,0.052990617485313196,0.5487602943324075
NewMedia11,0.6517471908816133,-0.8250706024035758,1.0,0.05736201330483515,0.5949546748435
NewMedia11,0.648987102281904,-0.822093503218844,-1.0,0.044981252523179416,0.5744908180923638
NewMedia11,0.6467721095498489,-0.8223464682477888,1.0,0.05765743627410602,0.5998844767229461
NewMedia11,0.7023848665236152,-0.8237914969749599,-1.0,0.05273840080039638,0.4344034477819392
NewMedia11,0.7050425693915694,-0.8238900989351668,1.0,0.04264217230396161,0.6144844540475374
NewMedia11,0.704477284788076,-0.8229149595493959,1.0,0.0418909230347555,0.5201286246244679
NewMedia11,0.6991460164740084,-0.8207565966411412,1.0,0.038860542265872544,0.3712510340406414
NewMedia11,0.6819336771186635,-0.8275118509355966,1.0,0.02087646648204977,0.3938844515280473
NewMedia11,0.6813208047806927,-0.8269256792825042,1.0,0.021602332059198037,0.506035344710541
NewMedia11,0.6850038070187583,-0.8269222792149108,1.0,-0.007095822087322734,0.4339126138261207
NewMedia11,0.6965099443944531,-0.8257016549489004,1.0,-0.03584096306807827,0.41092646775449526
NewMedia11,0.7055170046837869,-0.8278593378436363,1.0,-0.05191424092634289,0.49931390557791744
NewMedia11,0.7054189451097113,-0.8259655001941438,1.0,-0.037083143743257385,0.517895610068815
NewMedia11,0.7058010890380935,-0.82535960814901,1.0,-0.051453013840863315,0.4818837012799475
NewMedia11,0.7009009944394453,-0.824296067005812,-1.0,-0.003698187901430283,0.501455471982106
NewMedia11,0.685621005514409,-0.8290616017446426,1.0,0.030846856675303513,0.499398821718563
NewMedia11,0.6851364758542722,-0.8300823020361645,1.0,0.028654137744335006,0.4687450280899794
NewMedia11,0.6703467847996125,-0.8255336916097892,1.0,0.045837817110498724,0.4835680269268152
NewMedia11,0.6703857202187307,-0.8253786485275327,1.0,0.0027222659535828253,0.4233428871767764
NewMedia11,0.6708053575136708,-0.8243477480332309,1.0,-0.023247951414533397,0.46314802796260546
NewMedia11,0.708147308553102,-0.8245837127242089,1.0,-0.027565879457167153,0.5449204051153111
NewMedia11,0.7070426962921945,-0.8245422318995701,1.0,-0.05226475190816515,0.4625694784329335
NewMedia11,0.7064774116887014,-0.824259346275804,1.0,-0.09341819767685222,0.5017018221044183
NewMedia11,0.7057333125677767,-0.8243735885469403,1.0,-0.046988184431425606,0.42150179327025605
NewMedia11,0.7044123924228789,-0.820683155181125,1.0,-0.060002997435977146,0.40749529578578025
NewMedia11,0.6909493897233567,-0.8228972791979104,1.0,-0.05021353355845615,0.392268245422577
NewMedia11,0.6907749013636049,-0.8213842491188725,1.0,-0.07730117345567922,0.3858174181667353
NewMedia11,0.6999665443806096,-0.8225395920870907,-1.0,-0.12112800806877366,0.3521962253375768
NewMedia11,0.7019392722825961,-0.824686394765528,1.0,-0.20755731921207954,0.15683404633341902
NewMedia11,0.685494104889135,-0.8256424937727762,1.0,-0.2192219358305666,0.13206932703025398
NewMedia11,0.6844702475715836,-0.8263939087109051,1.0,-0.2677668966951243,0.11071058479693141
NewMedia11,0.6694671327380541,-0.8076690564608424,1.0,-0.2971720136693883,0.03434018059143629
NewMedia11,0.6689177107127202,-0.8082239474920762,1.0,-0.24973043329152234,0.09508228234056904
NewMedia11,0.6925111326457629,-0.8116702560046893,1.0,-0.21223223917918865,0.14875674838367736
NewMedia11,0.6924736392792046,-0.8109650819858298,1.0,-0.1942859688941757,0.23132883028949403
NewMedia11,0.6726064811610255,-0.7972974902741067,1.0,-0.19240001458212097,0.12868947800368713
NewMedia11,0.6716821254701091,-0.7972757298415092,1.0,-0.2201681534579205,0.0705881749141859
NewMedia11,0.6153440160586974,-0.8399975791518736,-1.0,-0.8870620131698155,-0.58768081422448
NewMedia11,0.6153440160586974,-0.8399975791518736,-1.0,-0.8870620131698155,-0.58768081422448
NewMedia11,0.6420234304699939,-0.8289738800007345,1.0,-0.2776973210753505,0.03156594228221965
NewMedia11,0.6444431946655593,-0.826316387169777,1.0,-0.2646149982514956,0.13548743497733184
NewMedia11,0.6713562215915645,-0.8216154537152198,-1.0,-0.31026891861421246,0.056408112570808244
NewMedia11,0.6690590318635936,-0.8253453278651179,1.0,-0.2802945588435838,0.08827592706730014
NewMedia11,0.6675535289910246,-0.8248081171853696,1.0,-0.2698451189725545,0.12489064714030929
NewMedia11,0.6506108534643871,-0.8257050550164937,1.0,-0.2655984812991049,0.13126868913274037
NewMedia11,0.6497542742437876,-0.8279137389251299,1.0,-0.2750638980439706,0.13772044953298468
NewMedia11,0.6653630511524884,-0.8239785006925937,1.0,-0.2734290802597237,0.08059054976669078
NewMedia11,0.6653255577859303,-0.8251311236067373,1.0,-0.2858859921175535,0.06338709955857613
NewMedia11,0.6656009898248771,-0.8253970088925368,1.0,-0.2650054750463454,0.04746112403775338
NewMedia11,0.6856786876168064,-0.8270426416077151,1.0,-0.22759153318850245,0.13279344708674667
NewMedia11,0.6858474077663184,-0.8265271913605643,1.0,-0.2541396346098541,0.0980058237542174
NewMedia11,0.7026112687755244,-0.8280089408177435,1.0,-0.21233593426163844,0.18253470947248873
NewMedia11,0.7001958307376388,-0.8277661759915786,1.0,-0.23510132548779217,0.16568305470419098
NewMedia11,0.6809804803765487,-0.8312723256938348,1.0,-0.20908088081411436,0.19031806693538122
NewMedia11,0.6810583512147852,-0.8305787119047927,1.0,-0.22353986387320035,0.11938416201999646
NewMedia11,0.6808809787499135,-0.8299136586835346,1.0,-0.19781808264012002,0.1351860293352607
NewMedia11,0.6661879052167694,-0.8293200068817368,1.0,-0.21424889250141432,0.14004864481771273
NewMedia11,0.6537992316743961,-0.8281361033457345,1.0,-0.2184987706461904,0.17146668371210438
NewMedia11,0.6499302046560993,-0.8276124929363595,1.0,-0.2228788077225834,0.2018554643303221
NewMedia11,0.6811953462079785,-0.8223995093022449,-1.0,-0.24058042242244138,0.10492882207782328
NewMedia11,0.7020185851733924,-0.8262143851419766,1.0,-0.2235371634804283,0.14094726287750947
NewMedia11,0.7017950670266031,-0.8264401496301746,1.0,-0.24124309880872175,0.0919049256493869
NewMedia11,0.6714701437437993,-0.8269991207425204,1.0,-0.19210567176995896,0.18397921700786313
NewMedia11,0.6720772478715307,-0.8248951589157593,1.0,-0.2346060734533839,0.14727211563898734
NewMedia11,0.6717499019404258,-0.8246231535082917,1.0,-0.23385212379140552,0.18531174721491395
NewMedia11,0.7001900625273989,-0.8241335437748503,1.0,-0.2695442952177395,0.08247736774894321
NewMedia11,0.6994661521423131,-0.8245068711965994,1.0,-0.27216853691369414,0.11270751381870214
NewMedia11,0.6986485083408318,-0.8271698041357063,1.0,-0.22830713727311647,0.0944832036340375
NewMedia11,0.6993969336194366,-0.8265373915633443,1.0,-0.204153204083534,0.12777313020023895
NewMedia11,0.6918939341501118,-0.8242552661946919,1.0,-0.12421455700731676,0.19497725693804524
NewMedia11,0.6844875522023028,-0.8284931104430356,1.0,-0.12625443370738276,0.29530147796076234
NewMedia11,0.6838357444452134,-0.8258036569767007,1.0,-0.10456865951152605,0.3379461771639971
NewMedia11,0.684017443067765,-0.8261484238306658,1.0,-0.06656441179369543,0.3530519187548493
NewMedia11,0.6849028633395631,-0.8252025250261975,1.0,-0.05686676127042689,0.3534970286349357
NewMedia11,0.6980514985810202,-0.8246523940895945,-1.0,-0.023689195593499135,0.3998621745717219
NewMedia11,0.7031015666459013,-0.8251542440663721,1.0,0.012094789187087285,0.39399829514517637
NewMedia11,0.7042681871668859,-0.8255554520423866,1.0,0.026422533157447692,0.42872526409153044
NewMedia11,0.7048651969266975,-0.825234485661575,1.0,0.05951098587289505,0.5091492475823396
NewMedia11,0.7044498857894372,-0.8249271195511366,1.0,0.09397879921634611,0.51077571827624
NewMedia11,0.6954255208693847,-0.8256003329346188,-1.0,0.09524906397635524,0.526897654121629
NewMedia11,0.6956519231212941,-0.8251964049045295,1.0,0.10399725640094348,0.5756152570976132
NewMedia11,0.684780288871969,-0.8326024321363509,1.0,0.11436028370326468,0.6004480959421752
NewMedia11,0.684099640063681,-0.8317496951839403,1.0,0.10943638752256524,0.5628974320332611
NewMedia11,0.6772917099282434,-0.8256472538674069,1.0,0.06922429867424218,0.5412531476127134
NewMedia11,0.6715609930550748,-0.8219377801230688,1.0,0.07076298247580093,0.5717147134943414
NewMedia11,0.7031361759073396,-0.8293397272737781,1.0,0.09195134432303176,0.5807886096661632
NewMedia11,0.701587411457973,-0.8284931104430356,1.0,0.06042857933686441,0.5590911360146618
NewMedia11,0.70692300592972,-0.8269195591608361,1.0,0.07483301446195334,0.6290219106971477
NewMedia11,0.7046690777785469,-0.8271636840140382,1.0,0.0726041102678383,0.6128710473752748
NewMedia11,0.6568635933642508,-0.8239621803681457,1.0,0.08528785511852699,0.5976747907773607
NewMedia11,0.6556046814794305,-0.8274513297324351,1.0,0.09277010341154113,0.62590147581453
NewMedia11,0.6519764772386425,-0.8251508439987787,1.0,0.08843543293372025,0.6078330007451158
NewMedia11,0.6518553448236082,-0.8248149173205563,1.0,0.019304297810116333,0.5537488843092238
NewMedia11,0.708784695784592,-0.7956375772750363,1.0,0.050110378554560686,0.45571926537273777
NewMedia11,0.7083333333333335,-0.7957273390595005,1.0,0.032613993705384425,0.47403968943088026
NewMedia11,0.6595703260192427,-0.7908863228200976,1.0,-0.019384229436171463,0.5471916785914746
NewMedia11,0.6593251770840545,-0.7919226634225488,1.0,-0.012046722195743542,0.5169951257202128
NewMedia11,0.6491760111672551,-0.8295233309238188,1.0,0.10228196691208735,0.573505417603116
NewMedia11,0.65012488175169,-0.8288018365805112,1.0,0.0782193069982029,0.5332159748722876
NewMedia11,0.650276297270483,-0.8282578257655762,1.0,0.04486459555542344,0.5343133526898589
NewMedia11,0.7038543180821855,-0.8281973045624147,1.0,0.03156516115268948,0.5718276239670674
NewMedia11,0.7063418587480679,-0.8307691156900199,-1.0,0.025122023998390475,0.5345690342561977
NewMedia11,0.705698703306338,-0.8295294510454868,1.0,0.01855034814813794,0.5695180915703937
NewMedia11,0.7053915461110727,-0.8290806421231653,1.0,0.0275669596142758,0.5534166849018636
NewMedia11,0.6748820401005975,-0.8180494628233209,-1.0,-0.01324839697934077,0.47613553175933654
NewMedia11,0.6454266745114325,-0.7960938663460629,1.0,0.015124089798861151,0.4874648379524762
NewMedia11,0.6459948432200457,-0.795436973287029,1.0,0.004846394908139429,0.5026470973843495
NewMedia11,0.6766341339609145,-0.7962040285360873,1.0,0.042377533812293144,0.5546642989682691
NewMedia11,0.6768547680025843,-0.7958511015198982,1.0,0.034060324074136616,0.5624868484960748
NewMedia11,0.676582220068757,-0.7950833662573212,1.0,0.0376815507815611,0.5233078476044553
NewMedia11,0.672111857132969,-0.792176988478531,-1.0,0.027513491837387827,0.49384474623371255
NewMedia11,0.6792976050391086,-0.8004962738659245,-1.0,0.008607501961160224,0.4999820369702481
NewMedia11,0.707517131584412,-0.8277342153562013,1.0,0.03275819467941621,0.47901894796366906
NewMedia11,0.656080558824208,-0.8327710754889808,-1.0,0.04184879690751009,0.5137197888667475
NewMedia11,0.6537054982580004,-0.8309295988804257,1.0,0.03615744910097174,0.5103595358726372
NewMedia11,0.6538814286703121,-0.8312322048962333,1.0,0.037626462769009716,0.4632245458036266
NewMedia11,0.6153440160586974,-0.8399975791518736,-1.0,-0.7495947385547228,-0.6859119923519484
NewMedia11,0.6607845342747054,-0.789144808198787,-1.0,0.006334851404136588,0.42686084157494264
NewMedia11,0.6624428947186267,-0.7884668347206742,1.0,0.020194887346364432,0.4409102637019424
NewMedia11,0.662079497473524,-0.7891937691721311,1.0,0.03959180862856493,0.46707936533116623
NewMedia11,0.6807728248079188,-0.8093330495410249,-1.0,0.018748016899057918,0.5372238300818697
NewMedia11,0.6975712950785629,-0.8271997247305276,1.0,0.010098118771375342,0.5252123953303589
NewMedia11,0.6968776677972359,-0.8265863525366884,1.0,-0.004787526345707005,0.47645373400065605
NewMedia11,0.6998583904386146,-0.8282306252248295,1.0,-0.04209507272832835,0.45402934085945423
NewMedia11,0.7004626104612262,-0.8278382574245576,1.0,-0.019612682664693515,0.508274891277013
NewMedia11,0.7008635010728872,-0.8276906944910065,1.0,0.02901328998302799,0.5179702616210304
NewMedia11,0.6649015943333103,-0.8258526179500448,-1.0,0.058032790869431805,0.5951786295001473
NewMedia11,0.6625049029787038,-0.8245680724132796,1.0,0.043823864181045113,0.5674474441408097
NewMedia11,0.662833690962368,-0.8242607063028413,1.0,0.05945211731046296,0.522991511651941
NewMedia11,0.6569861678318452,-0.7898193816093064,1.0,0.03874334521956224,0.4691061549738229
NewMedia11,0.6579191758381209,-0.7900424260434298,1.0,0.002241596040144067,0.5142152885445794
NewMedia11,0.659563115756443,-0.7902545902612543,1.0,0.008353665040580216,0.582160331938127
NewMedia11,0.673692346738654,-0.7953682919216434,1.0,-0.06180145902221479,0.5946971269883559
NewMedia11,0.6737543549987308,-0.7947896004172563,1.0,0.006029707020886121,0.5877853263975823
NewMedia11,0.661171004360767,-0.7900614664219525,1.0,-0.02734444724985252,0.46960165465165504
NewMedia11,0.6153440160586974,-0.8399975791518736,-1.0,-0.18308635991104905,0.2069709619459048
NewMedia11,0.6153440160586974,-0.8399975791518736,-1.0,-0.18308635991104905,0.2069709619459048
NewMedia11,0.7014806995685379,-0.6845621290951265,1.0,-0.24222658185633106,0.21660941048135807
NewMedia11,0.7032400036916546,-0.6847022118799722,1.0,-0.20499896709976473,0.3252311515328532
NewMedia11,0.7073974412219377,-0.6855270682781174,1.0,-0.16187531476453243,0.3738377103249164
NewMedia11,0.7113501072887105,-0.6807370530526147,-1.0,-0.15824976742867247,0.44438995917959834
NewMedia11,0.6441850672573313,-0.7558329859597609,-1.0,-0.12600599757234687,0.24741810608078918
NewMedia11,0.6470561939041555,-0.67398655885279,1.0,-0.08099477068939676,0.27495426425996294
NewMedia11,0.6471845365819895,-0.6733507462128347,1.0,-0.07467045081707124,0.2854484062126892
NewMedia11,0.6520471378140791,-0.6837372726969813,-1.0,-0.058683045448960525,0.3705885015147268
NewMedia11,0.6645742484022059,-0.8126290750660123,-1.0,0.06995826542970662,0.7332756027996199
NewMedia11,0.6637263214969658,-0.8123455094287274,1.0,0.016407856522731246,0.6117158146047366
NewMedia11,0.6633903232505018,-0.8120272631019905,1.0,-0.007837890021103577,0.6711627119229262
NewMedia24,0.6587570083754413,-0.8235487321487951,-1.0,0.01284927892762,0.5836925550473548
NewMedia24,0.6582796889781037,-0.8230033613068228,1.0,0.008202443045340901,0.5464890208562441
NewMedia24,0.6583763064996193,-0.8231461641457433,1.0,-0.012805532564711508,0.5342107068055624
NewMedia24,0.6427704136960384,-0.840251224194337,1.0,-0.17428361955246396,0.26089177811132513
NewMedia24,0.6418792252140006,-0.8409244375778191,1.0,-0.1979396003148658,0.2464616330680247
NewMedia24,0.6380404812994624,-0.8380275799882901,1.0,-0.21220469517291296,0.25843760833223306
NewMedia24,0.6382639994462518,-0.8380275799882901,1.0,-0.237375596280479,0.22209070070279768
NewMedia24,0.6488558754989502,-0.8376678528369144,1.0,-0.24228869089008997,0.2072565041331298
NewMedia24,0.6474844835144551,-0.8386361920874987,1.0,-0.23058842908701083,0.20911439463889914
NewMedia24,0.641788375902725,-0.836324146124025,1.0,-0.22225987769921152,0.21992673883294422
NewMedia24,0.641746556378487,-0.8362024237041832,1.0,-0.22255692090414547,0.24347650412379873
NewMedia24,0.6393138137098819,-0.8342290244730065,1.0,-0.2084133437208443,0.2557044283767349
NewMedia24,0.6411062850418772,-0.8377025335263665,-1.0,-0.206643506297991,0.27130566964541947
NewMedia24,0.6414307468678617,-0.8394012072960011,1.0,-0.21151501485891133,0.2903978041245918
NewMedia24,0.6419498857894372,-0.8364642289088707,1.0,-0.2039452738400801,0.2934323897221609
NewMedia24,0.6408222006875706,-0.8379303380551205,1.0,-0.20959071496949233,0.29069081146703835
NewMedia24,0.6409144920514063,-0.8374101277133389,1.0,-0.19498213015083055,0.2940641284827865
NewMedia24,0.6410990747790775,-0.842326625453314,1.0,-0.19127773134602444,0.2810476972095717
NewMedia24,0.6418431739000023,-0.8403491461410253,1.0,-0.18847094309867374,0.3143702838298672
NewMedia24,0.6398935188389747,-0.8418730564363619,1.0,-0.1655856544334373,0.29849376496238733
NewMedia24,0.6403347869223137,-0.8404477481012322,1.0,-0.17343299582924343,0.2925169750631158
NewMedia24,0.6453113103066381,-0.8415194494066542,1.0,-0.17426201641028682,0.2919981467752162
NewMedia24,0.6504796266814334,-0.8429569979851199,-1.0,-0.15256274025056948,0.34101155652685544
NewMedia24,0.6596366604369996,-0.8419804985723116,1.0,-0.1434121893029342,0.34554943775716906
NewMedia24,0.6599394914745853,-0.8418016550169017,1.0,-0.1197437867337805,0.35622740915722617
NewMedia24,0.6666637825615469,-0.8407795946983426,1.0,-0.11194451232931835,0.3752859504379016
NewMedia24,0.6674482591541495,-0.8411264015928637,1.0,-0.10619537611745622,0.3790017314494394
NewMedia24,0.6736476431092961,-0.8418043750709764,1.0,-0.0970912719255016,0.5722204777606028
NewMedia24,0.6737327242103319,-0.8417962149087523,1.0,-0.088684949225865,0.571912540107713
NewMedia24,0.6671958999561616,-0.8418356556928351,1.0,0.016786451589383633,0.5725125519586469
NewMedia24,0.6669637294940127,-0.8405789907103354,1.0,0.02457384426564846,0.3310427748728475
NewMedia24,0.6671656168524032,-0.8406327117783101,1.0,-0.0038380682470265937,0.3377754117383036
NewMedia24,0.6703294801688933,-0.8404858288582777,1.0,-0.11555385730854562,0.482153380012327
NewMedia24,0.638176034240096,-0.8406123113727502,-1.0,-0.14821618804455106,0.25203717087413713
NewMedia24,0.6389042707828616,-0.8404484281147508,1.0,-0.17246625521682135,0.22670323348532717
NewMedia24,0.6388638933111834,-0.840267544518785,1.0,-0.17532867155527776,0.19219462032920398
NewMedia24,0.6395546364873907,-0.8406748726164677,1.0,-0.1892049098541384,0.2126482124919109
NewMedia24,0.6446811333379481,-0.839596371175859,1.0,-0.20810873941614805,0.21172160010003305
NewMedia24,0.6153440160586974,-0.8399975791518736,-1.0,-0.26448699963409683,-0.09041376089387765
NewMedia24,0.6443783023003622,-0.8402179035319222,1.0,-0.22653081890761007,0.30799317498183876
NewMedia24,0.6442225606238896,-0.8401227016393086,1.0,-0.11717949375736714,0.12359450956496354
NewMedia24,0.6445052029256364,-0.8401043412743046,1.0,-0.11287398752148503,0.4025822905055825
NewMedia24,0.6537328972566392,-0.8413936469057005,1.0,-0.08839978774912804,0.39304182213241234
NewMedia24,0.6552340739715281,-0.8362636249208635,-1.0,-0.11895149149443784,0.32147524531199934
NewMedia24,0.6550393968759374,-0.836122862122499,1.0,-0.15496446958210075,0.3477273967930625
NewMedia24,0.6460323365866039,-0.838516509708213,1.0,-0.1559079868166825,0.2665382348920422
NewMedia24,0.6456357721326227,-0.8377820951080508,1.0,-0.1825408805710791,0.2804560836582619
NewMedia24,0.6454108119332735,-0.8374298481053803,1.0,-0.16990952334016995,0.2688048426461924
NewMedia24,0.640940448997485,-0.8346329525030958,1.0,-0.16434401383681252,0.27051156375872454
NewMedia24,0.6406880897994971,-0.8394270478097104,1.0,-0.13273429620338284,0.3170848008973117
NewMedia24,0.6420349668904732,-0.8392536443624499,1.0,-0.11874464140809293,0.36435509690471335
NewMedia24,0.6544020096444474,-0.839181562929471,-1.0,-0.10291439889931986,0.3925687179202453
NewMedia24,0.6598125908493113,-0.8404565882769749,1.0,-0.1110107165087163,0.3842879944907154
NewMedia24,0.6658129715511871,-0.8376148117824582,-1.0,-0.09915329184629906,0.4140534346479319
NewMedia24,0.6681981264853141,-0.8398112554477583,1.0,-0.09033218881686356,0.45047872640719344
NewMedia24,0.6737990586280889,-0.8421702223440202,1.0,-0.06664380334119602,0.4229155070403414
NewMedia24,0.6747003414780461,-0.8412936849184562,1.0,-0.0338405121024854,0.435126634694029
NewMedia24,0.6747032255831662,-0.8410645203626648,1.0,-0.02164769865776983,0.4988286704885152
NewMedia24,0.6901721233935536,-0.8415514100420316,1.0,-0.0124118152985353,0.515056984795812
NewMedia24,0.6908268152557626,-0.8405830707914473,1.0,-0.02643873551408049,0.5237557569177496
NewMedia24,0.6901389561846751,-0.8407959150227906,1.0,0.0029112934476320795,0.5606401557231382
NewMedia24,0.690013497611961,-0.8410597602680341,1.0,0.007284309502817221,0.5417701096118073
NewMedia24,0.7028131561339148,-0.8417431738542962,1.0,-0.10692340200882222,0.5270478903704632
NewMedia24,0.7030193696499849,-0.841119601457677,1.0,-0.12161785931763769,0.4905796739686772
NewMedia24,0.7034332387346856,-0.8440014987497951,1.0,-0.1222211270629312,0.5088347779186309
NewMedia24,0.704477284788076,-0.8454145668415888,1.0,-0.1353439557783681,0.25985412153552656
NewMedia24,0.7043013543757644,-0.845250003570071,1.0,-0.12879604338451034,0.24604171808681174
NewMedia24,0.7049113426086153,-0.8447325132823641,1.0,-0.14373299596426303,0.23194750502848205
NewMedia24,0.7112405112941558,-0.8423252654262767,-1.0,-0.17469299909671854,0.21204073548575542
NewMedia24,0.7122643686117072,-0.8429080370117759,1.0,-0.17448290853904702,0.2081905816802292
NewMedia24,0.7092605731293695,-0.8468425952307932,1.0,-0.15602248347022085,0.20514293206102208
NewMedia24,0.7091812602385732,-0.8448324752696084,1.0,-0.16577684224170408,0.21527874656311274
NewMedia24,0.7210435845965713,-0.8420437398295478,1.0,-0.17449965097423414,0.20953710905332046
NewMedia24,0.7210882882259293,-0.8417499739894829,1.0,-0.16833303403980127,0.21049824778809811
NewMedia24,0.7215872384116657,-0.8421314615734561,1.0,-0.17243709097488225,0.16585568641868997
NewMedia24,0.7286287810618122,-0.8463230649025303,1.0,-0.1619476852908256,0.1686009972514233
NewMedia24,0.7275054221176254,-0.8468623156228345,1.0,-0.16066661895972778,0.17315847451419364
NewMedia24,0.726224879444406,-0.846978597934527,1.0,-0.1895527204431885,0.13464853815930744
NewMedia24,0.6153440160586974,-0.8399975791518736,-1.0,-0.6161629308982992,-0.48778490648260076
NewMedia24,0.638007314090584,-0.8313886080055272,1.0,-0.152922432567817,0.13565726725862248
NewMedia24,0.637498269536928,-0.8337992559292079,1.0,-0.1626908333817153,0.14623259277438305
NewMedia24,0.6433010890380932,-0.8373264860505427,-1.0,-0.1589410679783374,0.18786762973389992
NewMedia24,0.6454295586165524,-0.8385661506950759,1.0,-0.1792431609177555,0.18325229751816252
NewMedia24,0.6559493320412542,-0.8387925951967925,1.0,-0.1672512566952864,0.2078201233523589
NewMedia24,0.6560488336678896,-0.8371299621436474,1.0,-0.1925544770486869,0.20025232224648937
NewMedia24,0.6562579312890797,-0.8361391824469471,1.0,-0.18976605147218661,0.19365779075263267
NewMedia24,0.6674266283657506,-0.835923618161529,1.0,-0.18191979023348948,0.22837636139936213
NewMedia24,0.6675953485152626,-0.8359079778505997,1.0,-0.1652194811735367,0.2540238353074782
NewMedia24,0.6663522992086015,-0.8361969835960339,1.0,-0.16061261110428515,0.2586177052019536
NewMedia24,0.6668252924482592,-0.8361718230958431,1.0,-0.15115097490930052,0.21517890011202412
NewMedia24,0.676693258115872,-0.8386484323308347,1.0,-0.138089175070514,0.23303275196881823
NewMedia24,0.6762375695069334,-0.8382805450172349,1.0,-0.13793579276105716,0.24465319921559892
NewMedia24,0.6755857617498442,-0.8379194578388218,1.0,-0.12334287022047363,0.287140197014778
NewMedia24,0.6799522969013174,-0.8361922235014032,-1.0,-0.1220288590975559,0.2854166793029973
NewMedia24,0.6821384485821738,-0.833289925803725,1.0,-0.11281565903760715,0.28666149393619444
NewMedia24,0.6839640871230475,-0.8338556970512574,1.0,-0.11105932357861448,0.46920880085811967
NewMedia24,0.6885224152649916,-0.836247984609934,1.0,-0.10533125043037517,0.47469942252358654
NewMedia24,0.6957557509056089,-0.838623271830644,1.0,-0.11761857762211514,0.4783769446146138
NewMedia24,0.6960672342585543,-0.8372238040092237,1.0,-0.118365506262886,0.5464386310584983
NewMedia24,0.6947693869546157,-0.8369307181826775,1.0,-0.11587790444120105,0.46775682816752373
NewMedia24,0.6921549456634597,-0.835911377918193,1.0,-0.12543621469742783,0.48818709172016317
NewMedia24,0.7063908885351053,-0.841158362228241,1.0,-0.1268533808242408,0.2662974836361467
NewMedia24,0.7071465240765094,-0.839928897786488,1.0,-0.1356480200045097,0.2957829804725538
NewMedia24,0.6884733854779539,-0.8349981197626208,1.0,-0.10414469784630176,0.27054235752401334
NewMedia24,0.6881518077570892,-0.8358692170800356,1.0,-0.10817746441219889,0.42985063624118225
NewMedia24,0.6837996931312154,-0.8337842956317971,1.0,-0.08003775149095427,0.5155067603979115
NewMedia24,0.6826705659767887,-0.8324779896624345,1.0,-0.08850078243880566,0.5170763092832471
NewMedia24,0.682836402021181,-0.832838396827329,1.0,-0.0782743950107544,0.5309129744864323
NewMedia24,0.6461851941579566,-0.845356765692502,-1.0,-0.11372137077337896,0.2976427372671282
NewMedia24,0.645755462495097,-0.8402267437076649,1.0,-0.12092655876797287,0.27933817666383165
NewMedia24,0.6153440160586974,-0.8399975791518736,-1.0,-0.5491710469287757,-0.5001751978616062
NewMedia24,0.6497888835052261,-0.8378466963923243,1.0,-0.15089605783161164,0.2576602990447867
NewMedia24,0.6500527791236936,-0.8416092111911184,1.0,-0.1685317829478299,0.2626666187652542
NewMedia24,0.7000328787983665,-0.8419689383424942,1.0,-0.17575155306339307,0.29478918168368184
NewMedia24,0.6999045361205325,-0.8432528038657409,1.0,-0.16767359812484717,0.2960461271941144
NewMedia24,0.7005952792967398,-0.8435431696382124,1.0,-0.2021219686403387,0.266698735729306
NewMedia24,0.7075762557393692,-0.8449249571081473,1.0,-0.20630271673014844,0.22156160782646883
NewMedia24,0.6741437091899125,-0.8435792103547018,1.0,-0.18820090382146093,0.234398875374366
NewMedia24,0.6750132668835513,-0.8424741883868652,1.0,-0.1992627927732089,0.19323600948261332
NewMedia24,0.6751329572460256,-0.8424265874405583,1.0,-0.21671813165224885,0.1717438275997054
NewMedia24,0.6754949124385687,-0.8424299875081517,1.0,-0.21359161690067818,0.16986727420588266
NewMedia24,0.6725141897971898,-0.8432031628788781,1.0,-0.21890598987622756,0.18918056390849403
NewMedia24,0.6694858794213332,-0.8440048988173885,1.0,-0.2137298770106113,0.1657437090903664
NewMedia24,0.6667272328741838,-0.8414732084873847,1.0,-0.24020830829844209,0.14390813006726577
NewMedia24,0.6660364896979767,-0.8413222454862402,1.0,-0.2519398946576781,0.1562778922694119
NewMedia24,0.6664489167301171,-0.8421321415869747,1.0,-0.23039724127874406,0.16171812413713305
NewMedia24,0.6670992824346462,-0.8415160493390609,1.0,-0.2230872780445916,0.1969695202378028
NewMedia24,0.6682341777993126,-0.8417146132865121,1.0,-0.21260219298897032,0.1716374491377981
NewMedia24,0.6944175261299923,-0.8447474735797748,1.0,-0.20790837027245612,0.20755884291960358
NewMedia24,0.6941997761934426,-0.8451153608933746,1.0,-0.19018569250897543,0.24311444409555216
NewMedia24,0.7050194965506102,-0.8434751682863455,1.0,-0.18951653518004197,0.26343739604188143
NewMedia24,0.7053699153226738,-0.8448827962699899,1.0,-0.15029495040053586,0.26053345066068956
NewMedia24,0.7041499388569716,-0.8451643218667186,1.0,-0.15913171570804974,0.21892080916683732
NewMedia24,0.7048103989294201,-0.8476994122643158,1.0,-0.18459911994199563,0.1712548599326924
NewMedia24,0.7161132068941649,-0.8419322176124862,1.0,-0.22846105966112773,0.1660357832884103
NewMedia24,0.7164852564546274,-0.8428570359978756,1.0,-0.2331451609636621,0.15105694933632452
NewMedia24,0.7168111603331719,-0.8432024828653594,1.0,-0.22751160156244732,0.14020821251057392
NewMedia24,0.7155839736046699,-0.8368443564658066,1.0,-0.22578929105238366,0.16194674451579383
NewMedia24,0.7062164001753537,-0.8386695127499135,1.0,-0.18071865552844657,0.17893837094449627
NewMedia24,0.7055069103158671,-0.8396154115543817,1.0,-0.1755943902040552,0.18338200459013732
NewMedia24,0.7305539212293211,-0.8379194578388218,1.0,-0.19847643839796503,0.13595027460106945
NewMedia24,0.7288998869430792,-0.8272371254740545,-1.0,-0.20230451519173465,0.16597232946902696
NewMedia24,0.7285263953300569,-0.835365327062702,1.0,-0.18982816050594564,0.14270064121017656
NewMedia24,0.7306591910661959,-0.8361425825145403,1.0,-0.19755020367712484,0.09437402573892228
NewMedia24,0.740543019311968,-0.8388395161295806,1.0,-0.1919792933882234,0.08818541206023833
NewMedia24,0.6153440160586974,-0.8399975791518736,-1.0,-0.4378468148192155,0.003967263428064749
NewMedia24,0.6476012897718095,-0.8330192804232948,1.0,-0.1509651878865782,0.15671273756106863
NewMedia24,0.6405424424909438,-0.8300795819820899,1.0,-0.02833549139722369,0.17275722242103408
NewMedia24,0.640223748875199,-0.8308391570824428,1.0,-0.014957745604098127,0.18390643174445298
NewMedia24,0.6468716111764841,-0.830459029525507,1.0,-0.07131062212998895,0.20788264402733936
NewMedia24,0.6473229736277428,-0.8299517394405801,1.0,-0.04683210172919661,0.21775064608585604
NewMedia24,0.6370930527675873,-0.8300639416711604,1.0,-0.17721894649576786,0.18860574695643306
NewMedia24,0.637728997946517,-0.8287073147014162,1.0,-0.10067631336977978,0.20576813881082878
NewMedia24,0.6376785261069196,-0.8283448674959658,1.0,-0.08922232738751856,0.21868752306616335
NewMedia24,0.6490346900163817,-0.8270263212832671,1.0,-0.05553006684822315,0.26377052859364425
NewMedia24,0.6490808356982996,-0.82820478471112,1.0,-0.026402550250934076,0.45312792336644936
NewMedia24,0.6586027087515285,-0.8288127167968099,1.0,-0.02661372096571457,0.456813843757101
NewMedia24,0.6581138529337118,-0.829469609855844,1.0,-0.03472516077463472,0.4901317646553829
NewMedia24,0.6569530006229667,-0.8289854402305518,1.0,0.006459609550208967,0.4539724190508896
NewMedia24,0.6716604946817102,-0.8305052704447764,1.0,-0.018304612405874443,0.5651407111773439
NewMedia24,0.6723195127015988,-0.8308343969878121,1.0,-0.02329763864154033,0.5369308227394227
NewMedia24,0.6717210608892272,-0.8308819979341189,1.0,-0.000327557643259202,0.5653525349567559
NewMedia24,0.6714470709028402,-0.8306106725401701,1.0,0.04964753123341792,0.5900659313177725
NewMedia24,0.6709279319812649,-0.830582111972386,1.0,0.051307732709722664,0.5580142873739498
NewMedia24,0.6773969797651185,-0.8299891401841069,1.0,0.03020308303842789,0.5438426233301967
NewMedia24,0.6782997046676358,-0.8308527573528162,1.0,0.045470023614934796,0.5358670381203487
NewMedia24,0.6782780738792369,-0.830824196785032,1.0,0.015569654606262473,0.49034078900158695
NewMedia24,0.6904634180106597,-0.8335109301972923,1.0,-0.01061389379085198,0.5010962113870678
NewMedia24,0.6917958745760366,-0.8320264606860384,1.0,-0.004165355851008634,0.4573093434349327
NewMedia24,0.6873774255324059,-0.8336455728739888,-1.0,0.004429994342677102,0.45660855198850747
NewMedia24,0.6869073163978681,-0.8327595152591634,1.0,-0.005232551074553782,0.37234187984739364
NewMedia24,0.6999708705382894,-0.8342195042837451,1.0,-0.11290639223475063,0.5018613897972792
NewMedia24,0.7009572344892827,-0.8334497289806121,1.0,-0.10999428866928695,0.46225967449123795
NewMedia24,0.7020373318566715,-0.8331369227620244,1.0,-0.14526789921594108,0.4295398991550845
NewMedia24,0.7148124754851064,-0.8340427007688913,1.0,-0.1496565775492047,0.41636110075580035
NewMedia24,0.7150850234189337,-0.8346744333277345,1.0,-0.14464464856413373,0.28491558075874934
NewMedia24,0.7210161855979327,-0.8309778798402512,1.0,-0.15498013186017912,0.1961072948097109
NewMedia24,0.726712293209663,-0.8309778798402512,1.0,-0.1591425172791382,0.18246379049788386
NewMedia24,0.7267295978403823,-0.8316544932913266,1.0,-0.16860307331701407,0.1569478899505481
NewMedia24,0.7346781915507257,-0.8312600854504988,-1.0,-0.1844813828171309,0.11253954782621678
NewMedia24,0.734988232851111,-0.8277403354778693,1.0,-0.20985427330405215,0.08331439827816212
NewMedia24,0.7355693800327634,-0.8301965443073008,1.0,-0.20807417438866493,0.009567062988646846
NewMedia24,0.6153440160586974,-0.8399975791518736,-1.0,-0.7390183802234035,-0.8109505428800848
NewMedia24,0.6376915045799589,-0.8256282134888842,1.0,-0.19336621511598873,0.10250171348640968
NewMedia24,0.6377621651553955,-0.8252202053776829,1.0,-0.19394247893356087,0.07238447788937696
NewMedia24,0.6345161048429893,-0.8261756243714125,1.0,-0.2009953647758067,0.10839265410063326
NewMedia24,0.6351462818116795,-0.8263871085757185,1.0,-0.1856177080956426,0.18636620038996132
NewMedia24,0.644805149858102,-0.8270011607830763,1.0,-0.2018227651211869,0.3160331471554727
NewMedia24,0.6450892342124086,-0.8265863525366884,1.0,-0.20016364380199103,0.3058656057436906
NewMedia24,0.6556868784753467,-0.8271670840816315,1.0,-0.19109842526595489,0.37310052624678613
NewMedia24,0.6552311898664083,-0.8263293074266316,1.0,-0.10978851874005069,0.323558023618818
NewMedia24,0.6451757573660046,-0.8263061869669969,1.0,-0.2054861179558567,0.21884802390342717
NewMedia24,0.6444403105604393,-0.8262198252501259,1.0,-0.20362878780718663,0.2134675132774786
NewMedia24,0.6457439260746176,-0.8257730563683606,1.0,-0.18966937741094436,0.3739524870864479
NewMedia24,0.6537372234143191,-0.8259648201806251,1.0,-0.19149052229646812,0.3590977613399209
NewMedia24,0.6546413903693962,-0.8289895203116637,-1.0,-0.07643110690449928,0.43304292324280746
NewMedia24,0.6571044161417596,-0.8273670080561202,1.0,-0.09459286853272808,0.38819973582681966
NewMedia24,0.6572342008721535,-0.8246850347384906,1.0,-0.10368077036805001,0.4162640537379201
NewMedia24,0.6393498650238805,-0.8286481535252921,1.0,-0.19521814447911445,0.21820975313198265
NewMedia24,0.638152961399137,-0.829798056385361,1.0,-0.19807083940359127,0.13533159986208143
NewMedia24,0.6153440160586974,-0.8399975791518736,-1.0,-0.6915173912045507,-0.5024492707709778
NewMedia24,0.7217328857202188,-0.8402559842889676,1.0,-0.2355096248749381,0.2168184348275619
NewMedia24,0.725149108234697,-0.8383771069368859,1.0,-0.22966867530882362,0.22902303047043082
NewMedia24,0.7252010221268546,-0.8382689847874176,1.0,-0.2293559698258113,0.21731580079419932
NewMedia24,0.7318532105858195,-0.8391700026996537,1.0,-0.2533203354427902,0.11340363954311394
NewMedia24,0.7305683417549202,-0.8393053253898688,1.0,-0.26280843548694166,0.08671757591479667
NewMedia24,0.701203825477031,-0.8415949309072264,1.0,-0.27568768877433225,0.07687663504395825
NewMedia24,0.7018282342354814,-0.8411576822147224,1.0,-0.297141229191786,0.03236658017973304
NewMedia24,0.6659542927020605,-0.837452968565015,1.0,-0.28380830991867767,0.05895093106815663
NewMedia24,0.6482516554763387,-0.8323215865531407,-1.0,-0.275904260274657,0.017003290733736298
NewMedia24,0.6378804134653102,-0.8294614496936199,1.0,-0.26884003278276825,0.05009072496455236
NewMedia24,0.6381443090837775,-0.8293574076252636,1.0,-0.26308441562825313,0.07173500938510013
NewMedia24,0.6453848549871948,-0.830916678623571,-1.0,-0.24826574025191972,0.14216408317862572
NewMedia24,0.6467807618652084,-0.8296654537492205,1.0,-0.3174049765538398,-0.6159420256045494
NewMedia24,0.6153440160586974,-0.8399975791518736,-1.0,-0.7149216953605901,-0.6159420256045494
NewMedia24,0.659250190350938,-0.8344615890963912,1.0,-0.2545635962750782,0.18584177323564566
NewMedia24,0.6591261738307839,-0.8329913998690294,1.0,-0.25573124610974673,0.17326018725408732
NewMedia24,0.6676775455111787,-0.8324086282835302,1.0,-0.24344337883945222,0.19687620579753307
NewMedia24,0.66912969243903,-0.8322821457690579,1.0,-0.2404621452190222,0.17952158619618142
NewMedia24,0.669912726979073,-0.8335986519412006,1.0,-0.26116497644582415,0.1356442032369849
NewMedia24,0.672382963014236,-0.8341127421613141,1.0,-0.275289110801166,0.11461019525580074
NewMedia24,0.6790423617360006,-0.832850637070665,1.0,-0.2695459154534027,0.13540718455869993
NewMedia24,0.6792110818855126,-0.8329070781927145,1.0,-0.2579628506966338,0.10528714952845886
NewMedia24,0.6815630696107611,-0.8356203321322028,1.0,-0.2425344266323537,0.11316102199841271
NewMedia24,0.6930836275120555,-0.8349763593300235,1.0,-0.22569369714825027,0.14329505419469402
NewMedia24,0.6927043676887936,-0.8348349165181403,1.0,-0.2003208066613289,0.18803932830399628
NewMedia24,0.7024310122055331,-0.8356400525242442,-1.0,-0.20733696716187366,0.1509832309285113
NewMedia24,0.7025766595140859,-0.8346540329221745,1.0,-0.22204762682732215,0.15624709850412288
NewMedia24,0.7026876975612006,-0.8346485928140251,1.0,-0.21033980392448093,0.17711314049282167
NewMedia24,0.7149610068987793,-0.8325969920282015,1.0,-0.2489251761668736,0.11504783998066537
NewMedia24,0.7157425993862625,-0.8322699055257219,1.0,-0.2576938915765299,0.10803152721678977
NewMedia24,0.7146062619690363,-0.8329546791390213,1.0,-0.290464778101975,0.07171914593025419
NewMedia24,0.7185949793498072,-0.8354958896582865,1.0,-0.32363748307191287,-0.015904046627359336
NewMedia24,0.7273540065988326,-0.8339189383084936,1.0,-0.32819790638548385,-0.02710551203732925
NewMedia24,0.7268464040977367,-0.8345724312999343,1.0,-0.3376400997525091,-0.05197101093598577
NewMedia24,0.73754354998731,-0.8342242643783758,1.0,-0.35352435011672456,-0.10632014038224402
NewMedia24,0.7349492974319927,-0.8292547255839446,-1.0,-0.6998097573292036,-0.33564037734493357
NewMedia24,0.6153440160586974,-0.8399975791518736,-1.0,-0.6998097573292036,-0.6340328961396282
NewMedia24,0.6363475115941026,-0.8258526179500448,1.0,-0.24208778166784373,-0.004378780109653646
NewMedia24,0.6360317020834774,-0.8257431357735392,1.0,-0.24896190150857445,0.04471861263822818
NewMedia24,0.6354635333748644,-0.8247679963877682,1.0,-0.24163681607489818,0.10495121754348835
NewMedia24,0.6422974204563807,-0.8233807688096839,1.0,-0.2366475703891131,0.15661289110998
NewMedia24,0.643308299300893,-0.8248645583074191,1.0,-0.2468642364031849,0.15008461286871477
NewMedia24,0.6431987033063382,-0.8253439678380806,1.0,-0.26689953053671656,0.13728187166371741
NewMedia24,0.642714173646201,-0.8260443817623094,1.0,-0.2824921384815422,0.128366610040354
NewMedia24,0.6511790221730003,-0.8270528418104952,-1.0,-0.2780991395198432,0.16426840778970275
NewMedia24,0.6524364920052608,-0.8272636460012825,1.0,-0.2759517871874464,0.14654053042727289
NewMedia24,0.6534978426893705,-0.8278790582356778,1.0,-0.2989288892069353,0.11726499108147248
NewMedia24,0.6568982026256893,-0.8273459276370414,1.0,-0.28330117615607187,0.13603052501970114
NewMedia24,0.6587324934819223,-0.8277403354778693,1.0,-0.27886821138134554,0.11448328761703386
NewMedia24,0.6649304353845089,-0.8293342871656288,1.0,-0.2883746740963473,0.18303487487233405
NewMedia24,0.6661374333771719,-0.8287793961343952,1.0,-0.27263192431339134,0.21844677181026761
NewMedia24,0.670524157264484,-0.8278198970595536,1.0,-0.26259726477216105,0.2881965164786302
NewMedia24,0.6787409727509748,-0.828293186468547,-1.0,-0.14604129170587865,0.2378944343068674
NewMedia24,0.6793336563531067,-0.8285556716867531,1.0,-0.21538197730859965,0.24753288284232067
NewMedia24,0.6781785722526015,-0.8276376534365503,1.0,-0.15454050791687646,0.3333075163381922
NewMedia24,0.688391188482038,-0.8284509496048782,-1.0,-0.14195181689176684,0.3649075183911097
NewMedia24,0.6896688470501373,-0.8282299452113108,1.0,-0.13611356771842453,0.3674587351880825
NewMedia24,0.6897582543088532,-0.8286821542012255,1.0,-0.07037574615227782,0.4029182224905532
NewMedia24,0.6898736185136476,-0.8286161928899146,1.0,-0.08276784858357644,0.46520467822614875
NewMedia24,0.6911685817124662,-0.8286107527817653,1.0,-0.09148579660911682,0.45136707987856095
NewMedia24,0.7045623658891118,-0.8295396512482668,1.0,-0.17749978734406924,0.4226728894956404
NewMedia24,0.705069968390208,-0.8297409352497928,1.0,-0.20421261272452085,0.4405528693957099
NewMedia24,0.7005217346161832,-0.827632213328401,1.0,-0.19021539682946886,0.3560622425979487
NewMedia24,0.7046993608823056,-0.8283890683746793,1.0,-0.18978225382881952,0.3290981019376278
NewMedia24,0.7175220922452181,-0.829475729977512,1.0,-0.18847580380566364,0.35100646622413856
NewMedia24,0.7158983410627351,-0.8289221989733155,1.0,-0.2012972686877308,0.3685533135724457
NewMedia24,0.709590803165594,-0.8293064066113635,1.0,-0.22986742421685247,0.3000717121473473
NewMedia24,0.7107516554763387,-0.8303835480249347,1.0,-0.2485141763869556,0.11627679115901679
NewMedia24,0.7284975542788583,-0.8305236308097805,1.0,-0.2691754215650667,0.0364556189523495
NewMedia24,0.7314278050806395,-0.8288405973510753,1.0,-0.27330324195654265,0.04272075047205437
NewMedia24,0.732174788306684,-0.8289099587299795,1.0,-0.25829013830061576,0.01731589410863954
NewMedia24,0.7317623612745436,-0.8293682878415622,1.0,-0.2619167657935847,0.015936706681454194
NewMedia24,0.732768913961376,-0.829713734709046,1.0,-0.2769104266215521,0.043975829693681634
NewMedia24,0.7416735885189543,-0.8307453152168665,1.0,-0.27287549974143743,0.0278436292598625
NewMedia24,0.7389913707574816,-0.8265020308603735,-1.0,-0.2627020400117197,-0.00034106427918545457
NewMedia24,0.7395451189404953,-0.8263796284270131,1.0,-0.27544681373905844,-0.056299867820095106
NewMedia24,0.7399647562354355,-0.82623818561513,1.0,-0.28101880418506875,-0.06327605537465508
NewMedia24,0.7399589880251956,-0.8263633081025651,1.0,-0.26857323397688193,-0.034785290471522234
NewMedia24,0.7429945086638516,-0.8237894569344039,-1.0,-0.27079997785677934,-0.09690191392582714
NewMedia24,0.7293180821854595,-0.8065218736548483,1.0,-0.26992559067716404,-0.048673278616855775
NewMedia24,0.6409721741538037,-0.8190524827633574,1.0,-0.1219591889640349,0.08733065178736843
NewMedia24,0.6415691839136153,-0.8231502442268552,-1.0,-0.12209528875975018,0.057709849012570036
NewMedia24,0.6371045891880667,-0.8241355838154063,1.0,-0.12526608995278365,0.08199586523715174
NewMedia24,0.635433250271106,-0.8212264859825413,-1.0,-0.12424048077792915,0.09928703101911984
NewMedia24,0.6382048752912948,-0.8214882911872288,1.0,-0.07953763874955622,0.16603018442199424
NewMedia24,0.6425411273390091,-0.8236507341765954,1.0,-0.1058000386156166,0.34940519042911133
NewMedia24,0.6424488359751737,-0.8056956572296657,-1.0,-0.11353072304366674,0.3604657510342739
NewMedia24,0.6447416995454651,-0.7818095023729071,1.0,-0.13289037890561195,0.3113898206076544
NewMedia24,0.6451065388431279,-0.7823555532283982,1.0,-0.12610159147648026,0.3620735588401205
NewMedia24,0.6386043238503958,-0.784016826254506,-1.0,-0.08801471173982256,0.42871033378108714
NewMedia24,0.6446753651277082,-0.7843955937844045,1.0,-0.17981672434255558,0.2677531889043534
NewMedia24,0.6634826146143373,-0.7867804011943758,1.0,-0.16238568899846484,0.21877057291800317
NewMedia24,0.6634234904593803,-0.7869034836412547,1.0,-0.16924360648256287,0.14643788454297613
NewMedia24,0.6595256223898851,-0.7867055997073222,1.0,-0.23897908950856894,0.15425110262675523
NewMedia24,0.668239946009552,-0.7881737488941281,-1.0,-0.22090374044904837,0.17431650671793997
NewMedia24,0.6725545672688678,-0.7872876912793026,1.0,-0.2299851613417172,0.06891691328895622
NewMedia24,0.6490447843843015,-0.7961788680358965,-1.0,-0.534553820853243,-0.06541948806764919
NewMedia24,0.639214312083247,-0.8199024996616933,-1.0,-0.20651442752348337,0.08249509749259443
NewMedia24,0.6397680602662608,-0.8185880335301066,1.0,-0.19105521898160094,0.09442068295905703
NewMedia24,0.639231616713966,-0.8184119100287713,1.0,-0.21676079785804858,0.0945298608541727
NewMedia24,0.6378342677833921,-0.8186757552740149,1.0,-0.19433565612118286,0.11452621225955784
NewMedia24,0.6448412011721003,-0.8190361624389093,-1.0,-0.17784273722612964,0.23710965986419974
NewMedia24,0.647295574629104,-0.8201017436226632,1.0,-0.14967223982728295,0.2736319986413418
NewMedia24,0.650293601901202,-0.8228027573188155,-1.0,-0.13011383505730922,0.35723707140094363
NewMedia24,0.6701564338617014,-0.8058561404200715,-1.0,-0.17694242627590184,0.34198949186088123
NewMedia24,0.680445478876814,-0.7959422233313999,1.0,-0.15718689283356257,0.27948747976826316
NewMedia24,0.680446920929374,-0.7960224649266028,1.0,-0.15730030932999217,0.2985012301176089
NewMedia24,0.6921347569276206,-0.7960952263731003,1.0,-0.13653806946220326,0.3190826630634851
NewMedia24,0.6926452435338362,-0.7948984025802432,1.0,-0.11549876929599412,0.3397452795723961
NewMedia24,0.6931398675618927,-0.7951948884743829,1.0,-0.10457838092550553,0.33161945811371396
NewMedia24,0.6972425070948987,-0.7960326651293828,1.0,-0.17101776453385142,0.31377400455654425
NewMedia24,0.6785953254424217,-0.7966813980261928,1.0,-0.19847805863362822,0.2998776181115863
NewMedia24,0.6793293301954269,-0.7965739558902432,1.0,-0.19514523387426708,0.2567234220644794
NewMedia24,0.6801974458365059,-0.796972443812183,1.0,-0.14105744680563792,0.2849585054012733
NewMedia24,0.6383822477561663,-0.820473711017375,1.0,-0.1373449468225153,0.22198432224089037
NewMedia24,0.6388783138367826,-0.8200643428791364,1.0,-0.15208099018002175,0.31682072103134873
NewMedia24,0.6386533536374335,-0.8196155339568151,1.0,-0.1262841380278762,0.12359730899817167
NewMedia24,0.6329457096052236,-0.8183595489878339,1.0,-0.14997144334643486,0.26338793938853855
NewMedia24,0.6356726309960545,-0.8179767013768233,1.0,-0.11816729743341181,0.2556269773913109
NewMedia24,0.6416384024364921,-0.8193578088332396,1.0,-0.09031760669589395,0.36087913400466864
NewMedia24,0.643540469763042,-0.8193013677111901,1.0,-0.07551567375474766,0.4546536144648583
NewMedia24,0.6519779192912023,-0.8205661928559139,1.0,-0.06771909974305768,0.4686321176172532
NewMedia24,0.6519187951362451,-0.8204281501116242,1.0,-0.09003838608325587,0.4502827660826274
NewMedia24,0.6590569553079071,-0.8221111835703294,1.0,-0.06583314543100305,0.47951071506389
NewMedia24,0.659166551302462,-0.8220642626375412,1.0,-0.03919377073395336,0.5145540199627583
NewMedia24,0.6603100989824877,-0.8215896132015105,1.0,-0.04885577607262981,0.46943742123678045
NewMedia24,0.6655447497750397,-0.8213482084023831,1.0,-0.06215629063247241,0.4708007452091203
NewMedia24,0.6667358851895433,-0.8219037794471354,1.0,-0.07656936701443229,0.4887824378490835
NewMedia24,0.6839280358090492,-0.8213434483077524,1.0,-0.1007972909659709,0.4276409502955969
NewMedia24,0.6838169977619346,-0.8214910112413034,1.0,-0.11968599832845683,0.41464131562163065
NewMedia24,0.6789298816363258,-0.8237017351904956,1.0,-0.14289749444056643,0.3996764788355853
NewMedia24,0.679665328441891,-0.8228680386166077,1.0,-0.09029330316094475,0.3584277636587845
NewMedia24,0.6808276228051962,-0.8223090675042619,1.0,-0.08536670658747325,0.360924858080401
NewMedia24,0.6707808426201518,-0.8207946773981867,1.0,-0.11921883037887859,0.3210739932188398
NewMedia24,0.6701578759142615,-0.8214665307546314,1.0,-0.11598700030919495,0.29798333497411233
NewMedia24,0.6714196719042016,-0.8218072175274844,1.0,-0.13967484570630795,0.3374012208328221
NewMedia24,0.6823561985187236,-0.8222900271257392,1.0,-0.1430352144719449,0.32342178453602455
NewMedia24,0.6984033594056436,-0.823288286971145,1.0,-0.18302425087729013,0.3272812697855776
NewMedia24,0.6985908262384348,-0.821990821177525,1.0,-0.1356085942700367,0.38026427582628775
NewMedia24,0.6990061373756951,-0.8222070654764617,1.0,-0.11706985781081858,0.34420197723967494
NewMedia24,0.7000170162202073,-0.8223974692616889,1.0,-0.12444301023583881,0.40270266613353023
NewMedia24,0.7128527260561595,-0.8228299578595623,1.0,-0.13573767304454432,0.39068469937120076
NewMedia24,0.7205345400429155,-0.8219942212451183,1.0,-0.29327210642788004,-0.08212090658711291
NewMedia24,0.6153440160586974,-0.8399975791518736,-1.0,-0.29327210642788004,-0.08212090658711291
NewMedia24,0.7324199372418727,-0.8230271617799761,1.0,-0.22642928413937802,0.35333932723088
NewMedia24,0.7316441129646294,-0.8227320359128739,1.0,-0.2111229178283981,0.35422021554702576
NewMedia24,0.7332520015689534,-0.8232502062140995,1.0,-0.20023223377840305,0.3933226985976239
NewMedia24,0.7362226298424126,-0.8233522082418998,1.0,-0.19883451047954936,0.39790537075926724
NewMedia24,0.7362442606308115,-0.8217779769461817,1.0,-0.20875359321013254,0.32970091322176986
NewMedia24,0.7275169585381049,-0.7841181482687876,1.0,-0.07717209468117137,0.19386961453204465
NewMedia24,0.7269689785653308,-0.783714900252217,1.0,-0.07510089342494863,0.1927377103715735
NewMedia24,0.7070196234512356,-0.7877793410533002,1.0,-0.15692009402767637,0.23178513790241273
NewMedia24,0.7087298977873144,-0.7878296620536817,1.0,-0.1027361729763594,0.1888464982123288
NewMedia24,0.7160555247917677,-0.7864859553407921,1.0,-0.11443643477943866,0.27090815012987046
NewMedia24,0.7163828707228721,-0.7865471565574723,1.0,-0.14521065088917184,0.18525482540634952
NewMedia24,0.7241137144966661,-0.7842935917566041,1.0,-0.1331415154334198,0.14449787732977026
NewMedia24,0.7265998131099882,-0.7853836534270302,1.0,-0.17534703422612818,0.15184452321220054
NewMedia24,0.7406554994116425,-0.7842820315267868,1.0,-0.1834789970201166,0.1281202599180422
NewMedia24,0.741196269121617,-0.7848042819091243,1.0,-0.23723355562066506,0.11281762485822044
NewMedia24,0.7400700260723103,-0.7995299746558961,-1.0,-0.3326567949308227,0.11017402676538102
NewMedia24,0.7367460949216678,-0.8248108372394443,1.0,-0.30964296756963305,0.012300242944145445
NewMedia24,0.7367778200779864,-0.82384249798886,1.0,-0.29813713404614695,0.006672449051482232
NewMedia24,0.7283562331279851,-0.8251562841069281,1.0,-0.25344617374597145,0.2218480831580969
NewMedia24,0.727491001592026,-0.8238084973129266,1.0,-0.2532927914365144,0.2771219587074272
NewMedia24,0.7281500196119146,-0.8228238377378942,1.0,-0.24677296312748687,0.0103509042869121
NewMedia24,0.7329722433723265,-0.8237010551769769,1.0,-0.23260292209501865,0.07540040059889219
NewMedia24,0.74050119978773,-0.8210163618052727,1.0,-0.26921700761375733,0.08941436323858998
NewMedia24,0.7358880736485083,-0.8222580664903618,1.0,-0.20098618344038144,0.38772569847024974
NewMedia24,0.7288580674188412,-0.8212727269018107,1.0,-0.18658066815818364,0.42512425984152435
NewMedia24,0.6962878683002238,-0.8211544045495625,-1.0,-0.019920527440716262,0.4503882114001321
NewMedia24,0.6412879836644285,-0.8154028502086621,1.0,-0.0013758501173996018,0.41314641828851073
NewMedia24,0.6407198149558155,-0.8161481450251231,1.0,-0.05265846917434136,0.41640869112033774
NewMedia24,0.6350972520246418,-0.8153960500734755,-1.0,-0.0560480021819173,0.40308992106064956
NewMedia24,0.6353568214854297,-0.8154246106412595,1.0,-0.08848187968940091,0.3811936876513735
NewMedia24,0.6461231858978798,-0.8168057180976758,1.0,-0.09592578240505079,0.3603015176193993
NewMedia24,0.6460453150596432,-0.8170206023695751,1.0,-0.10294626353403102,0.37203860791651744
NewMedia24,0.6446147989201911,-0.8170736434240313,1.0,-0.0888507533420736,0.3536239362737026
NewMedia24,0.6586142451720081,-0.8174007299265109,1.0,-0.10919983311572667,0.35884207977358207
NewMedia24,0.6598919037401076,-0.8180426626881343,1.0,-0.09352405307351952,0.36756231421678187
NewMedia24,0.6776104035439883,-0.7994463329930999,-1.0,-0.15855491181192305,0.23604867467833346
NewMedia24,0.6802464756235436,-0.7977898200616228,1.0,-0.17790160578856185,0.2984415088758363
NewMedia24,0.6930966059850949,-0.7963005904557383,-1.0,-0.14795154955288248,0.28061285191791496
NewMedia24,0.6958999561616022,-0.7972322089763144,1.0,-0.1565177355046291,0.32764146352501844
NewMedia24,0.6933258923421242,-0.7996387768188832,-1.0,-0.1336259658967398,0.31896975259075866
NewMedia24,0.6442398652546089,-0.8161413448899364,1.0,-0.06278440199126956,0.36286206586039893
NewMedia24,0.6443653238273228,-0.8159808616995305,1.0,-0.0852554504052615,0.3802129528841396
NewMedia24,0.645775651230936,-0.8161821457010565,1.0,-0.08859205571450368,0.36045735273464974
NewMedia24,0.6604716088692,-0.8176475748337877,1.0,-0.09685093696878222,0.31416312577246885
NewMedia24,0.6604788191319997,-0.8183031078657843,1.0,-0.09192812094519165,0.36368043350156376
NewMedia24,0.6428713573752336,-0.8169505609771522,1.0,-0.09805639230226049,0.40810370593633816
NewMedia24,0.6435375856579222,-0.8170110821803138,1.0,-0.06025251372812179,0.3772212919290945
NewMedia24,0.6524119771117418,-0.8156530951835322,1.0,-0.05931925798607418,0.389803811055055
NewMedia24,0.6572269906093537,-0.8172089661142463,1.0,-0.0551228476181862,0.4339471401690205
NewMedia24,0.6581484621951501,-0.8175435327654313,1.0,-0.056618325135391,0.3795046962824926
NewMedia24,0.6644689785653308,-0.8176706952934225,-1.0,-0.06411083492093927,0.3654524747222849
NewMedia24,0.6707592118317529,-0.8190042018035318,1.0,-0.07285740710986421,0.36407981930591804
NewMedia24,0.6696949770425233,-0.8187573568962551,1.0,-0.06377436598153208,0.4123887050335209
NewMedia24,0.6688138829284049,-0.8191408845207843,1.0,-0.07202460597893956,0.38598445101481804
NewMedia24,0.6744898018042962,-0.8195114918884587,1.0,-0.057535378520805924,0.3462343657487481
NewMedia24,0.6750969059320275,-0.8176475748337877,1.0,-0.3438180583365852,0.0080087118361436
NewMedia24,0.6153440160586974,-0.8399975791518736,-1.0,-0.3438180583365852,0.0080087118361436
NewMedia24,0.6858142405574399,-0.8185037118537917,1.0,-0.09260321913822378,0.35631139215346885
NewMedia24,0.6860766941233476,-0.8190082818846438,1.0,-0.08722457681469764,0.3319964484524034
NewMedia24,0.6911685817124662,-0.8177896976591894,-1.0,-0.08569885489844498,0.38287708015383815
NewMedia24,0.6957831499042477,-0.8181902256216853,1.0,-0.1066258187253335,0.3166191618403662
NewMedia24,0.6955264645485799,-0.8185628730299158,1.0,-0.12445813243536274,0.3300601738168081
NewMedia24,0.6882844765926028,-0.8184200701909954,1.0,-0.15415975253600633,0.2695280295582825
NewMedia24,0.6964263053459772,-0.8206063136535154,1.0,-0.15868939137197513,0.27661152871915196
NewMedia24,0.696387369926859,-0.8194482506312225,1.0,-0.15623743473488216,0.21548870405371945
NewMedia24,0.7025853118294454,-0.8196638149166405,-1.0,-0.21048508505562136,0.3012484072391479
NewMedia24,0.71051515885651,-0.8196107738621844,1.0,-0.16314449936743303,0.26581318169114687
NewMedia24,0.7104156572298748,-0.8189946816142705,1.0,-0.1401079887069575,0.3051676137304733
NewMedia24,0.7201293232735746,-0.8184622310291528,1.0,-0.14218621098438777,0.32208085602934955
NewMedia24,0.7191343070072218,-0.8191776052507924,1.0,-0.137700858589882,0.30431192031320076
NewMedia24,0.7195871115110404,-0.8195720130916202,1.0,-0.12711207845181072,0.35891299874818694
NewMedia24,0.7259552156156988,-0.8146276347973798,1.0,-0.1059545010821824,0.3551832205706087
NewMedia24,0.7259912669296973,-0.8157442169950339,1.0,-0.11303655116636713,0.316632225862004
NewMedia24,0.738071341224245,-0.8170960838701473,1.0,-0.11167015242367007,0.3342415938852914
NewMedia24,0.6998641586488543,-0.8213230479021922,-1.0,-0.07834514530138426,0.32071193319059343
NewMedia24,0.6356178329987772,-0.8139387811029684,1.0,-0.08595701244746046,0.2651739777752997
NewMedia24,0.6364902747975358,-0.8132200068137354,1.0,-0.08967545329468174,0.2526138541150036
NewMedia24,0.6374896172215685,-0.8128949603518117,1.0,-0.09868666397527526,0.3010860401130784
NewMedia24,0.6445700952908331,-0.812412150753557,1.0,-0.14428117569700516,0.3252451486988934
NewMedia24,0.6556839943702268,-0.8128861201760691,-1.0,-0.16990304239751675,0.34408720047814345
NewMedia24,0.6560978634549273,-0.8144487912419699,1.0,-0.1720719978720905,0.268268284614642
NewMedia24,0.6552600309176069,-0.8143739897549164,1.0,-0.1762673280828697,0.2730702457109184
NewMedia24,0.6680409427562817,-0.8160753835786255,1.0,-0.14914080252972806,0.2723489250876341
NewMedia24,0.6679587457603655,-0.8150506032059918,1.0,-0.1413609709532252,0.34995294619349426
NewMedia24,0.6685918068341754,-0.8147139965142507,1.0,-0.14943676557755325,0.28615946224754385
NewMedia24,0.6784943817632265,-0.8145297128506914,1.0,-0.14189834911487886,0.33126579638509224
NewMedia24,0.6788995985325674,-0.8142196266861785,1.0,-0.13728283778875638,0.34794575258329363
NewMedia24,0.67884335848273,-0.8142869480245267,1.0,-0.131212354837011,0.29374219366385645
NewMedia24,0.6735611199557001,-0.8148547593126151,1.0,-0.1517877275249685,0.3477106001938144
NewMedia24,0.6728242310975752,-0.8144603514717872,1.0,-0.10725987094822953,0.26558922703449994
NewMedia24,0.6729093121986112,-0.8146711556625745,1.0,-0.11765854343514259,0.2863507568500967
NewMedia24,0.683550218038347,-0.8150261227193196,1.0,-0.1423557956504774,0.3181961758809233
NewMedia24,0.6847615421886897,-0.8162800676477449,1.0,-0.16519571771714203,0.3264134454910699
NewMedia24,0.6849143997600426,-0.8158217385361621,1.0,-0.15744505038257817,0.33687026166768796
NewMedia24,0.6969324657945133,-0.8145949941484837,1.0,-0.18905800848733456,0.27011404424317553
NewMedia24,0.6967478830668421,-0.8152274067208456,1.0,-0.20158729087145733,0.2679454166513089
NewMedia24,0.6955682840728179,-0.8152178865315842,1.0,-0.21023934931335764,0.24685821943917108
NewMedia24,0.7100147666182137,-0.8137551774529278,1.0,-0.2064501581755066,0.22355853684823956
NewMedia24,0.7109463325719296,-0.8134770519237923,1.0,-0.18659525027915314,0.25086514150435013
NewMedia24,0.7107430031609792,-0.8127609976886341,1.0,-0.1812376710192498,0.2561756663000967
NewMedia24,0.7182056251586257,-0.811473732097794,1.0,-0.1823847978688501,0.19943675403853223
NewMedia24,0.718222929789345,-0.8124719919431999,1.0,-0.18252683852866403,0.1763936861583426
NewMedia24,0.7152003876237283,-0.8145412730805088,1.0,-0.17264664145399955,0.22758692123468083
NewMedia24,0.7164261322996701,-0.8148105584339016,1.0,-0.17142390360677962,0.21568933010029911
NewMedia24,0.7302525322442952,-0.8108229591604281,1.0,-0.5760005292769833,-0.008210271027126015
NewMedia24,0.7301890819316583,-0.8102238672504809,-1.0,-0.18816903918674965,0.1601597729846298
NewMedia24,0.7305712258600401,-0.8117831382487883,1.0,-0.19364327541440896,0.20140008986180624
NewMedia24,0.729243095452343,-0.8122040666168443,1.0,-0.160574265526921,0.1960681027447979
NewMedia24,0.7368210816547842,-0.8119409013851195,-1.0,-0.2705104957516071,0.23968607156004507
NewMedia24,0.7422749244364459,-0.8138768998727695,1.0,-0.27632012076156487,0.2653718043886717
NewMedia24,0.7078516877783163,-0.81643579074352,-1.0,-0.1884914660837419,0.25519773096607046
NewMedia24,0.63872257216031,-0.8104346714412682,1.0,-0.16812024308935747,0.1821791814550615
NewMedia24,0.6394998384901134,-0.8107236771867025,1.0,-0.181377551364846,0.15739206668623162
NewMedia24,0.6340344592879721,-0.8077771786103107,-1.0,-0.16182346722330765,0.21882189586015155
NewMedia24,0.6337301861978264,-0.8079567021792393,1.0,-0.187087261842235,0.23153505520249018
NewMedia24,0.6416658014351306,-0.8105223931851765,1.0,-0.17554146250572156,0.25734956195868897
NewMedia24,0.643308299300893,-0.8098056589364997,1.0,-0.16627263435466688,0.28482506575168753
NewMedia24,0.6436111303384786,-0.8099817824378348,1.0,-0.16023239580196935,0.3322260019754668
NewMedia24,0.6448267806465009,-0.8080587042070396,1.0,-0.16051161641460743,0.35910802592835056
NewMedia24,0.6450257838997717,-0.8090705643228188,1.0,-0.15697032133323807,0.36448200454348023
NewMedia24,0.6506800719872639,-0.8112819682855295,1.0,-0.1296585488359282,0.3464135294740658
NewMedia24,0.6417249255900881,-0.7904878348981578,-1.0,-0.17264826168966285,0.31312826862987797
NewMedia24,0.638974931358298,-0.7833606132089906,1.0,-0.19577388531161866,0.28909046881641354
NewMedia24,0.6395921298539491,-0.7836394187516448,1.0,-0.17601943202638826,0.2747041815600404
NewMedia24,0.6510434692323666,-0.7788997245265237,1.0,-0.1809109234938222,0.25473489134233285
NewMedia24,0.6515106942617845,-0.7787637218227899,1.0,-0.1756381365669637,0.2616345610558717
NewMedia24,0.6619828799520087,-0.780241391198857,1.0,-0.18347737678445342,0.24241271950472432
NewMedia24,0.662605846657899,-0.7807616015406387,1.0,-0.2132891729101999,0.23504087872342128
NewMedia24,0.6632086246279505,-0.7805977182826395,1.0,-0.23215951760183529,0.17358865408383672
NewMedia24,0.6691181560185506,-0.817195365843873,1.0,-0.17792914979483776,0.2870132893760111
NewMedia24,0.6691152719134308,-0.8155082523040558,1.0,-0.18121120717008288,0.2527053022664678
NewMedia24,0.6993608823054382,-0.8211822851038278,-1.0,-0.24047456702577386,0.23795788812625074
NewMedia24,0.7022637341085809,-0.822980240847188,1.0,-0.2098715558177937,0.19566405121843022
NewMedia24,0.7017186382409266,-0.8230298818340509,1.0,-0.19843593250638314,0.22737696374407412
NewMedia24,0.7009500242264832,-0.8229156395629145,1.0,-0.18861892462258634,0.2565526566387861
NewMedia24,0.6789933319489629,-0.8227150355749072,1.0,-0.18400341329646397,0.24643737131355503
NewMedia24,0.6792125239380724,-0.8235419320136084,1.0,-0.17860802853775093,0.22425279628384565
NewMedia24,0.6793610553517455,-0.8234038892693187,1.0,-0.2054310299433053,0.20092605250523632
NewMedia24,0.681332341201172,-0.820500231544603,1.0,-0.2123191918264512,0.18941011743155722
NewMedia24,0.6894337924828686,-0.8194693310503013,1.0,-0.20721652964423676,0.21584049949353612
NewMedia24,0.6901029048706768,-0.8194210500904758,1.0,-0.18872694033347148,0.21408058915005035
NewMedia24,0.725189485706375,-0.8171300845460807,-1.0,-0.17596920472082667,0.2549215202228725
NewMedia24,0.725062585081101,-0.8165962739339259,1.0,-0.18314846894480807,0.23951343984554607
NewMedia24,0.7291334994577883,-0.8176740953610158,-1.0,-0.1944760765453336,0.21764426762394873
NewMedia24,0.7329044669020097,-0.8213142077264496,1.0,-0.18130464075999864,0.23835820707500766
NewMedia24,0.6873774255324059,-0.8188688791133167,-1.0,-0.15931048170956463,0.20134410119764423
NewMedia24,0.6546500426847559,-0.816965521274563,1.0,-0.16835571733908705,0.18080839232750012
NewMedia24,0.6397781546341801,-0.8182793073926309,-1.0,-0.17198720553904578,0.1726601754031536
NewMedia24,0.635410177430147,-0.816994081842347,1.0,-0.1933478524451382,0.23410960060953
NewMedia24,0.635009286818486,-0.8163616692699851,1.0,-0.18483783466305181,0.26323210427328836
NewMedia24,0.6455593433469462,-0.8132982083683824,1.0,-0.2173511037180358,-0.4905106212828775
NewMedia24,0.6153440160586974,-0.8399975791518736,-1.0,-0.2173511037180358,-0.4905106212828775
NewMedia24,0.6447128584942663,-0.8169662012880816,1.0,-0.16004660877924703,0.25995583427542046
NewMedia24,0.6513448582173924,-0.8177135361450986,-1.0,-0.15392913899326666,0.29295555293238307
NewMedia24,0.6746513116910084,-0.8155082523040558,1.0,-0.18606057251027164,0.2555532589834981
NewMedia24,0.6752901409750582,-0.8162943479316369,1.0,-0.16112568573098973,0.21295615014480074
NewMedia24,0.666428727994278,-0.8148472791639098,1.0,-0.2140452828863959,0.22362758953403916
NewMedia24,0.6655447497750397,-0.8153042482484552,1.0,-0.21709078585480268,0.19679875481210907
NewMedia24,0.6640724141113497,-0.8155354528448026,1.0,-0.18990647189633736,0.183937225509742
NewMedia24,0.6759332964167877,-0.8159278206450744,1.0,-0.19266087252390873,0.23884437530881275
NewMedia24,0.6770379086776956,-0.8159359808072985,1.0,-0.1835373255039945,0.23932307838739586
NewMedia24,0.6824557001453588,-0.8145623534995876,1.0,-0.18692253788313506,0.19281889393460827
NewMedia24,0.6823778293071225,-0.8146922360816533,1.0,-0.1919355470253148,0.1747392211323615
NewMedia24,0.6966786645439653,-0.8145487532292142,1.0,-0.1876170789041266,0.15186878496667044
NewMedia24,0.6967637456450013,-0.8153117283971605,1.0,-0.18541679887339613,0.19806689805537392
NewMedia24,0.6951500888304378,-0.8150920840306305,1.0,-0.19199495566630165,0.15428189639204404
NewMedia24,0.702869396183752,-0.8163093082290476,1.0,-0.18445329873230065,0.17895890012135562
NewMedia24,0.7085453150596432,-0.8161046241599283,1.0,-0.19958089904176568,0.16490667856114727
NewMedia24,0.7085352206917239,-0.8153239686404966,1.0,-0.1953699065529082,0.1727404258217855
NewMedia24,0.7086231858978798,-0.8148819598533619,1.0,-0.17300741392835595,0.1479878373958552
NewMedia24,0.7136992109088394,-0.8134070105313693,1.0,-0.1625914589277011,0.21554189328467332
NewMedia24,0.714637987125355,-0.8139931821844618,1.0,-0.17413887849987786,0.18451764132821924
NewMedia24,0.727961110726564,-0.8136511353845715,-1.0,-0.149595008594,0.26172507606293305
NewMedia24,0.7289085392584389,-0.8121707459544296,1.0,-0.15893998782122853,0.23798214988072086
NewMedia24,0.7283908423894234,-0.8123251090231673,1.0,-0.16794633779483226,0.12626330255667573
NewMedia24,0.7288537412611613,-0.812329869117798,1.0,-0.17385479718024988,0.17341135664732432
NewMedia24,0.7372277404766849,-0.8118062587084232,1.0,-0.1847157769097516,0.12456591288817087
NewMedia24,0.6347929789344962,-0.8091351656070922,-1.0,-0.17780277141310208,0.20279140816622698
NewMedia24,0.6356091806834177,-0.8074888528783952,1.0,-0.12880738503415323,0.2028744580180668
NewMedia24,0.6359884405066796,-0.8074589322835738,1.0,-0.15937691137175902,0.21951242271814708
NewMedia24,0.6440927758934958,-0.8101048648847139,1.0,-0.14313512900451375,0.18851336566056598
NewMedia24,0.6439976004245405,-0.8106447956185369,1.0,-0.14103314327068872,0.2341329292195975
NewMedia24,0.6587627765856812,-0.8116430554639427,1.0,-0.15821898295107029,0.2898071237176847
NewMedia24,0.6597246256431555,-0.8117076567482162,1.0,-0.11282376021592333,0.27301052446914587
NewMedia24,0.6551244779769734,-0.8087040370362563,1.0,-0.12260404275801917,0.3223887936822394
NewMedia24,0.6547365658383517,-0.8098811404370718,1.0,-0.09322322931870441,0.2997609750612493
NewMedia24,0.6733332756512309,-0.8110664040001115,1.0,-0.08658458372770317,0.3001472968439658
NewMedia24,0.6738091529960086,-0.8110235631484354,1.0,-0.0976750968428357,0.3810182565036666
NewMedia24,0.7016104842989317,-0.8084714724128715,-1.0,-0.11223075396316395,0.31878312371021944
NewMedia24,0.7016710505064487,-0.8095458937723682,1.0,-0.11985450283743782,0.3054615542173229
NewMedia24,0.69446944002215,-0.8117083367617348,-1.0,-0.13636092369635167,0.29342585771134244
NewMedia24,0.6940872960937678,-0.8121870662788776,1.0,-0.14404246097594897,0.3036689838197426
NewMedia24,0.6941853556678435,-0.8121435454136828,1.0,-0.14867417465870414,0.26476339423811335
NewMedia24,0.6943555178699152,-0.8116478155585733,1.0,-0.15692765512743823,0.2173456614150857
NewMedia24,0.7070657691331532,-0.808930481537973,1.0,-0.16164146075046615,0.24846042837860116
NewMedia24,0.7077334394684018,-0.8099974227487643,1.0,-0.18336450036657825,0.22702983402627086
NewMedia24,0.7102584735008421,-0.8117593377756349,1.0,-0.18926107802379866,0.1927479749600034
NewMedia24,0.7203946609446021,-0.810330629372912,1.0,-0.2060288969030546,0.23763595330732068
NewMedia24,0.7211906739576843,-0.8105856344424127,1.0,-0.18656824635143177,0.23925962456801253
NewMedia24,0.6978697999584689,-0.8016012958337612,-1.0,-0.2022726505570236,0.13678077311946946
NewMedia24,0.6851177291709929,-0.7948324412689325,1.0,-0.1956167224522808,0.06185114387173751
NewMedia24,0.6852518400590666,-0.7948297212148577,1.0,-0.21050290764791746,0.10803432664999768
NewMedia24,0.6826590295563091,-0.7970628856101659,1.0,-0.19925469159489262,0.10471513200960603
NewMedia24,0.6945617313859858,-0.7998815416450479,-1.0,-0.207932133728851,0.11342510186437593
NewMedia24,0.6954327311321842,-0.7976728577364118,1.0,-0.6602673658883684,-0.40615063470149415
NewMedia24,0.6153440160586974,-0.8399975791518736,-1.0,-0.6602673658883684,-0.40615063470149415
NewMedia24,0.6568751297847304,-0.8268325174304465,1.0,-0.1542159207056666,0.1691506193046115
NewMedia24,0.7309937472601002,-0.823628973743998,-1.0,-0.3106464335237561,0.19210970418855888
NewMedia24,0.7356559031863594,-0.8223308279368594,1.0,-0.29598222061398827,0.19483915156644627
NewMedia24,0.7355938949262824,-0.8225987532632149,1.0,-0.3017772635029766,0.20230244049921375
NewMedia24,0.7282423109757503,-0.8243110273032228,1.0,-0.1903088304193844,0.2726223363976241
NewMedia24,0.7277390346323345,-0.8243559081954549,1.0,-0.16443420695540167,0.25635203059220624
NewMedia24,0.6387903486306268,-0.8171987659114663,1.0,-0.07125607419599189,0.31050893229150867
NewMedia24,0.6394565769133154,-0.8179821414849727,1.0,-0.09838746045612334,0.2954713102420532
NewMedia24,0.6394046630211578,-0.8173340886016814,1.0,-0.09222624430723447,0.27578196334515503
NewMedia24,0.6341137721787684,-0.8167091561780249,1.0,-0.13856606443407193,0.28107289210844466
NewMedia24,0.636001418979719,-0.816756077110813,1.0,-0.1099446014422798,0.3553605180071209
NewMedia24,0.6464808149327428,-0.8182051859190961,1.0,-0.11112305284803681,0.3362459880622837
NewMedia24,0.6469422717519209,-0.8183711092176512,1.0,-0.12284869834317402,0.330724572631528
NewMedia24,0.6583344869753813,-0.8199997415948629,1.0,-0.09692492773073835,0.3494611790932729
NewMedia24,0.6589257285249532,-0.8198990995940999,1.0,-0.1049369930856443,0.39943572757968937
NewMedia24,0.6698752336125147,-0.8197420164712874,1.0,-0.07943340358855189,0.38371877640507046
NewMedia24,0.671051948501419,-0.8190436425876146,1.0,-0.08361091120703501,0.3944443381696654
NewMedia24,0.6786890588588175,-0.8202323062182476,1.0,-0.09223326532844212,0.38044810527361905
NewMedia24,0.678358828822593,-0.8207076356677971,1.0,-0.08824640543967122,0.3525144275788963
NewMedia24,0.678968817055444,-0.8200106218111616,1.0,-0.10040033322846809,0.3686083690922046
NewMedia24,0.6862079209063012,-0.8197392964172128,1.0,-0.09788734771472507,0.34860081995398673
NewMedia24,0.686614579728202,-0.820155464690638,1.0,-0.09416350608195978,0.38893412047174203
NewMedia24,0.6901288618167554,-0.8198827792696519,1.0,-0.09602569693761964,0.3872469953916664
NewMedia24,0.6974934242403268,-0.8197862173500009,1.0,-0.08392361669004755,0.37595314868582963
NewMedia24,0.698289437253409,-0.8199698210000415,1.0,-0.056929950461294565,0.36438029180358633
NewMedia24,0.6988028079647446,-0.8199997415948629,1.0,-0.0961158900562088,0.36803355214014344
NewMedia24,0.6985475646616368,-0.8194550507664092,1.0,-0.07539847670843725,0.3660226259523325
NewMedia24,0.6979390184813457,-0.8173354486287188,1.0,-0.09424559802223242,0.33373862905223795
NewMedia24,0.6153440160586974,-0.8399975791518736,-1.0,-0.8267546814684196,-0.05154083136634269
NewMedia24,0.6390138667774163,-0.7838930637941082,1.0,-0.10625640499410649,0.24987227585988103
NewMedia24,0.6384961699084009,-0.7829784456114988,1.0,-0.11998304153339112,0.26276926464955075
NewMedia24,0.6581830714565884,-0.7854441746301917,-1.0,-0.1699073630259521,0.2816355781832707
NewMedia24,0.6628509955930875,-0.7866042776930405,1.0,-0.16619108249294867,0.2878391221723977
NewMedia24,0.6641978726840636,-0.7860663869997736,1.0,-0.1973838594823617,0.27982527804203916
NewMedia24,0.6696084538889275,-0.7876100176871517,1.0,-0.24833595046399493,0.22497971577354647
NewMedia24,0.669174396068388,-0.7874678948617498,1.0,-0.22224421542113293,0.20544247141428773
NewMedia24,0.7086981726309962,-0.7896112974725937,1.0,-0.1856862980720545,0.16344537442652451
NewMedia24,0.7083275651230936,-0.789058446481916,1.0,-0.18722336163795028,0.14802329688315785
NewMedia24,0.7212310514293625,-0.785804581795086,1.0,-0.1772097651603426,0.19266492510816313
NewMedia24,0.721978034655407,-0.7858338223763889,1.0,-0.158188198473468,0.17974927343043956
NewMedia24,0.7306130453842783,-0.7851830494390228,-1.0,-0.13941992862861907,0.18151944836235478
NewMedia24,0.7322396806718812,-0.7849171641532233,1.0,-0.1477711633157044,0.18751583429408325
NewMedia24,0.7175581435592164,-0.7868402423840186,1.0,-0.15902424007571903,0.18915070328760786
NewMedia24,0.7305452689139613,-0.7854128940083329,-1.0,-0.1422126748335546,0.12513699726262106
NewMedia24,0.7322786160909993,-0.7852558108855204,1.0,-0.1417671100261534,0.18739825809934363
NewMedia24,0.7143942802427263,-0.7814647355189421,-1.0,-0.1492374765909702,0.2045550510873233
NewMedia24,0.7096585796359107,-0.7806936001887718,1.0,-0.13261223845008263,0.23096863655005317
NewMedia24,0.7163540296716735,-0.7805079564981752,-1.0,-0.1120071614416317,0.2575856474925713
NewMedia24,0.7181176599524701,-0.7800591475758538,1.0,-0.12481242396706604,0.28689757947007677
NewMedia24,0.7181623635818277,-0.7796939803163287,1.0,-0.1007173593399161,0.3084765437824355
NewMedia24,0.729116194827069,-0.7793430933406956,-1.0,-0.084270347121989,0.3643709603595593
NewMedia24,0.7320291409981312,-0.7795559375720389,1.0,-0.07116048029185851,0.358524810676665
NewMedia24,0.7314912553932764,-0.7794246949629359,1.0,-0.04907990867271639,0.3638372017612168
NewMedia24,0.7311509309891326,-0.7795790580316737,1.0,-0.03719656023968698,0.35420715152538773
NewMedia24,0.7336341454973352,-0.8273438875964854,1.0,-0.03507675191356574,0.43115237268294426
NewMedia24,0.7333615975635082,-0.8262749063451381,1.0,-0.16269137346026974,0.48051104586358107
NewMedia24,0.7328323642740129,-0.8258566980311568,1.0,-0.16434617415103037,0.46807316412003797
NewMedia24,0.720331210631965,-0.8233433680661572,1.0,-0.021076835625741808,0.4812426310752951
NewMedia24,0.71917324242634,-0.8245415518860515,1.0,-0.01590612354566978,0.44473708889740116
NewMedia24,0.7188963683348331,-0.8254119691899475,1.0,-0.004850175458020467,0.4522227732958335
NewMedia24,0.6825638540873538,-0.8254731704066277,1.0,-0.01974338167486467,0.461667127795526
NewMedia24,0.6820000115364204,-0.8256526939755562,1.0,-0.04020047715940278,0.441035305051904
NewMedia24,0.6939719318889734,-0.8274384094755804,1.0,-0.025103121248985727,0.42705773504391176
NewMedia24,0.6935191273851549,-0.8271330834056981,1.0,-0.0723810578248607,0.46859292555234
NewMedia24,0.6598486421633094,-0.8230407620503496,1.0,-0.017087815422753283,0.45816130427459445
NewMedia24,0.6606129300200734,-0.8238764986647935,1.0,-0.0009680908088082196,0.447445073954027
NewMedia24,0.6484492166770495,-0.8252542060536163,1.0,0.005463704695847893,0.5125346954753232
NewMedia24,0.6463755450958677,-0.8247387558064654,1.0,0.0023398903370495105,0.5277990716146339
NewMedia24,0.6445643270805934,-0.8168084381517504,1.0,-0.04732033274239733,0.49440276658652516
NewMedia24,0.6439341501119031,-0.816115504376227,1.0,-0.041436716970483345,0.4821823074888103
NewMedia24,0.645015689531852,-0.8161168644032644,1.0,-0.07312744638707702,0.4270008132353471
NewMedia24,0.6799364343231582,-0.8204662308686697,1.0,-0.02629183414727676,0.4278956987175331
NewMedia24,0.6803589557232184,-0.8201071837308126,1.0,-0.051739795553263246,0.43169266329210565
NewMedia24,0.7244857640571283,-0.8120789441294093,1.0,0.007634820484639482,0.4273712715632174
NewMedia24,0.7248246464087122,-0.8119137008443728,1.0,-0.010335753335322662,0.4113967725334544
NewMedia24,0.7369782653838166,-0.8150710036115518,1.0,0.027526993801248345,0.39141535143851214
NewMedia24,0.7365456496158371,-0.8142461472134066,1.0,-0.005356229063517182,0.35767005040379507
NewMedia24,0.6153440160586974,-0.8399975791518736,-1.0,-0.38887519189666153,-0.8026072987755746
NewMedia24,0.6529181375602777,-0.7826676794334672,-1.0,-0.38887519189666153,0.6773223981251262
NewMedia24,0.6430458457349855,-0.7769861664849897,1.0,0.01431451204577705,0.3899484484374731
NewMedia24,0.6499518354444984,-0.7802896721586825,-1.0,0.028426224594367167,0.3812104842506221
NewMedia24,0.6536305115248839,-0.7795681778153749,1.0,0.03383781170971312,0.4113351850028766
NewMedia24,0.6619828799520087,-0.7784631558475382,-1.0,0.028898793329489747,0.5099694815123101
NewMedia24,0.6585637733324103,-0.7787929624040926,1.0,0.0025456602662856653,0.4593212027671465
NewMedia24,0.6397377771625019,-0.7785352372805171,1.0,-0.025833307454569354,0.3721869778765461
NewMedia24,0.63957049906555,-0.7778865043837071,1.0,-0.04578272909794734,0.33523259324095545
NewMedia24,0.6814808726148449,-0.7971050464483234,1.0,-0.08875948006637557,0.4465949794031705
NewMedia24,0.681950981749383,-0.7954872942874105,1.0,-0.12077317645851593,0.3553698494511479
NewMedia24,0.6750767171961884,-0.7985487151484572,-1.0,-0.14410673032392574,0.4179539782512036
NewMedia24,0.675088253616668,-0.7970248048531205,1.0,-0.13887714968142129,0.3566818504813394
NewMedia24,0.633701345146628,-0.7855257762524319,-1.0,-0.05705254829314921,0.3821958847398699
NewMedia24,0.6329558039731433,-0.7850218862350984,1.0,-0.03900798371123082,0.381091041767077
NewMedia24,0.6482559816340185,-0.7860004256884627,1.0,-0.03451344998129979,0.38477602901332575
NewMedia24,0.6500109595994554,-0.7870163658853537,1.0,-0.018521723984753602,0.41740622248682047
NewMedia24,0.6690691262315129,-0.7860759071890349,-1.0,0.00249867343205068,0.5593076255160874
NewMedia24,0.6681303500149973,-0.787514815794538,1.0,0.015642025132555526,0.5772090677374189
NewMedia24,0.6491168870122979,-0.7841895496882478,-1.0,0.007258925810759154,0.5242167302526817
NewMedia24,0.641935465263838,-0.7839454248350457,1.0,-0.00725568533943266,0.48439759230081214
NewMedia24,0.6428929881636325,-0.783928424497079,1.0,0.05537560438165734,0.5084764504679953
NewMedia24,0.647844996654438,-0.7843602330814337,1.0,0.0243000244385545,0.44004057311862943
NewMedia24,0.6153440160586974,-0.8399975791518736,-1.0,-0.7252263941790333,-0.44162225288119994
NewMedia24,0.6867544588265153,-0.7969751638662577,1.0,-0.09897668615900179,0.5867140766232863
NewMedia24,0.6870745944948202,-0.7963243909288916,1.0,-0.04024746399363799,0.6089089162414252
NewMedia24,0.6919833414088279,-0.7800639076704845,-1.0,0.07208023407004549,0.626982057032853
NewMedia24,0.6987465679149074,-0.7021901195395766,1.0,0.0030554944216636404,0.5273287668356748
NewMedia24,0.7006947809233752,-0.6994483050323039,1.0,-0.053207729064192466,0.5312423744605843
NewMedia24,0.7088841974112272,-0.6855447486296028,1.0,-0.07658448921395622,0.49808122182195524
NewMedia24,0.7091250201887358,-0.6846274103929186,1.0,-0.08379291767987651,0.46344943360467616
NewMedia24,0.6505430769940703,-0.6842534029576508,1.0,-0.15906852651718206,0.3558868114502418
NewMedia24,0.6501623751182484,-0.6827328927299074,1.0,-0.07886686118495934,0.39452365544389445
NewMedia24,0.6504118502111167,-0.6826220505263645,1.0,-0.07193657317456825,0.3536780586490589
NewMedia24,0.6617233104912208,-0.7800979083464179,-1.0,-0.0610685724238591,0.6013560454459987
NewMedia24,0.6673934611568721,-0.7992668094241714,1.0,0.011404568794531222,0.6139889543697055
NewMedia5,0.667550644885905,-0.7984555532963995,1.0,0.007525184538091034,0.6627578802878378
NewMedia5,0.6676184213562217,-0.7984501131882502,1.0,0.01175345954069007,0.6338789273131833
NewMedia5,0.6677265752982167,-0.7979496232385099,1.0,-0.018223600622710556,0.5923885277360843
NewMedia5,0.6516491313075379,-0.8327459149887899,1.0,-0.027124635278201192,0.5464936865782575
NewMedia5,0.6512540089061165,-0.8315042103037008,1.0,-0.023883083794537963,0.5589567632206736
NewMedia5,0.6468903578597633,-0.8405483901019952,1.0,-0.05551656488436241,0.4516087642788591
NewMedia5,0.6470316790106365,-0.8402097433696982,1.0,-0.10105814890775866,0.4268496438421103
NewMedia5,0.6454338847742322,-0.8328941579358597,1.0,-0.10984414683115651,0.3689415016439672
NewMedia5,0.6435577743937613,-0.8377637347430467,-1.0,-0.11850592668703663,0.3768069758142969
NewMedia5,0.6441706467317321,-0.8360351403785907,1.0,-0.08375781257383885,0.3981591860368008
NewMedia5,0.6482069518469811,-0.8329798396392121,-1.0,-0.045219967244235715,0.5360191406579882
NewMedia5,0.6486539881405597,-0.8308908381098616,1.0,-0.02131176979691707,0.5490411707976193
NewMedia5,0.6486496619828799,-0.8307323949600118,1.0,0.018241423215006547,0.5986042026024465
NewMedia5,0.6595169700745251,-0.83186733752267,1.0,0.037371005612766295,0.5984614315088339
NewMedia5,0.659904882213147,-0.8323202265261034,1.0,0.029745636502829242,0.7023726596155166
NewMedia5,0.6586906739576843,-0.8320516211862292,1.0,0.03471921991053595,0.689373958085953
NewMedia5,0.6581455780900303,-0.83234742706685,1.0,0.05432461151474488,0.6811744182194579
NewMedia5,0.670734696938234,-0.8312226847069719,1.0,0.043416644951008054,0.6170216736784693
NewMedia5,0.6730217922982857,-0.8309833199484006,1.0,0.04761251524034171,0.633591518837153
NewMedia5,0.6730751482430031,-0.8311043623547236,1.0,0.055728275677697336,0.6464054577749827
NewMedia5,0.6722748090722412,-0.8310975622195369,1.0,0.0013898921598147762,0.5632930852600044
NewMedia5,0.6702025795436191,-0.8319754596721383,1.0,0.019845996600205362,0.5689498066291514
NewMedia5,0.687484137421841,-0.8298327370748131,1.0,-0.010180210711647986,0.5285651831692477
NewMedia5,0.6878605131399829,-0.8330940819103484,1.0,-0.02565616168871776,0.5258702621342599
NewMedia5,0.6866866823561986,-0.8324875098516958,1.0,-0.03459068121458275,0.5008265326546888
NewMedia5,0.6828508225467802,-0.8346710332601412,-1.0,-0.03583448212542517,0.47250839946605505
NewMedia5,0.683658371980342,-0.8340018999577712,1.0,-0.03353374748357152,0.4944270283409955
NewMedia5,0.7011648900579128,-0.8360045397702507,1.0,-0.02799848237926217,0.513164567947143
NewMedia5,0.7030136014397455,-0.8368096757763545,1.0,-0.06204989515725057,0.5368459065987776
NewMedia5,0.6948833091068503,-0.8322331847957137,1.0,-0.04103543860454506,0.49756239353405607
NewMedia5,0.6946251816986226,-0.8332946858983556,1.0,-0.03814817865258491,0.5160237223970054
NewMedia5,0.6950808703075608,-0.8329227185036439,1.0,-0.0137236661072353,0.4933669762995321
NewMedia5,0.6841155026418404,-0.833285845722613,1.0,-0.00766722519790497,0.5220732975596876
NewMedia5,0.6957932442721673,-0.8347478747877508,-1.0,0.024289222867466043,0.5643167446697628
NewMedia5,0.6971112803119448,-0.8326405128933964,1.0,0.019726639239677324,0.5717725684473085
NewMedia5,0.6969670750559516,-0.8322841858096139,1.0,0.002156803707099142,0.5515942538833973
NewMedia5,0.6502200572206456,-0.8289106387434982,1.0,0.034540993987575375,0.5402462848022038
NewMedia5,0.6504839528391131,-0.8296409732625485,1.0,0.04198705701744321,0.5308056628801223
NewMedia5,0.6505618236773494,-0.8295063305858521,1.0,-0.004915524963105988,0.5487789572204613
NewMedia5,0.6506007590964678,-0.8299857401165135,1.0,0.03173798629010571,0.534171514740649
NewMedia5,0.6580907800927529,-0.8321590633221788,1.0,0.03712310955628495,0.5865003865550689
NewMedia5,0.6583142982395425,-0.8316735336698493,1.0,0.015985515093170255,0.6280915657276593
NewMedia5,0.6474224752543782,-0.8349885995733595,1.0,0.002896711326662471,0.530468797750749
NewMedia5,0.6456775916568607,-0.8362330243125233,1.0,-0.019607281879149285,0.5128584965830587
NewMedia5,0.6469047783853625,-0.8352381645347109,1.0,0.004550971938868331,0.5594578617649215
NewMedia5,0.6153440160586974,-0.8399975791518736,-1.0,-0.13844076620944523,0.3022711335045034
NewMedia5,0.6510535636002861,-0.8398500162183224,-1.0,0.04516541931023865,0.5913144785285809
NewMedia5,0.6486597563507996,-0.8377127337291466,1.0,0.02805735094169437,0.5802184584361156
NewMedia5,0.6495624812533167,-0.8296878941953366,1.0,0.03724516730958505,0.6182338282575723
NewMedia5,0.6487650261876745,-0.82904256136612,1.0,0.05210164818472829,0.6408728446113945
NewMedia5,0.6493591518423663,-0.8284053886991274,1.0,0.028022785914211035,0.5860468783753583
NewMedia5,0.6522620036455089,-0.8263374675888556,1.0,0.025321312984973643,0.5543535618821711
NewMedia5,0.6543731685932488,-0.8270236012291925,1.0,0.024991324988219432,0.5815164623002664
NewMedia5,0.6644516739346118,-0.8272466456633157,1.0,0.02762528809815379,0.551800478796393
NewMedia5,0.6661460856925314,-0.8275533317602354,1.0,0.038249713420817066,0.5332598326592144
NewMedia5,0.6658288341293463,-0.8272180850955317,1.0,0.07382522787939494,0.5832493114560742
NewMedia5,0.6654625527791238,-0.8269249992689854,1.0,0.0589638862972619,0.6145432421449071
NewMedia5,0.6765014651254009,-0.8249760805244808,1.0,0.043203313922010045,0.6133749453527311
NewMedia5,0.6772325857732862,-0.8264918306575935,1.0,0.08441886872445603,0.5790296324670801
NewMedia5,0.6768115064257862,-0.8264795904142574,1.0,0.06416808324770829,0.603981913795187
NewMedia5,0.6823547564661636,-0.827864097938267,-1.0,0.07775267912717898,0.6256560588366209
NewMedia5,0.6839871599640064,-0.8278885784249391,1.0,0.09355321731545851,0.6315899240933687
NewMedia5,0.684943240811241,-0.827184764433117,1.0,0.08842031073419632,0.5947577813745313
NewMedia5,0.698502861032279,-0.8249488799837341,1.0,0.09153332352190624,0.6140160155573835
NewMedia5,0.6980731293694193,-0.8251848446747121,1.0,0.10460754516744464,0.6653389577056967
NewMedia5,0.693074975196696,-0.8253623282030846,1.0,0.10619969674589158,0.5902852202524063
NewMedia5,0.6934326042315591,-0.8265475917661242,1.0,0.09121521725334958,0.5839230417148211
NewMedia5,0.6927447451604716,-0.8266584339696673,1.0,0.08147760091705325,0.5703243283343233
NewMedia5,0.6922270482914563,-0.826782196430065,1.0,0.05660644340719356,0.5737107093717095
NewMedia5,0.6760039569922245,-0.8252419658102803,1.0,0.049360749521017766,0.6198836275615398
NewMedia5,0.6544928589557233,-0.8264272293733199,1.0,0.07070951469891296,0.6109739648045929
NewMedia5,0.6541395560785401,-0.82600834104582,1.0,0.0501282011468569,0.6057698184707538
NewMedia5,0.6484117233104911,-0.8324426289594637,1.0,0.05292202750890107,0.6036758424311024
NewMedia5,0.647547933827092,-0.8313165265725483,1.0,0.05729234317131415,0.6515162896685518
NewMedia5,0.6460438730070834,-0.8336904537662209,1.0,0.0521842802035557,0.5836477641160254
NewMedia5,0.6481334071664244,-0.8329975199906974,1.0,0.05463461660498514,0.6274551612450201
NewMedia5,0.6493735723679657,-0.8303468272949266,-1.0,-0.48089863670670896,0.15900174078088325
NewMedia5,0.6153440160586974,-0.8399975791518736,-1.0,-0.48089863670670896,0.15900174078088325
NewMedia5,0.6492149465863732,-0.8314695296142487,-1.0,0.06879925685190913,0.6578383429968213
NewMedia5,0.6500686417018529,-0.8296688538168139,1.0,0.0510468747679349,0.6321955348107187
NewMedia5,0.6588637202648764,-0.8307609555277959,1.0,0.04366292077182621,0.6296732454902298
NewMedia5,0.659332387346854,-0.8299632996703974,1.0,0.06202019083675703,0.6251288322490973
NewMedia5,0.6574533928612629,-0.8298483773857425,1.0,0.04313256363138018,0.6135391787676057
NewMedia5,0.6569212754666482,-0.830282226010653,1.0,0.02459868787915198,0.5355469695902235
NewMedia5,0.6566891050044992,-0.8305209107557059,1.0,0.0003394393714564181,0.5635524994039542
NewMedia5,0.6533449851180175,-0.8294362891934292,-1.0,-0.032419565425791164,0.5427816381443307
NewMedia5,0.6498494497127434,-0.8291942043807831,1.0,-0.0598933614894287,0.4866240748456465
NewMedia5,0.6497960937680258,-0.8289677598790663,1.0,-0.09327831733125591,0.46042791202874467
NewMedia5,0.6502373618513648,-0.8292125647457871,1.0,-0.0425995060981621,0.4787082108775711
NewMedia5,0.657684121270852,-0.8291105627179869,1.0,-0.07445928010229097,0.5114802423002758
NewMedia5,0.6577201725848505,-0.8304216287819801,1.0,-0.038474926178012625,0.5418531594636475
NewMedia5,0.6725444729009484,-0.831251245274756,1.0,0.03670508875515943,0.5820819478083004
NewMedia5,0.6729958353522068,-0.8312934061129136,1.0,0.06481617751301916,0.6087092233392479
NewMedia5,0.6728920075678919,-0.8306562334459209,1.0,0.08635505034207225,0.7079006070570912
NewMedia5,0.6726410904224638,-0.830795636217248,1.0,0.10605549577186002,0.7094533593431787
NewMedia5,0.6819106042777048,-0.8304461092686523,1.0,0.1325387877666806,0.7428347340608441
NewMedia5,0.6840419579612838,-0.8322454250390497,1.0,0.12955971446046832,0.7594726987609246
NewMedia5,0.683991486121686,-0.8322787457014645,1.0,0.12156169114797755,0.7607511065926189
NewMedia5,0.682265349207448,-0.8365267901525882,1.0,0.13489893104952122,0.7492622327066183
NewMedia5,0.6944521353914306,-0.837457048646127,-1.0,0.10302943563141276,0.7295990138529953
NewMedia5,0.7003227313629128,-0.8355326103882945,1.0,0.08609095192895788,0.7489440304652986
NewMedia5,0.6999103043307722,-0.8354292483334569,1.0,-0.04128441481813527,0.7136478434332998
NewMedia5,0.6972151080962601,-0.8392849249843087,1.0,0.09400418290840395,0.675536359738365
NewMedia5,0.7008606169677671,-0.834809076004431,1.0,-0.06701915793652191,0.6668805122589514
NewMedia5,0.7056049698899427,-0.8356121719699787,1.0,-0.07709648368355182,0.6416781482309217
NewMedia5,0.6153440160586974,-0.8399975791518736,-1.0,-0.6206412622715973,-0.5543059715176334
NewMedia5,0.6153440160586974,-0.8399975791518736,-1.0,-0.6206412622715973,-0.5543059715176334
NewMedia5,0.6508314875060568,-0.841331085661983,1.0,-0.056759825716650614,0.43694160055727393
NewMedia5,0.6510780784938048,-0.8404123873982614,1.0,-0.06392288758399911,0.45706859217903717
NewMedia5,0.645800166124455,-0.8391292018885335,1.0,-0.07322087997699256,0.4608394287103339
NewMedia5,0.645015689531852,-0.8411270816063823,1.0,-0.07973476742192165,0.4623417911986756
NewMedia5,0.645291121570799,-0.8404518281823442,1.0,-0.11196719562860413,0.4234837919815835
NewMedia5,0.6502964860063221,-0.8352517648050843,-1.0,0.058950384333401384,0.42000876222594163
NewMedia5,0.651246798643317,-0.8336095321574993,1.0,0.04515731813192225,0.4235528446673831
NewMedia5,0.6515135783669042,-0.8343140261628401,1.0,-0.11224263569136139,0.4134104981544737
NewMedia5,0.6600937910984981,-0.834930118410754,1.0,0.03025169010832629,0.5863380194289995
NewMedia5,0.6602394384070511,-0.8350321204385543,1.0,0.08965114975973254,0.6428081861025872
NewMedia5,0.6590425347823077,-0.8333681273583718,1.0,0.08339055915682936,0.7000864558289099
NewMedia5,0.6582854571883436,-0.8335218104135911,1.0,0.09958805508261181,0.6500223254798347
NewMedia5,0.6713014235942871,-0.8340311405390739,1.0,0.09796025831957245,0.7068788139361386
NewMedia5,0.6722416418633628,-0.8336802535634409,1.0,0.08982613521136629,0.6907064882930039
NewMedia5,0.6728199049398953,-0.8336312925900967,1.0,0.07613514385667397,0.6792586727607219
NewMedia5,0.6732294478669159,-0.8333864877233759,1.0,0.07125985474587271,0.6897257535257697
NewMedia5,0.6737024411065735,-0.8338060560643945,1.0,0.06508837710444992,0.6822605983041967
NewMedia5,0.6866333264114812,-0.835574771226452,1.0,0.050134682089509885,0.6303488420377821
NewMedia5,0.6864415334210101,-0.8352905255756484,1.0,0.08272626253488569,0.658878799005828
NewMedia5,0.6851451281696317,-0.8354013677791914,1.0,0.06931503187138577,0.6472294242825638
NewMedia5,0.6821326803719343,-0.8327336747454539,1.0,0.08067018347818689,0.569940805984815
NewMedia5,0.6992469601532036,-0.8358902974991143,1.0,-0.058207776321065885,0.6749624759307067
NewMedia5,0.7001713158441201,-0.8365261101390695,1.0,-0.05970919470236957,0.6518820822744089
NewMedia5,0.6970132207378694,-0.8339787794981364,-1.0,0.08232498416894729,0.6679004390910988
NewMedia5,0.6966224244941279,-0.8350940016687531,1.0,0.05557489336824051,0.61869666788131
NewMedia5,0.6962143236196674,-0.8349484787757581,1.0,0.08366977976946743,0.5996595889218965
NewMedia5,0.6515784707321013,-0.8357780952685339,1.0,0.0980407300241819,0.4127610296501969
NewMedia5,0.6510304907593272,-0.835915457999305,1.0,0.08407861923516768,0.39764875604852534
NewMedia5,0.6478940264414759,-0.8409149173885577,1.0,-0.10074274303197406,0.3697281423754406
NewMedia5,0.647934403913154,-0.8416670123402054,1.0,-0.11402273460674861,0.36875207333021986
NewMedia5,0.6472941325765442,-0.8413888868110698,1.0,-0.10542576417739968,0.38520620858296883
NewMedia5,0.6446349876560302,-0.8385416702084038,1.0,-0.3034072205802334,-0.02956621382724023
NewMedia5,0.6153440160586974,-0.8399975791518736,-1.0,-0.3034072205802334,-0.02956621382724023
NewMedia5,0.6510117440760481,-0.8329267985847558,1.0,0.05289772397395187,0.6350770847262459
NewMedia5,0.6504334809995156,-0.8332715654387209,1.0,0.0567144591180786,0.6380398182048077
NewMedia5,0.6568347523130524,-0.8336469329010261,-1.0,0.10069413596207566,0.7090847673041134
NewMedia5,0.6598053805865116,-0.8336217724008353,1.0,0.07098873531155103,0.6942636347560831
NewMedia5,0.6600966752036179,-0.833532010616371,1.0,0.034734882188614424,0.6001429577224933
NewMedia5,0.6598125908493113,-0.8336931738202955,1.0,-0.03483263640696532,0.5189677929875132
NewMedia5,0.6578917768394823,-0.8335952518736073,1.0,-0.16140598650073656,0.5171434956802414
NewMedia5,0.6729568999330888,-0.8323175064720286,1.0,-0.14756863385779473,0.4902306779620689
NewMedia5,0.674008156249279,-0.8328499570571464,1.0,-0.07352818467446087,0.4933548454222969
NewMedia5,0.6742403267114279,-0.8329084382197518,1.0,-0.16640495360050123,0.4851105146244725
NewMedia5,0.6837405689762579,-0.8352932456297231,-1.0,-0.1655672917625869,0.5333186207565843
NewMedia5,0.6861661013820632,-0.8336142922521299,1.0,-0.15191842653513965,0.49178063081494794
NewMedia5,0.6854984310468148,-0.8342317445270813,1.0,-0.15800349160785432,0.5109184893698524
NewMedia5,0.6899356267737247,-0.835472089185133,1.0,-0.18232916977774416,0.5143776556706487
NewMedia5,0.7036005168316375,-0.8364207080436759,1.0,-0.17273683457258848,0.5175867392715221
NewMedia5,0.7033409473708498,-0.835463929022909,1.0,-0.1604932537437571,0.4841764370773731
NewMedia5,0.6978683579059088,-0.8387096335475149,1.0,-0.1595848416152129,0.4561186511770918
NewMedia5,0.6153440160586974,-0.8399975791518736,-1.0,-0.7230957842818238,0.26225696837247026
NewMedia5,0.6534315082716136,-0.8295206108697442,-1.0,-0.05621650669089817,0.24190322266085218
NewMedia5,0.6520918414434369,-0.8298769379535265,1.0,-0.0844734166584531,0.36745686889927676
NewMedia5,0.6512064211716388,-0.8297062545603406,1.0,-0.20410081646375478,0.25614673882361294
NewMedia5,0.6507694792459795,-0.830118342752654,1.0,-0.19848886020471668,0.2505963959163737
NewMedia5,0.6462443183129141,-0.8339515789573897,1.0,-0.24167840212358893,0.188565621747117
NewMedia5,0.6454540735100713,-0.8382492643953762,1.0,-0.2758399909266803,0.17249687513268164
NewMedia5,0.6457049906554995,-0.837559730687446,1.0,-0.26912141370962417,0.14451374078461598
NewMedia5,0.6457439260746176,-0.838099661421269,1.0,-0.26633730876155937,0.16571664790268814
NewMedia5,0.6498999215523407,-0.8311206826791717,1.0,-0.21746722060723733,0.21849809475241577
NewMedia5,0.6501191135414504,-0.8321114623758721,1.0,-0.20383833828630382,0.24051936951165298
NewMedia5,0.6584859024941743,-0.8298211768449957,1.0,-0.16341345848753708,0.44941680807692497
NewMedia5,0.6596770379086778,-0.8307793158928,1.0,-0.1461935938582266,0.4969689136939408
NewMedia5,0.6592458641932581,-0.8316531332642892,1.0,-0.15894862907809948,0.4751174712159947
NewMedia5,0.6580951062504325,-0.8315504512229703,1.0,-0.01510464697090197,0.5253682304456093
NewMedia5,0.6576322073786947,-0.8304998303366271,1.0,-0.009517534325367727,0.383145825741815
NewMedia5,0.6153440160586974,-0.8399975791518736,-1.0,-0.4883074343163214,0.033866143234866364
NewMedia5,0.6153440160586974,-0.8399975791518736,-1.0,-0.4883074343163214,0.033866143234866364
NewMedia5,0.6567092937403383,-0.8229931611040427,1.0,-0.1441223926020041,0.34537587289826743
NewMedia5,0.6666133107219492,-0.8276906944910065,-1.0,-0.14280838147908603,0.3452778927359843
NewMedia5,0.6719142959322584,-0.8313688876134857,1.0,-0.1410493456273214,0.3568572816290463
NewMedia5,0.6701650861770609,-0.8298884981833439,-1.0,-0.1613903242226583,0.354804363943114
NewMedia5,0.6709870561362219,-0.8309513593130231,1.0,-0.0786141044214882,0.40981229333767555
NewMedia5,0.6818889734893059,-0.8349831594652102,-1.0,-0.20919105683921735,0.39485398856244913
NewMedia5,0.6866881244087586,-0.8335218104135911,1.0,-0.2046003891265985,0.4077043201319843
NewMedia5,0.6848206663436469,-0.8337618551856811,1.0,-0.22147352332396741,0.3542388784350796
NewMedia5,0.6853946032624998,-0.8302339450508276,1.0,-0.20709123141961006,0.3858370141991918
NewMedia5,0.7002636072079556,-0.8347227142875601,1.0,-0.2184679861685882,0.37570306598590686
NewMedia5,0.7025521446205671,-0.8357311743357458,1.0,-0.22920150735924538,0.33377968740595687
NewMedia5,0.7017590157126046,-0.8362915054751289,1.0,-0.19781160169746692,0.40355742640640035
NewMedia5,0.6972237604116196,-0.832499750095032,-1.0,-0.2004655477139149,0.19382015787870155
NewMedia5,0.6499633718649778,-0.833519770373035,-1.0,-0.08929415783525718,0.35299872952389566
NewMedia5,0.6516404789921784,-0.830916678623571,1.0,-0.19018785282319328,0.32730179896243694
NewMedia5,0.651790452458411,-0.829477770018068,1.0,-0.19224825250832733,0.3598246808296215
NewMedia5,0.6481550379548233,-0.8311091224493543,1.0,-0.19269813794416402,0.22670136719652167
NewMedia5,0.6478118294455595,-0.8294682498288066,1.0,-0.19791961740835207,0.25953591929420683
NewMedia5,0.6538122101474355,-0.8284033486585713,1.0,-0.0900842927603821,0.3930819473417284
NewMedia5,0.6549153803557832,-0.828720234958271,1.0,-0.21068599427786772,0.3581524860599892
NewMedia5,0.6551273620820932,-0.8288174768914406,1.0,-0.2168423497197668,0.3443615449325361
NewMedia5,0.6649679287510672,-0.8310778418274956,-1.0,-0.218963778281551,0.37263582033424325
NewMedia5,0.66702285364897,-0.8320482211186359,1.0,-0.19945830120991104,0.3986332233933705
NewMedia5,0.666446032624997,-0.8316245726965052,1.0,-0.13476013086103367,0.37075460121840687
NewMedia5,0.6661201287464524,-0.8315028502766635,1.0,-0.18285034558276503,0.3518826888182707
NewMedia5,0.6778094067972591,-0.8307684356765013,-1.0,-0.18266563871715136,0.3979566937014152
NewMedia5,0.6800517985279528,-0.8304420291875403,1.0,-0.17765803036051586,0.48098041749813736
NewMedia5,0.6797042638610094,-0.8301652636854421,1.0,-0.1619282424628663,0.40805984814941154
NewMedia5,0.6800806395791512,-0.8301380631446953,1.0,-0.10037927016484549,0.4105065527732821
NewMedia5,0.68623531990494,-0.8320257806725198,1.0,-0.16781941933454225,0.39643940090263063
NewMedia5,0.6873947301631249,-0.8309853599889565,1.0,-0.19098122821964458,0.35411197079631296
NewMedia5,0.696703179437484,-0.8278776982086404,1.0,-0.19648786916056948,0.43254275784296214
NewMedia5,0.6153440160586974,-0.8399975791518736,-1.0,-0.4460614096320309,-0.26541006330918193
NewMedia5,0.6937224567961051,-0.8311580834226985,-1.0,-0.17263746011857428,0.37308559593634283
NewMedia5,0.6939603954684941,-0.8298021364664729,1.0,-0.17527196330706307,0.39923790096631784
NewMedia5,0.7047613691423826,-0.8311329229225077,1.0,-0.18621557505539188,0.37908571444568184
NewMedia5,0.7069374264553197,-0.8314260087490539,1.0,-0.20044502472884673,0.21371572968859587
NewMedia5,0.6991907201033665,-0.8323487870938874,1.0,-0.2079650785206708,0.15084512555691254
NewMedia5,0.6978092337509516,-0.8318306167926619,1.0,-0.23645044171674767,0.10258942906026314
NewMedia5,0.6499287626035393,-0.8310016803134046,1.0,-0.25659483171827346,0.060462625000524906
NewMedia5,0.6497066865093097,-0.8303726678086361,1.0,-0.2637114468299414,0.050128983885062706
NewMedia5,0.6499402990240188,-0.8303135066325118,1.0,-0.27321358891650793,0.056234547711906835
NewMedia5,0.650821393138137,-0.8303182667271425,1.0,-0.26288944727010544,0.11072458196297208
NewMedia5,0.6602134814609724,-0.8313994882218259,1.0,-0.2546046422452145,0.12095371090533202
NewMedia5,0.6569155072564086,-0.8279837803175527,-1.0,-0.23568947103356186,0.16197660513668022
NewMedia5,0.6517183498304147,-0.8253126872162219,1.0,-0.2502402674469002,0.19168325719652635
NewMedia5,0.6531070464456288,-0.8249162393348379,1.0,-0.13967808617763466,0.3304259664226652
NewMedia5,0.6595703260192427,-0.8260600220732388,1.0,-0.10677488040635519,0.3664770672764457
NewMedia5,0.6601803142520939,-0.8258743783826422,1.0,-0.07011326797482687,0.34564275219743834
NewMedia5,0.6671973420087214,-0.8266366735370699,1.0,-0.04612351866579001,0.44420239715465604
NewMedia5,0.6672059943240813,-0.8253786485275327,1.0,-0.04478196353659636,0.4604064497074827
NewMedia5,0.6656384831914355,-0.8252038850532348,1.0,-0.028765393926546645,0.45377459243751783
NewMedia5,0.6753434969197756,-0.8241865848293064,-1.0,-0.011701611999465289,0.44210655482619954
NewMedia5,0.6783083569829953,-0.8245041511425247,1.0,-0.03799911697156355,0.47352272743178614
NewMedia5,0.6787481830137745,-0.8244422699123258,1.0,-0.049144718099247586,0.4704554817801223
NewMedia5,0.6992527283634435,-0.8256968948542697,1.0,-0.043413944558235995,0.4308033766763357
NewMedia5,0.6985792898179553,-0.8259376196398784,1.0,-0.035484511222157344,0.47363377161570686
NewMedia5,0.698119275051337,-0.8255880926912826,1.0,-0.047553106599354855,0.45841418640772535
NewMedia5,0.6967118317528436,-0.8255024109879304,1.0,-0.05206870339290848,0.45718336894056866
NewMedia5,0.6934340462841191,-0.8257798565035472,1.0,-0.04944014106851835,0.44886998545694445
NewMedia5,0.6936171869592302,-0.826351067859229,1.0,-0.057841062982610825,0.4120490404709396
NewMedia5,0.7087097090514753,-0.8208007975198547,1.0,-0.14321128008068784,0.4295660271983601
NewMedia5,0.708510705798205,-0.8230530022936856,-1.0,-0.14463222675738185,-0.26730901216866965
NewMedia5,0.6153440160586974,-0.8399975791518736,-1.0,-0.14463222675738185,-0.26730901216866965
NewMedia5,0.7059308737684873,-0.8310288808541514,1.0,-0.15032627495669248,0.4268421786868888
NewMedia5,0.6153440160586974,-0.8399975791518736,-1.0,-0.13710947257278572,0.266308681368979
NewMedia5,0.6153440160586974,-0.8399975791518736,-1.0,-0.17795993427243995,0.2967329214744989
NewMedia5,0.6153440160586974,-0.8399975791518736,-1.0,-0.20560277492361267,0.30441363305309466
NewMedia5,0.6153440160586974,-0.8399975791518736,-1.0,-0.22248347022074366,0.26750963821524953
NewMedia5,0.6153440160586974,-0.8399975791518736,-1.0,-0.2758837372895888,0.26545112166290075
NewMedia5,0.6153440160586974,-0.8399975791518736,-1.0,-0.3424840643071535,0.26599981057168653
NewMedia5,0.6153440160586974,-0.8399975791518736,-1.0,-0.2323971521657826,0.25745500727619364
NewMedia5,0.6153440160586974,-0.8399975791518736,-1.0,-0.20309897074529493,0.3076675075852977
NewMedia5,0.6153440160586974,-0.8399975791518736,-1.0,-0.183846250437126,0.28962049483714547
NewMedia5,0.6153440160586974,-0.8399975791518736,-1.0,-0.1731905005583062,0.2724375738058904
NewMedia5,0.6741134260861539,-0.819701895673686,1.0,-0.16041602251047404,0.3935951767632113
NewMedia5,0.6793740338247849,-0.820890559304319,1.0,-0.1523936956630343,0.4447482866302339
NewMedia5,0.6821124916360952,-0.8195454925643921,1.0,-0.13838243772556724,0.42143274058445646
NewMedia5,0.6818024503357099,-0.8202629068265876,1.0,-0.12708129397420853,0.437855148927514
NewMedia5,0.6959648485267991,-0.8243171474248908,1.0,-0.1280934011852024,0.4594574418499402
NewMedia5,0.6958292955861656,-0.8209857611969326,-1.0,-0.044098224086693394,0.4626301328191087
NewMedia5,0.7005145243533837,-0.8207232759787264,1.0,-0.15716042898439575,0.5014116141951792
NewMedia5,0.7103709536005169,-0.8224552704107757,1.0,-0.1364181720231209,0.4374538968343544
NewMedia5,0.7106752266906624,-0.8219595405556662,1.0,-0.040433251016360305,0.4215829768332906
NewMedia5,0.7109333540988902,-0.8224083494779877,1.0,-0.15934612689415673,0.3901752025273284
NewMedia5,0.7197774624489512,-0.8227653565752887,1.0,-0.20418020801125525,0.35400185975679466
NewMedia5,0.7201048083800561,-0.8214848911196355,1.0,-0.11591625001856509,0.30848400893765726
NewMedia5,0.7044268129484783,-0.8225219117356053,1.0,-0.11421068194368877,0.3699166375447851
NewMedia5,0.6153440160586974,-0.8399975791518736,-1.0,-0.511309920027868,0.19223287924971477
NewMedia5,0.6153440160586974,-0.8399975791518736,-1.0,-0.511309920027868,0.19223287924971477
NewMedia5,0.6479156572298748,-0.8150648834898838,1.0,-0.08525977103369697,0.35231660096552475
NewMedia5,0.6484376802565701,-0.8154919319796078,1.0,-0.08272356214211352,0.31742446545989345
NewMedia5,0.6548620244110657,-0.8166941958806141,1.0,-0.09286461715856564,0.34031263136923573
NewMedia5,0.6549990194042594,-0.8156218145616735,1.0,-0.09099378504603495,0.34418984636243977
NewMedia5,0.6523701575875038,-0.7801917502119942,1.0,-0.1466548209437062,0.27963398343948653
NewMedia5,0.6519130269260056,-0.7800414672243684,1.0,-0.1585754347969912,0.26244079781980156
NewMedia5,0.6440336517385385,-0.7799177047639707,1.0,-0.16617001942932608,0.317920898282128
NewMedia5,0.6560142244064513,-0.7935560558943912,-1.0,-0.16875537546936203,0.337481471251454
NewMedia5,0.6584354306545763,-0.7913983729996552,1.0,-0.21805158560312599,0.29037074293691356
NewMedia5,0.6754083892849727,-0.7911964089846106,1.0,-0.20281704973988457,0.2337652703249351
NewMedia5,0.6773090145589626,-0.7916363777311892,1.0,-0.18281848094805397,0.21435400046004038
NewMedia5,0.6861617752243834,-0.7922946308172607,-1.0,-0.22046573674140912,0.16614309489472068
NewMedia5,0.699385397198957,-0.7921348276403735,1.0,-0.2035828811300605,0.20434975931873023
NewMedia5,0.7006370988209778,-0.7920729464101747,1.0,-0.18979899626400665,0.16651355322259098
NewMedia5,0.6996810179737432,-0.7921361876674109,1.0,-0.18861838454403201,0.17309968641682372
NewMedia5,0.6995339286126301,-0.7922075890868711,1.0,-0.1913095959807355,0.21004660589719282
NewMedia5,0.7185430654576499,-0.7897119394733567,1.0,-0.13118697114495304,0.29519603264325767
NewMedia5,0.6524033247963823,-0.8167955178948958,1.0,-0.0754951507696795,0.3497831139122034
NewMedia5,0.6517717057751322,-0.8163841097161012,1.0,-0.0709358076132175,0.32737645051465236
NewMedia5,0.6513102489559539,-0.8158774996446929,1.0,-0.06480321562771318,0.31777532775530726
NewMedia5,0.6514486860017075,-0.8158373788470915,1.0,-0.09835181527153125,0.31650531822323713
NewMedia5,0.6575327057520592,-0.8169968018964218,1.0,-0.10391840493199733,0.3990475395081676
NewMedia5,0.6644040862001339,-0.8180100220392381,-1.0,-0.12057388747193276,0.3742800207717947
NewMedia5,0.6666363835629081,-0.8180528628909143,1.0,-0.13764523049877608,0.36758377653804364
NewMedia5,0.665246244895134,-0.8177590970508494,1.0,-0.13581922490626253,0.3279354040118678
NewMedia5,0.6616411134953046,-0.8167955178948958,1.0,-0.13364756903891672,0.3249157487247416
NewMedia5,0.6632749590457074,-0.8172742474120385,1.0,-0.12045020948296936,0.40355742640640035
NewMedia5,0.6758929189451097,-0.8185839534489945,1.0,-0.14259180997876153,0.38504664089010787
NewMedia5,0.676224591033894,-0.8185431526378745,1.0,-0.10944340854377266,0.4209409734842353
NewMedia5,0.6761049006714197,-0.8183731492582073,1.0,-0.10491214947214067,0.3946981534471987
NewMedia5,0.685938257077594,-0.8171083241134833,1.0,-0.10151127481492184,0.3854021689075353
NewMedia5,0.6847370272951709,-0.8172422867766611,1.0,-0.11797556954659061,0.4079469376766851
NewMedia5,0.683658371980342,-0.8171906057492423,1.0,-0.13094825642389685,0.4175023363602983
NewMedia5,0.682706617290787,-0.8154538512225623,-1.0,-0.15338798028173206,0.3746392813668329
NewMedia5,0.6974516047160888,-0.8176149341848916,-1.0,-0.14120380809388733,0.3649765710769093
NewMedia5,0.7018541911815601,-0.8173735293857642,1.0,-0.13013273780671397,0.38776209110195503
NewMedia5,0.701562896564454,-0.8173742093992828,1.0,-0.13775864699520546,0.33661271381254343
NewMedia5,0.7027035601393601,-0.8173816895479882,1.0,-0.11807386384349605,0.35798265377869853
NewMedia5,0.711256373872315,-0.8140373830631753,1.0,-0.10718912065759978,0.41355980125890524
NewMedia5,0.7125138437045755,-0.8146997162303586,1.0,-0.1147815449757168,0.4007859875303914
NewMedia5,0.7237762741976419,-0.81600670221324,1.0,-0.13156556621160553,0.40199534267628634
NewMedia5,0.6575514524353385,-0.811668895977652,-1.0,-0.08247890655695866,0.37809844766762923
NewMedia5,0.6509237788698923,-0.8111745261495799,1.0,-0.11351830123691486,0.3255661503734213
NewMedia5,0.6505026995223921,-0.8112472875960774,1.0,-0.08747625342106014,0.34005415036968856
NewMedia5,0.6498234927666644,-0.8065796748039351,1.0,-0.12084338667059136,0.32970557894378305
NewMedia5,0.6502114049052861,-0.8048742008991139,1.0,-0.11997872090495565,0.2999037461548619
NewMedia5,0.6598125908493113,-0.8089753624302052,1.0,-0.14813517626138717,0.3052777247699918
NewMedia5,0.6610397775778132,-0.8084646722776849,1.0,-0.1754917752787143,0.3266868568010599
NewMedia5,0.6684144343693039,-0.8044247119632738,1.0,-0.15816929572406302,0.32563333677041517
NewMedia5,0.6683437737938673,-0.8043295100706602,1.0,-0.13106383323454396,0.3646807643012544
NewMedia5,0.676709120694031,-0.8043519505167762,1.0,-0.12438198135918876,0.34899833946953573
NewMedia5,0.6769427332087401,-0.805003403467661,1.0,-0.08560920185841037,0.3927021575698306
NewMedia5,0.6822292978934497,-0.8035780951325312,-1.0,-0.10755583399605473,0.32210045206180604
NewMedia5,0.6879715511870979,-0.8044655127743939,1.0,-0.12339957846868832,0.2950971193365717
NewMedia5,0.6866290002538011,-0.8036637768358835,1.0,-0.1513162389469549,0.3161628542274475
NewMedia5,0.6873197434300085,-0.8038562206616667,1.0,-0.1503981054044311,0.239966014880854
NewMedia5,0.6974025749290509,-0.8038677808914841,1.0,-0.1701736217532841,0.27282856131062005
NewMedia5,0.7091437668720151,-0.8032435284813462,1.0,-0.1929481943148631,0.23549532004753448
NewMedia5,0.7102584735008421,-0.8021473466892521,1.0,-0.17128510341829217,0.24571605069027025
NewMedia5,0.7045291986802336,-0.8029314022762772,-1.0,-0.15139347018023774,0.23732334993241722
NewMedia5,0.7032861493735725,-0.8025376744489681,1.0,-0.3876643357776389,0.022895164492362508
NewMedia5,0.6153440160586974,-0.8399975791518736,-1.0,-0.3876643357776389,0.022895164492362508
NewMedia5,0.6536680048914423,-0.8121605457516495,1.0,-0.06991559922390711,0.3750619957812542
NewMedia5,0.6534747698484114,-0.8117702179919337,1.0,-0.08008851887507029,0.3765606256919851
NewMedia5,0.6513751413211508,-0.8095112130829161,1.0,-0.05493814075257242,0.41936302629927535
NewMedia5,0.651415518792829,-0.8090780444715241,1.0,-0.08209221031198999,0.41396665221848106
NewMedia5,0.6512540089061165,-0.8089270814703796,1.0,-0.0351215784335831,0.433754912422065
NewMedia5,0.6627010221268546,-0.8082171473568894,1.0,-0.07497073449333214,0.41833750060071195
NewMedia5,0.6627716827022911,-0.8085394737647384,1.0,-0.07156553920767783,0.48711864137907557
NewMedia5,0.6627125585473341,-0.8080519040718529,1.0,-0.03959558917844608,0.43053836366596987
NewMedia5,0.670754885674073,-0.8094676922177213,-1.0,-0.029077559331004754,0.46030846954519977
NewMedia5,0.6730737061904433,-0.8093486898519543,1.0,-0.008538911984748099,0.49836489772037496
NewMedia5,0.6733433700191505,-0.8065096334115123,-1.0,-0.017397820512993545,0.5358567735319191
NewMedia5,0.6899428370365244,-0.8072222875790771,-1.0,-0.01914875518644199,0.47283966572901237
NewMedia5,0.6922717519208139,-0.8073256496339147,1.0,-0.024957840117845187,0.4579905388489012
NewMedia5,0.6861156295424655,-0.8077975790158708,1.0,-0.006634054923288724,0.4745398548307256
NewMedia5,0.6856022588311299,-0.8078825807057044,1.0,0.0008174088921233391,0.49789272665261075
NewMedia5,0.6858575021342377,-0.8077717385021614,1.0,-0.009211309785008281,0.4459968338410416
NewMedia5,0.6951991186174755,-0.8065776347633791,1.0,-0.026467899756019597,0.376000739050367
NewMedia5,0.6952769894557116,-0.8061471862060617,1.0,-0.027191064940395693,0.4071351020463394
NewMedia5,0.6956793221199327,-0.8066143554933872,1.0,-0.010243399902515882,0.45507726202368226
NewMedia5,0.6958408320066451,-0.8072576482820478,1.0,-0.04111320991638223,0.3883238440323782
NewMedia5,0.6153440160586974,-0.8399975791518736,-1.0,-0.6508316534639964,-0.4820871267597354
NewMedia5,0.660853752797582,-0.799797219968733,-1.0,-0.031155241529880584,0.4340693820857737
NewMedia5,0.6539246902471103,-0.8076955769880705,1.0,-0.03536353362596589,0.4122151401746197
NewMedia5,0.6535526406866479,-0.8080294636257369,1.0,-0.05370892196269961,0.4540843963792134
NewMedia5,0.6531301192865877,-0.808084544720749,1.0,-0.03643180900662013,0.45803532978023065
NewMedia5,0.6518755335594473,-0.8083721904391459,1.0,-0.030038899157882493,0.47968707935599997
NewMedia5,0.6514371495812279,-0.8078757805705177,1.0,-0.0439534830341074,0.4165281336038831
NewMedia5,0.656268025656999,-0.8078513000838456,1.0,-0.06328343457555907,0.3633930250255333
NewMedia5,0.6560430654576499,-0.807433771783383,1.0,-0.1136014733342966,0.351604611786267
NewMedia5,0.6609907477907755,-0.8081532260861346,1.0,-0.08756212591121382,0.35100646622413856
NewMedia5,0.6621155487875221,-0.8076493360688011,1.0,-0.0706193215803238,0.41875741558192536
NewMedia5,0.6935205694377149,-0.8259566600184012,1.0,-0.024750990031500053,0.508604291251165
NewMedia5,0.6934470247571585,-0.8259246993830237,1.0,-0.013189528416908236,0.5525012702428185
NewMedia5,0.6935450843312336,-0.8252814065943631,1.0,0.005203926911169221,0.5503083808964813
NewMedia5,0.6932653261346069,-0.8242688664650653,1.0,0.025939702929790975,0.5256509731996262
NewMedia5,0.6604961237627189,-0.8069917629962484,1.0,-0.07771595378547802,0.41033765363639385
NewMedia5,0.6606634018596711,-0.8070550042534845,1.0,-0.08720405382962948,0.3652322526432481
NewMedia5,0.6604730509217602,-0.8071134854160901,1.0,-0.10013623481535394,0.3839987197258794
NewMedia5,0.6944377148658314,-0.8212754469558855,1.0,-0.015229945195528782,0.4643321882096272
NewMedia5,0.6935869038554716,-0.8208592786824602,1.0,-0.007445252912036127,0.4417687565524233
NewMedia5,0.6931687086130915,-0.8210367622108328,1.0,-0.007285389659926089,0.4674880825795471
NewMedia5,0.6758568676311114,-0.822750396277878,1.0,-0.009724924490267073,0.5620342734607668
NewMedia5,0.6761279735123786,-0.8221669446788602,1.0,0.010602012062654431,0.5144663043889048
NewMedia5,0.6550610276643365,-0.823522211621567,1.0,0.041772105752781785,0.49335951114431054
NewMedia5,0.6547495443113911,-0.8239009791514655,1.0,0.004267430697795005,0.5125468263525579
NewMedia5,0.6656182944555964,-0.8240227015713073,-1.0,-0.005984340422314327,0.4775996353271674
NewMedia5,0.6672204148496805,-0.8233474481472691,1.0,0.02459436725071651,0.5002097242045063
NewMedia5,0.6677583004545349,-0.8233161675254104,1.0,0.020451964738271267,0.48212165310263533
NewMedia5,0.667950093445006,-0.8237098953527195,1.0,0.013865706767049124,0.5512648539092453
NewMedia5,0.6656803027156735,-0.8235480521352765,1.0,0.0259839893712539,0.49372343746136194
NewMedia5,0.6659052629150226,-0.8226823949260111,1.0,-0.04181855250846245,0.48445078153176624
NewMedia5,0.6153440160586974,-0.8399975791518736,-1.0,-0.16485006744230946,0.34772086478224407
NewMedia5,0.6806863016543228,-0.8236833748254915,1.0,-0.0006375627334995748,0.5000912148653638
NewMedia5,0.680491624558732,-0.8233406480120825,1.0,0.005775870100306113,0.550912125325026
NewMedia5,0.6956879744352922,-0.8225885530604349,-1.0,-0.009268018033222858,0.5317444061492351
NewMedia5,0.7003717611499505,-0.8223988292887263,1.0,-0.0043246790245641265,0.5015534521443894
NewMedia5,0.7007639994462518,-0.8217385361620989,1.0,-0.026467359677465163,0.4823306774488392
NewMedia5,0.7030381163332642,-0.8258192972876301,1.0,-0.050127661068302354,0.5081675796707028
NewMedia5,0.7031102189612608,-0.8263177471968143,1.0,-0.049876524540494516,0.4519251002313731
NewMedia5,0.7031953000622966,-0.825907699045057,1.0,-0.07100007696119393,0.48187530298032333
NewMedia5,0.7032169308506957,-0.8261436637360351,1.0,-0.03745471778870246,0.5157540436646262
NewMedia5,0.6569342539396876,-0.8051441662660254,-1.0,-0.06330881826761714,0.47276314788799123
NewMedia5,0.6573019773424702,-0.8019943436475517,1.0,-0.060703479321067344,0.44288759669125666
NewMedia5,0.659547253178284,-0.8019086619441995,1.0,-0.05829688928254617,0.36571282201063693
NewMedia5,0.6732337740245955,-0.803153766696882,1.0,-0.0814797612312711,0.4040426614958026
NewMedia5,0.6732654991809142,-0.8038963414592682,1.0,-0.08671366250221102,0.44154946761778957
NewMedia5,0.6900308022426802,-0.8016040158878358,1.0,-0.0444897810386522,0.46623860222433655
NewMedia5,0.6913214392838192,-0.8013959317511232,1.0,-0.05464109754763846,0.48249864344132476
NewMedia5,0.6862555086407789,-0.8046457163568412,1.0,-0.05104795492504399,0.534648351530427
NewMedia5,0.686614579728202,-0.804912961669678,1.0,-0.03168559867032661,0.43735498352766844
NewMedia5,0.6514962737361851,-0.808608155130124,1.0,-0.045158938367585666,0.44409601869274873
NewMedia5,0.6521019358113564,-0.8088454798481394,1.0,-0.03177957233879669,0.4505701745586579
NewMedia5,0.6521942271751922,-0.8086727564143975,1.0,-0.06223784249419073,0.4511757852760081
NewMedia5,0.652129334809995,-0.8082599882085656,1.0,-0.07247017078634088,0.4348252290519583
NewMedia5,0.651799104773771,-0.8075820147304529,1.0,-0.08533646218842539,0.5629142286325097
NewMedia5,0.6514732008952262,-0.8071094053349781,1.0,-0.07157418046454866,0.5466495216935079
NewMedia5,0.6153440160586974,-0.8399975791518736,-1.0,-0.5525881239426276,-0.3361013506798656
NewMedia5,0.655535462956554,-0.8024281922724623,-1.0,-0.05198229082420036,0.4501857190647469
NewMedia5,0.6547682909946704,-0.805688857094479,1.0,-0.05369758031305649,0.46882994423062496
NewMedia5,0.6548894234097045,-0.8063219496803596,1.0,-0.07098711507588784,0.4720380946870959
NewMedia5,0.6615127708174706,-0.8084476719397181,1.0,-0.045346345625971396,0.4934350958409288
NewMedia5,0.6623679079855105,-0.8094377716228999,1.0,-0.050670980094054685,0.4776826851790077
NewMedia5,0.6623174361459125,-0.8090841645931921,1.0,-0.059245267224117826,0.42035589194374445
NewMedia5,0.6672016681664013,-0.8082919488439431,-1.0,-0.07869349596898867,0.3703710788688983
NewMedia5,0.6762765049260515,-0.8080260635581435,1.0,-0.08445721430182018,0.37042146866664405
NewMedia5,0.6760601970420617,-0.8081858667350307,1.0,-0.10716913775108605,0.39390031498289324
NewMedia5,0.6887791006206594,-0.8112921684883095,1.0,-0.12430583028301478,0.3783597281003843
NewMedia5,0.6895981864747007,-0.8109467216208258,1.0,-0.13013813859225842,0.33500117342908653
NewMedia5,0.6862079209063012,-0.8090943647959721,-1.0,-0.12157573319039261,0.3606897056909213
NewMedia5,0.6932134122424494,-0.8077139373530746,1.0,-0.08469214847299544,0.3369878378624276
NewMedia5,0.6946078770679034,-0.807953302111646,1.0,-0.06486424450436323,0.37801259838258106
NewMedia5,0.6926697584273551,-0.8089760424437238,1.0,-0.10352684798003875,0.3737602593394924
NewMedia5,0.6917252140005998,-0.8082565881409722,1.0,-0.43198696250369606,0.3314794864533095
NewMedia5,0.6153440160586974,-0.8399975791518736,-1.0,-0.6071744035169915,0.14607209193711945
NewMedia5,0.6439269398491037,-0.7963821920779786,1.0,-0.11954611798286074,0.5092686900658849
NewMedia5,0.6439154034286243,-0.7964338731053973,1.0,-0.12130623399173412,0.5307468747827524
NewMedia5,0.647934403913154,-0.794373432143831,-1.0,-0.1263559684756148,0.5136833962350424
NewMedia5,0.657176518769756,-0.790430033749071,1.0,-0.12895104592963047,0.47626803826451947
NewMedia5,0.6569587688332064,-0.7907380798730279,1.0,-0.0912173775675672,0.5129294155576636
NewMedia5,0.6517140236727348,-0.7906449180209703,1.0,-0.07840995472791512,0.48294655275461906
NewMedia5,0.6515078101566647,-0.7904177935057349,1.0,-0.10065200983483058,0.4546937396741739
NewMedia5,0.6516722041484968,-0.7896072173914818,1.0,-0.10296354604777269,0.4552685566262351
NewMedia5,0.6516505733600979,-0.7890516463467294,1.0,-0.08552710991813772,0.41222540476304914
NewMedia5,0.6780805126785261,-0.7799449053047175,-1.0,0.005374591734367717,0.5034169415165743
NewMedia5,0.6781728040423616,-0.7806936001887718,1.0,-0.011962469941253051,0.49419000966271054
NewMedia5,0.6791447474677557,-0.7808894440821483,1.0,0.0011619790098469363,0.5359034307520538
NewMedia5,0.7119269283126832,-0.7799809460212069,1.0,0.02491463383349113,0.5054026728055128
NewMedia5,0.712138910038993,-0.780335913077952,1.0,0.022567992514511248,0.5205849322373866
NewMedia5,0.7277101935811359,-0.7838529429965068,1.0,0.0715552777151438,0.4675692661425819
NewMedia5,0.7286388754297317,-0.7826588392577245,1.0,0.059033556430782896,0.47450906106543633
NewMedia5,0.7135391430746867,-0.781740140994003,1.0,0.014884834999250529,0.46648961806866174
NewMedia5,0.7119038554717243,-0.780779281892124,1.0,-0.008496245778948586,0.4172578525267918
NewMedia5,0.7054420179506702,-0.7810186466506954,1.0,-0.027047944123472778,0.4193919537757589
NewMedia5,0.7056669781500198,-0.7811478492192425,1.0,-0.04608949371686111,0.3930296912551774
NewMedia5,0.7047094552502249,-0.781085287975525,1.0,-0.018128006718577172,0.3855449400011479
NewMedia5,0.6982375233612514,-0.7821440690240922,-1.0,-0.09896264411658673,0.45047406068518026
NewMedia5,0.6581167370388314,-0.7895290158368349,1.0,-0.06162485333491774,0.4921342925435699
NewMedia5,0.6578629357882837,-0.7899513042319282,1.0,-0.05090483410812097,0.4910574439028579
NewMedia5,0.6805046030317714,-0.7914990150004182,-1.0,-0.04486459555542366,0.3941746594372859
NewMedia5,0.6796436976534921,-0.7910821667134743,1.0,-0.09247846099215129,0.38622893484832455
NewMedia5,0.6797042638610094,-0.7908169614411935,1.0,-0.07916444446844795,0.4741059426834715
NewMedia5,0.6967651876975611,-0.7922062290598337,1.0,-0.11090486111204889,0.48674445047359405
NewMedia5,0.6960023418933572,-0.7907271996567291,1.0,-0.07173620403087644,0.3928178674757654
NewMedia5,0.7172783853625897,-0.7896840589190913,1.0,-0.03329071213407997,0.4001934408346792
NewMedia5,0.7171312960014766,-0.7902137894501342,1.0,-0.04856521381034884,0.3946029727181237
NewMedia5,0.7150893495766133,-0.7903334718294199,1.0,-0.07386357345675931,0.40797959773077963
NewMedia5,0.6774085161855978,-0.7814314148565273,1.0,-0.12370472285193879,0.4433690992030481
NewMedia5,0.674365785284142,-0.7800979083464179,1.0,-0.10288307434316324,0.39916698199171297
NewMedia5,0.6744465402274984,-0.7800836280625258,1.0,-0.1279778243745553,0.35009571728710687
NewMedia5,0.6741956230820703,-0.779496096382396,1.0,-0.24731196152480373,0.2638451801458601
NewMedia5,0.6153440160586974,-0.8399975791518736,-1.0,-0.5204863947461158,-0.08275824421415479
NewMedia5,0.6153440160586974,-0.8399975791518736,-1.0,-0.5204863947461158,-0.08275824421415479
NewMedia5,0.6460871345838812,-0.7796008184642711,1.0,-0.241045430057802,0.17598310262115602
NewMedia5,0.646809602916407,-0.7799217848450828,1.0,-0.20424987814477613,0.2124382550013042
NewMedia5,0.6581052006183523,-0.8023812713396742,1.0,-0.24532339228740818,0.26967546637390827
NewMedia5,0.6589603377863917,-0.8023792312991183,1.0,-0.2553893763847952,0.225449087408103
NewMedia5,0.6482386770032993,-0.8081960669378108,1.0,-0.2619837355343334,0.19116629519743245
NewMedia5,0.6476012897718095,-0.8082647483031963,1.0,-0.27823793970833055,0.14591718996627168
NewMedia5,0.6482386770032993,-0.8076092152711996,1.0,-0.22938783446052236,0.15765428026338935
NewMedia5,0.648417491520731,-0.8075996950819382,1.0,-0.22017841495045465,0.15223457757252756
NewMedia5,0.6592617267714176,-0.8084116312232287,1.0,-0.25091536563993233,0.1468195406036792
NewMedia5,0.6597952862185921,-0.8086115551977173,1.0,-0.2836770708299522,0.15866674194031538
NewMedia5,0.6604196949770427,-0.8081518660590972,1.0,-0.25162070823201244,0.15671460384987412
NewMedia5,0.6738408781523268,-0.8090175232683625,1.0,-0.26258376280830054,0.11943268552893649
NewMedia5,0.6740716065619159,-0.8085931948327133,1.0,-0.25061670219933485,0.13538945481504872
NewMedia5,0.6694801112110935,-0.8107515577409679,-1.0,-0.24733032419565426,0.11454487514761191
NewMedia5,0.6698045730370781,-0.8123727099694742,1.0,-0.24199542823503672,0.18205414010510013
NewMedia5,0.6701708543873008,-0.8111663659873558,1.0,-0.24102058644429836,0.1672255424018485
NewMedia5,0.6918376941002746,-0.8102327074262237,1.0,-0.22109816872864152,0.19396479526111965
NewMedia5,0.6915146743268499,-0.810342869616248,1.0,-0.20649930532395944,0.18215305341178611
NewMedia5,0.6892549779654369,-0.8076282556497223,-1.0,-0.2771891071556357,0.160470510070728
NewMedia5,0.6609114348999792,-0.7846240783266771,1.0,-0.23131429466415898,0.22658565729058755
NewMedia5,0.6602466486698506,-0.7844418347036739,1.0,-0.21062442532266323,0.19384535277757453
NewMedia5,0.6401963498765604,-0.7817986221566084,1.0,-0.178620990423057,0.24352876021034975
NewMedia5,0.6411740615121939,-0.7815633374791491,1.0,-0.17583742555354676,0.28301663189926174
NewMedia5,0.6774647562354355,-0.7850749272895545,1.0,-0.1771757402114137,0.37726888229363187
NewMedia5,0.6777618190627812,-0.7834456148988242,1.0,-0.159678815283683,0.39196497349170056
NewMedia5,0.6732496366027549,-0.7827669614071928,1.0,-0.14223751844705823,0.3602641918432916
NewMedia5,0.6729395953023696,-0.7832409308297049,1.0,-0.1356237164695605,0.31797408751308165
NewMedia5,0.6731818601324382,-0.7828621632998064,1.0,-0.12949544511249167,0.3444735222608597
NewMedia5,0.6153440160586974,-0.8399975791518736,-1.0,-0.9065005205007068,-0.11976955065830985
NewMedia5,0.6153440160586974,-0.8399975791518736,-1.0,-0.9065005205007068,-0.11976955065830985
NewMedia5,0.6740990055605547,-0.7906333577911528,1.0,-0.09993694582877088,0.4028165097506591
NewMedia5,0.6153440160586974,-0.8399975791518736,-1.0,-0.5045805412397233,-0.13163448173859715
NewMedia5,0.6153440160586974,-0.8399975791518736,-1.0,-0.5045805412397233,-0.13163448173859715
NewMedia5,0.6153440160586974,-0.8399975791518736,-1.0,-0.5045805412397233,-0.38261113399906954
NewMedia5,0.6153440160586974,-0.8399975791518736,-1.0,-0.46039779485926224,-0.32294868032385704
NewMedia5,0.6424329733970142,-0.6742837247604483,1.0,-0.293679325657917,-0.15895694984955366
NewMedia5,0.644958007429455,-0.6718893971612155,1.0,-0.2436280857050659,-0.010054164366854357
NewMedia5,0.6407414457442144,-0.677043219619206,-1.0,-0.8630636226039077,-0.22544068910847825
NewMedia5,0.6153440160586974,-0.8399975791518736,-1.0,-0.8630636226039077,-0.22544068910847825
NewMedia5,0.6619540389008098,-0.8121394653325709,1.0,-0.09622120537432177,0.45778897965791887
NewMedia3,0.6615401698161094,-0.8117504975998923,1.0,-0.07657206740720446,0.409981192474564
NewMedia3,0.6612806003553218,-0.8117226170456269,1.0,-0.1482804573925277,0.38822773015890055
NewMedia3,0.6604759350268798,-0.8120354232642145,1.0,-0.19966461121770163,0.25255226658442576
NewMedia3,0.6597231835905957,-0.8123013085500139,1.0,-0.21887142484874433,0.23914578095088368
NewMedia3,0.6589228444198336,-0.8126270350254563,1.0,-0.21482623647609556,0.21207992755066862
NewMedia3,0.6599553540527445,-0.8126161548091576,1.0,-0.24193061880850575,0.19015849924252026
NewMedia3,0.6621746729424793,-0.8129901622444254,1.0,-0.2121614888885589,0.19210037274453184
NewMedia3,0.8036227244410605,-0.8309159986100524,-1.0,-0.35491235200159876,0.20015247579540074
NewMedia3,1.0,-0.9997592752143912,-1.0,-0.39713893385792964,-0.05398380341260234
NewMedia3,0.9994462518169862,-0.9890925831605533,-1.0,-0.673358329969094,0.031299062983048076
NewMedia3,0.6153440160586974,-0.8399975791518736,-1.0,-0.673358329969094,0.031299062983048076
NewMedia3,0.6544741122724442,-0.832345387026294,-1.0,-0.09325833442474207,0.32625107836500056
NewMedia3,0.6538381670935143,-0.8326105922985749,1.0,-0.07940801989649393,0.3371912633422154
NewMedia3,0.6484737315705682,-0.8339053380381202,1.0,-0.06609184305857296,0.37391142873272964
NewMedia3,0.6484088392053715,-0.8339658592412817,1.0,-0.04947362593889282,0.4138808029334329
NewMedia3,0.6484016289425718,-0.8331920038570366,1.0,-0.1107752422589866,0.36157339344027517
NewMedia3,0.6542837613345331,-0.8334381687507948,1.0,-0.14102180162104583,0.2994185110654597
NewMedia3,0.6554100043838398,-0.8346846335305146,1.0,-0.13830412633517553,0.33269164103241233
NewMedia3,0.6566256546918623,-0.8339304985383109,1.0,-0.12612859540420152,0.34237674678800034
NewMedia3,0.6698593710343554,-0.8336761734823288,1.0,-0.23323049337526147,0.2727063193938668
NewMedia3,0.6648900579128307,-0.8366573527481727,1.0,-0.22599020027463002,0.20960896117232797
NewMedia3,0.6655721487736785,-0.8357814953361273,1.0,-0.1376565721484191,0.17111862084989893
NewMedia3,0.6499013636049007,-0.8331858837353687,1.0,-0.22478960564814165,0.1390557791732434
NewMedia3,0.6479574767541127,-0.8356325723755388,1.0,-0.10880773608521366,0.19340677490830704
NewMedia3,0.663889273436238,-0.8408278756581681,-1.0,-0.1114789646154033,0.43829186050797575
NewMedia3,0.665687512978473,-0.8379119776901165,1.0,-0.07297730454894658,0.4717833462651597
NewMedia3,0.673711093421933,-0.8375529305522593,1.0,-0.07147642624619743,0.5076692805596628
NewMedia3,0.6745128746452551,-0.8365356303283309,1.0,-0.0478512299613979,0.5368067145338642
NewMedia3,0.6743729955469417,-0.8399785387733508,1.0,-0.022585275028252916,0.5913704671927424
NewMedia3,0.6740456496158371,-0.8352769253052751,-1.0,0.034221807561909845,0.5810032328787831
NewMedia3,0.6776680856463857,-0.8346635531114358,1.0,-0.007619158206561227,0.643024675604013
NewMedia3,0.6893126600678343,-0.8329505990579092,1.0,0.0008746572188924606,0.638834857235905
NewMedia3,0.6881042200226113,-0.8342065840268904,1.0,-0.0007245153807622362,0.628639321492042
NewMedia3,0.6834622528321912,-0.8359589788644999,1.0,-0.021289626576185494,0.5397451862579559
NewMedia3,0.6845553286726196,-0.836549910612223,1.0,-0.031511153297247074,0.5182362077757992
NewMedia3,0.6985490067141968,-0.8356244122133147,-1.0,-0.1321861164706407,0.5530219648195229
NewMedia3,0.7024685055720912,-0.8368429964387691,1.0,-0.14926394044013702,0.5717352426712006
NewMedia3,0.7026069426178447,-0.8370259200752911,1.0,-0.15680559737413813,0.5437614397671617
NewMedia3,0.7015470339862948,-0.8372265240632983,1.0,-0.16302136145702406,0.31032230341096945
NewMedia3,0.7001280542673218,-0.8379514184741993,1.0,-0.15727762603070616,0.3062808550028904
NewMedia3,0.6994257746706352,-0.8379629787040166,1.0,-0.15995911605342994,0.305550202935579
NewMedia3,0.7150864654714935,-0.8377576146213787,1.0,-0.19340186030058082,0.26870406305070094
NewMedia3,0.7170548672158004,-0.8388741968190327,1.0,-0.1960363634890696,0.26544458965208184
NewMedia3,0.7127503403244042,-0.838853116399954,1.0,-0.19662828958472012,0.2567234220644794
NewMedia3,0.7128599363189589,-0.8379901792447634,1.0,-0.2074141983951565,0.23466202209592635
NewMedia3,0.7174024018827438,-0.8386661126823202,1.0,-0.20474567025773904,0.21607845131622372
NewMedia3,0.7167347315474955,-0.8373448464155467,1.0,-0.19598829649772564,0.21998925950792492
NewMedia3,0.7308134906901087,-0.8407435539818532,1.0,-0.17256724990649897,0.20221192549215194
NewMedia3,0.7273871738077111,-0.8367681949517156,-1.0,-0.1756397568026269,0.1957872262795861
NewMedia3,0.7254721280081218,-0.838077220975153,1.0,-0.17383319403807296,0.23337801539781577
NewMedia3,0.7317219838028655,-0.8393610864983996,-1.0,-0.19676546953754415,0.18500847528403774
NewMedia3,0.7316051775455112,-0.8380051395421741,-1.0,-0.5597112199969485,0.006646321008206613
NewMedia3,0.6153440160586974,-0.8399975791518736,-1.0,-0.5597112199969485,0.006646321008206613
NewMedia3,0.6498537758704228,-0.8303413871867773,1.0,-0.07950469395773607,0.17543161427916232
NewMedia3,0.6490476684894211,-0.8301407831987699,1.0,-0.17751274922937554,0.15014899983250074
NewMedia3,0.6477426109226829,-0.830249585361757,1.0,-0.20596624779074124,0.15952243535758792
NewMedia3,0.6467865300754483,-0.8304263888766108,1.0,-0.21927378337179138,0.16790300523820645
NewMedia3,0.6459313929074086,-0.8292547255839446,1.0,-0.24731736231034818,0.12000003732577613
NewMedia3,0.6496288156710737,-0.8303359470786279,1.0,-0.2610326571999898,0.15238947954337534
NewMedia3,0.656735250686417,-0.8329723594905066,1.0,-0.2637206281653667,0.1247618732127369
NewMedia3,0.6569544426755267,-0.8322297847281204,1.0,-0.2554612068325338,0.1458164103707802
NewMedia3,0.6628048499111696,-0.8324963500274385,1.0,-0.24081103596518116,0.17357279062899078
NewMedia3,0.6627327472831732,-0.8307820359468746,1.0,-0.23006077233933686,0.3587468990445071
NewMedia3,0.6737860801550495,-0.8332532050737169,1.0,-0.12494906384133586,0.37568160366464487
NewMedia3,0.6738452043100067,-0.8326452729880269,1.0,-0.10497047795601877,0.3768135078251158
NewMedia3,0.673966336725041,-0.8323610273372235,1.0,-0.19333921118826725,0.4035387635183465
NewMedia3,0.6876196903624745,-0.8309146385830151,1.0,-0.08841436987009754,0.4343707877278449
NewMedia3,0.6871236242818577,-0.8307820359468746,1.0,-0.053601446330368674,0.4420384352848028
NewMedia3,0.6809170300639118,-0.8315327708714849,1.0,-0.05547497883567165,0.5015683824548323
NewMedia3,0.6810915184236637,-0.8319972201047356,1.0,-0.08615684151259806,0.5091025903622048
NewMedia3,0.7018239080778017,-0.8325976720417202,-1.0,-0.16531723539188792,0.4296845365375026
NewMedia3,0.7022363351099421,-0.8323277066748087,1.0,-0.16221988488225614,0.463985991636227
NewMedia3,0.7023343946840175,-0.8329954799501413,1.0,-0.14233905321529028,0.40826140734039384
NewMedia3,0.7019767656491542,-0.8326983140424832,1.0,-0.12644562151564953,0.42299855689218147
NewMedia3,0.7018282342354814,-0.8335666913058232,1.0,-0.13401806292725282,0.4795340436739577
NewMedia3,0.7083016081770148,-0.8296246529381004,1.0,-0.15434986018716434,0.4429034601461026
NewMedia3,0.7085626196903625,-0.8295940523297604,1.0,-0.1499266168264175,0.41350008001713245
NewMedia3,0.7095850349553541,-0.8295682118160509,1.0,-0.16522164148775453,0.1977141694711546
NewMedia3,0.7223140329018711,-0.8303862680790094,1.0,-0.1646313356277671,0.21905051623881233
NewMedia3,0.7199216677049445,-0.8333048861011356,1.0,-0.175160167046297,0.42431149106677557
NewMedia3,0.7198553332871878,-0.8326853937856284,1.0,-0.1708173953901596,0.18640632559927695
NewMedia3,0.7212108626935234,-0.832335186823514,1.0,-0.17875276959033692,0.13601279527604992
NewMedia3,0.6153440160586974,-0.8399975791518736,-1.0,-0.817072153144675,-0.6898843880742278
NewMedia3,0.6153440160586974,-0.8399975791518736,-1.0,-0.817072153144675,-0.6898843880742278
NewMedia3,0.649683613668351,-0.8338325765916226,1.0,-0.13898084476387085,0.16648462574610745
NewMedia3,0.6511069195450034,-0.8305419911747846,1.0,-0.03447456432538121,0.20973866824430298
NewMedia3,0.6484867100436076,-0.8327765155971301,1.0,-0.163181224709134,0.20135903150808754
NewMedia3,0.6538381670935143,-0.8340297805120366,-1.0,-0.20094945809868048,0.19987159933018894
NewMedia3,0.6565247110126671,-0.8340399807148166,1.0,-0.21337342516469016,0.20564776318288103
NewMedia3,0.6514861793682656,-0.8348525968696258,-1.0,-0.22832549994396678,0.18257390153740216
NewMedia3,0.6501854479592073,-0.8365920714503805,1.0,-0.2296827173512388,0.16526500601178284
NewMedia3,0.648059862485868,-0.8366743530861394,1.0,-0.22217670560182978,0.15104295217028407
NewMedia3,0.6604903555524793,-0.8384043074776326,-1.0,-0.2105277512614211,0.19980814551080583
NewMedia3,0.6636268198703308,-0.8382390641925961,1.0,-0.21097223591171332,0.2183814517020788
NewMedia3,0.6694296393714958,-0.8369694789532416,1.0,-0.20044070410041148,0.22775208779395806
NewMedia3,0.6712004799150919,-0.8370197999536231,1.0,-0.19864926353538126,0.2226701833768725
NewMedia3,0.6711500080754944,-0.8376528925395037,1.0,-0.19224717235121858,0.23141747900775056
NewMedia3,0.6719575575090562,-0.8379357781632699,1.0,-0.19100067104760388,0.19387894597607147
NewMedia3,0.6749512586234743,-0.8359943395674706,1.0,-0.19499023132914683,0.19293273755173734
NewMedia3,0.6759852103089454,-0.8357638149846419,1.0,-0.18306637700453543,0.41823112213880465
NewMedia3,0.6865136360490067,-0.8357277742681525,1.0,-0.17886672616532084,0.20206168924331802
NewMedia3,0.6865266145220461,-0.8353700871573326,1.0,-0.17875655014021785,0.23587884239704282
NewMedia3,0.6828854318082187,-0.8373468864561028,1.0,-0.16290578464637695,0.23247846419361662
NewMedia3,0.6940267298862508,-0.8370830412108592,-1.0,-0.16146809553449548,0.4706477095270778
NewMedia3,0.6958855356360027,-0.8320346208482624,-1.0,-0.4538903883569865,-0.6519324720721543
NewMedia3,0.6580821277773932,-0.8324548692027998,-1.0,-0.4538903883569865,0.42487977600801785
NewMedia3,0.7000357629034863,-0.8329798396392121,1.0,-0.18350276047651137,0.3846640516850022
NewMedia3,0.700465494566346,-0.8376114117148649,-1.0,-0.1949394639450308,0.16765012310507554
NewMedia3,0.7013595671535036,-0.8360711810950802,1.0,-0.18934695051395234,0.16040705625134466
NewMedia3,0.7012095936872706,-0.8368443564658066,1.0,-0.21082533454490948,0.13961286638165338
NewMedia3,0.701945040492836,-0.840277744721565,1.0,-0.2383380162644657,0.10591048998946007
NewMedia3,0.7020733831706698,-0.8393923671202583,1.0,-0.24679024564122864,0.10577984977308263
NewMedia3,0.701774878290764,-0.8389904791307251,1.0,-0.2425506289889865,0.11015909645493771
NewMedia3,0.6828940841235782,-0.8357175740653724,1.0,-0.20438003707639285,0.13180058144227758
NewMedia3,0.6802464756235436,-0.8358474566474381,1.0,-0.19965326956805862,0.1448730013796542
NewMedia3,0.6495869961468357,-0.8374808491192804,1.0,-0.1843566246710584,0.13073213110118997
NewMedia3,0.6510131861286081,-0.8345255103671461,-1.0,-0.18773103547911052,0.1937063142615727
NewMedia3,0.6487001338224776,-0.8363737871108877,1.0,-0.17051279108546347,0.1879730750514046
NewMedia3,0.6653587249948087,-0.8323610273372235,-1.0,-0.1614032861079644,0.26937406073183734
NewMedia3,0.6676833137214184,-0.8355196901314398,1.0,-0.16279236814994735,0.30015476199918734
NewMedia3,0.6676559147227799,-0.835899137674857,1.0,-0.17006614612095328,0.2688617644547566
NewMedia3,0.6664936203594749,-0.8359705390943172,1.0,-0.1778000710203299,0.24893539887957372
NewMedia3,0.675357917445375,-0.8355577708884853,-1.0,-0.17400385886127134,0.24468679241409608
NewMedia3,0.6765894303315567,-0.8346547129356932,1.0,-0.15906906659573639,0.27240024802978247
NewMedia3,0.6842957592118317,-0.8340420207553726,-1.0,-0.15532848252778375,0.2528499396488859
NewMedia3,0.6854364227867378,-0.8343555069874788,1.0,-0.15281279662126857,0.28813866152566336
NewMedia3,0.6846476200364551,-0.835492489590693,1.0,-0.1318280443890565,0.4880648498034099
NewMedia3,0.6844788998869431,-0.8356318923620202,1.0,-0.13990275885627568,0.4761719243910416
NewMedia3,0.6918780715719528,-0.8412834847156762,1.0,-0.13827334185757334,0.5104948418110282
NewMedia3,0.6933316605523638,-0.8338944578218215,-1.0,-0.13854176089912285,0.5068471803408872
NewMedia3,0.6924332618075264,-0.8354142880360461,1.0,-0.14108391065480475,0.45424209778326907
NewMedia3,0.691790106365797,-0.8367199139918902,1.0,-0.12866750468855692,0.4373279223399902
NewMedia3,0.6913127869684594,-0.8361024617169389,1.0,-0.13526726462363958,0.4184317481853843
NewMedia3,0.690753270575206,-0.8354306083604942,1.0,-0.1182450687452491,0.5018669886636953
NewMedia3,0.7006702660298563,-0.8372516845634892,1.0,-0.13513818584913173,0.28841300598005604
NewMedia3,0.7008144712858495,-0.8368939974526693,1.0,-0.14138365425251098,0.31775386543404527
NewMedia3,0.7004294432523477,-0.837104121629938,1.0,-0.14370923250786827,0.455011008771091
NewMedia3,0.6993998177245566,-0.8374352882135296,1.0,-0.13059072442086705,0.48643837910950993
NewMedia3,0.7118057958976489,-0.8352089239534082,1.0,-0.1683373546682364,0.26228309641574565
NewMedia3,0.7131627673565448,-0.8373033655909079,1.0,-0.1731921207939695,0.23946305004780033
NewMedia3,0.7131858401975035,-0.837660372688209,1.0,-0.2463284784771944,0.20443747489258368
NewMedia3,0.6153440160586974,-0.8399975791518736,-1.0,-0.5897903550071357,-0.369802793927656
NewMedia3,0.713575194388685,-0.8310601614760101,-1.0,-0.18918006624063477,0.19765351508497941
NewMedia3,0.7157743245425812,-0.8356720131596216,1.0,-0.1865817483152925,0.19631538601151233
NewMedia3,0.6482343508456196,-0.8381370621647959,1.0,-0.025102581170431404,0.21118410892408002
NewMedia3,0.6496504464594726,-0.8359426585400518,1.0,-0.04890438314252821,0.2094643237899103
NewMedia3,0.649095256223899,-0.8337706953614238,1.0,-0.17251702260093738,0.18317018081072534
NewMedia3,0.6508185090330174,-0.8336455728739888,1.0,-0.20579612304609707,0.18549930923985603
NewMedia3,0.658338813133061,-0.8342575850407906,-1.0,-0.21987813127419398,0.18158196903733592
NewMedia3,0.657539916014859,-0.8356386924972068,1.0,-0.4082780540429606,-0.6582955837541427
NewMedia3,0.6153440160586974,-0.8399975791518736,-1.0,-0.4082780540429606,-0.6582955837541427
NewMedia3,0.6676140951985419,-0.8350375605467036,1.0,-0.25326578750879314,0.13045312092478367
NewMedia3,0.6674122078401514,-0.8340365806472232,1.0,-0.2638718501606059,0.12944719125867654
NewMedia3,0.6765620313329179,-0.8309350389885751,1.0,-0.23982377236769092,0.32589834978078125
NewMedia3,0.6760140513601438,-0.8324514691352064,1.0,-0.2293608305328011,0.3006735902870865
NewMedia3,0.6850586050160357,-0.8362942255292035,1.0,-0.2261689662761449,0.37519730171964527
NewMedia3,0.687373099374726,-0.8356992137003684,1.0,-0.21935047452652,0.37165415242260647
NewMedia3,0.6907316397868069,-0.8339202983355309,1.0,-0.19905054190131954,0.3612953164082713
NewMedia3,0.6903148865969868,-0.8348784373833352,1.0,-0.17067319441612783,0.4049580761548479
NewMedia3,0.7025737754089663,-0.836527470166107,1.0,-0.16636336755181047,0.2168482954484483
NewMedia3,0.7034289125770057,-0.8361759031769551,1.0,-0.15926241471822078,0.1880486597480231
NewMedia3,0.7033020119517315,-0.8363812672595932,1.0,-0.16545819589459287,0.19891512631742514
NewMedia3,0.7152912369350037,-0.8368776771282214,1.0,-0.18619181159899711,0.21005407105241436
NewMedia3,0.7154513047691564,-0.8353292863462125,1.0,-0.17457742228607165,0.211646015403415
NewMedia3,0.7157224106504234,-0.8316565333318826,-1.0,-0.1716512766781928,0.2266024538898359
NewMedia3,0.7149581227936597,-0.8319346588610181,1.0,-0.15647074867039412,0.22171837608612188
NewMedia3,0.7278760296255278,-0.834422828325827,1.0,-0.16143785113544762,0.1638643562633353
NewMedia3,0.7303058881890128,-0.8366559927211353,1.0,-0.19571501674918623,0.10805298953805176
NewMedia3,0.7271189520315637,-0.8397303338390367,1.0,-0.21782529268882167,0.0770576650580812
NewMedia3,0.733254885674073,-0.8315218906551862,-1.0,-0.23212927320278742,0.03106950945998488
NewMedia3,0.7327948709074548,-0.8300714218198657,1.0,-0.5981102651380643,-0.1436711113889808
NewMedia3,0.6153440160586974,-0.8399975791518736,-1.0,-0.5981102651380643,-0.1436711113889808
NewMedia3,0.6531618444429064,-0.8253609681760473,1.0,-0.08754214300470009,0.10391636040089769
NewMedia3,0.6466293463464157,-0.8322277446875643,1.0,-0.1909212795001033,0.07558609633502877
NewMedia3,0.6469220830160818,-0.8306922741624103,1.0,-0.09722467132844481,0.12109461571013935
NewMedia3,0.648264633949378,-0.8295301310590054,1.0,-0.2326358668868388,0.15976971862430278
NewMedia3,0.6574822339124617,-0.8299238588863147,1.0,-0.24751989176825762,0.12032663786672027
NewMedia3,0.6568967605731293,-0.8303182667271425,1.0,-0.25931196692558933,0.10667753468847696
NewMedia3,0.6580230036224359,-0.829816416750365,1.0,-0.2698597010935241,0.109875420556518
NewMedia3,0.6627154426524537,-0.8296681738032952,1.0,-0.28066613288902864,0.08071932369426293
NewMedia3,0.6731039892942017,-0.8313491672214444,-1.0,-0.2858011997845088,0.06376222360846007
NewMedia3,0.6731155257146813,-0.8307745557981693,1.0,-0.2880781709699677,0.06351027461973202
NewMedia3,0.6727651069426177,-0.8306412731485102,1.0,-0.2968258233160014,0.05303479555506008
NewMedia3,0.6838069033940148,-0.8300163407248535,-1.0,-0.2888034964685614,0.04923036582526619
NewMedia3,0.6880306753420549,-0.832093102010868,1.0,-0.26374817217164237,0.06917912686611394
NewMedia3,0.686887127662029,-0.8328757975708557,1.0,-0.24326785330926393,0.08673810509165603
NewMedia3,0.6820115479569,-0.8328302366651049,1.0,-0.23995123090653536,0.08308204532189056
NewMedia3,0.6821730578436125,-0.8325017901355879,1.0,-0.22867277045446266,0.10330888339474198
NewMedia3,0.6988201125954638,-0.8337897357399465,1.0,-0.23701104325624167,0.11858352412248263
NewMedia3,0.7018440968136408,-0.8302747458619477,1.0,-0.2261932698110941,0.17210308819474363
NewMedia3,0.7007019911861747,-0.8323991080942689,1.0,-0.2086866234693836,0.33910607565654893
NewMedia3,0.6998252232297362,-0.8324065882429743,1.0,-0.21280418236832555,0.2986234720343621
NewMedia3,0.7072777508594634,-0.8332307646276008,1.0,-0.2474253780212332,0.3019837250284727
NewMedia3,0.7075502987932905,-0.8337217343880796,1.0,-0.23235070541010205,0.2878083284071087
NewMedia3,0.7079915668766295,-0.8334218484263467,1.0,-0.2652976575442898,0.10958054692526598
NewMedia3,0.7091466509771349,-0.8335714514004539,1.0,-0.25911213786045195,0.10273033386507024
NewMedia3,0.721434380840313,-0.8331274025727631,1.0,-0.2700616904728793,0.054430779581494226
NewMedia3,0.7226543573060151,-0.8335544510624872,1.0,-0.2645804332240126,0.023723796721957235
NewMedia3,0.7228807595579245,-0.8336516929956568,1.0,-0.2610342774356531,0.012435548882536285
NewMedia3,0.6153440160586974,-0.8399975791518736,-1.0,-0.5551432355836157,-0.08470105086056912
NewMedia3,0.6153440160586974,-0.8399975791518736,-1.0,-0.5551432355836157,-0.08470105086056912
NewMedia3,0.6511516231743615,-0.8243776686280524,1.0,-0.1476334432843257,0.09302096635501189
NewMedia3,0.6491889896402945,-0.8242525461406173,1.0,-0.16905511906706838,0.08647402522569281
NewMedia3,0.647778662236681,-0.8244715104936287,1.0,-0.24317063916946713,0.10067741617913772
NewMedia3,0.6464303430931451,-0.8243919489119443,1.0,-0.1480590251852132,0.10660381628066373
NewMedia3,0.6451988302069633,-0.8245068711965994,1.0,-0.24221848067801455,0.15542593142975014
NewMedia3,0.644744583650585,-0.8241036231800288,1.0,-0.1475475707941719,0.1609622771709489
NewMedia3,0.6445297178191549,-0.8247101952386813,1.0,-0.13582408561325243,0.1586219510089859
NewMedia3,0.6443307145658845,-0.8245299916562341,1.0,-0.133460161780531,0.18357889805910665
NewMedia3,0.644236981149489,-0.8253806885680888,1.0,-0.13666282760827564,0.1610182658351107
NewMedia3,0.6426723541219632,-0.8265027108738922,1.0,-0.10708002478960565,0.18822502404013286
NewMedia3,0.6433414665097714,-0.8254486899199556,1.0,-0.09545321366992832,0.22028599942798244
NewMedia3,0.6437264945432732,-0.825573132393872,1.0,-0.1154463816762149,0.3444371296291546
NewMedia3,0.6449825223229735,-0.8251855246882308,1.0,-0.10281988515229534,0.38606936715546336
NewMedia3,0.6497023603516301,-0.8270691621349433,-1.0,-0.10141244043946196,0.3869866481033142
NewMedia3,0.6555441152719135,-0.8276954545856372,1.0,-0.13880045852669276,0.4054078517569477
NewMedia3,0.6570178929881636,-0.8273568078533401,1.0,-0.09694113008737137,0.41272930274050523
NewMedia3,0.6663061535266839,-0.8274703701109578,1.0,-0.1128977509778798,0.4077911025614347
NewMedia3,0.6660927297478139,-0.827400328718535,1.0,-0.07967211830960808,0.41482981079097536
NewMedia3,0.6651251124800996,-0.8273799283129748,1.0,-0.08658188333493111,0.4414738829211715
NewMedia3,0.6791880090445537,-0.8283210670228124,1.0,-0.05177922128773638,0.4673667738071967
NewMedia3,0.6827743937611037,-0.828496510510629,1.0,-0.08814271035722154,0.49245995994011094
NewMedia3,0.6817433261807526,-0.8280749021290543,1.0,-0.08119189936176219,0.4464316791326983
NewMedia3,0.6758929189451097,-0.8276118129228409,1.0,-0.10019456329923204,0.3828388212333278
NewMedia3,0.6480468840128284,-0.8334252484939401,-1.0,-0.2063880491417477,0.21616616689007717
NewMedia3,0.647235008421587,-0.8328336367326983,1.0,-0.21063144634387077,0.2197419762412105
NewMedia3,0.6482776124224174,-0.8339107781462696,1.0,-0.21717341787362976,0.2169416098887178
NewMedia3,0.6540703375556631,-0.8310513213002675,1.0,-0.20826104156849623,0.20608727419655115
NewMedia3,0.6865035416810874,-0.8294859301802919,1.0,-0.0913993840404087,0.45144359771958165
NewMedia3,0.6866333264114812,-0.8283625478474512,1.0,-0.08298333992679241,0.498158672807379
NewMedia3,0.686845308137791,-0.828950079527581,1.0,-0.0861006733429378,0.47132330607463
NewMedia3,0.6965431116033316,-0.8274921305435552,1.0,-0.05508126156949522,0.4870197280723898
NewMedia3,0.6965690685494104,-0.8262871465884741,1.0,-0.04660256834356569,0.4828560377475575
NewMedia3,0.7018267921829215,-0.8325752315956041,-1.0,-0.15753254310839526,0.3931360697170847
NewMedia3,0.7027295170854388,-0.8344330285286071,1.0,-0.18451702800172298,0.3566883824921583
NewMedia3,0.7021094344846681,-0.8334939298593256,1.0,-0.1972650422003881,0.36361791282658307
NewMedia3,0.6973982487713712,-0.8307140345950077,1.0,-0.09432552964828744,0.3448066548126225
NewMedia3,0.6961479892019105,-0.8248482379829711,1.0,-0.12017746981298427,0.29908444536929446
NewMedia3,0.7058558870353708,-0.8288807181486768,1.0,-0.2094502945453416,0.352893284206391
NewMedia3,0.7073859048014584,-0.8266285133748459,-1.0,-0.5187792064355761,-0.020133057060380266
NewMedia3,0.6153440160586974,-0.8399975791518736,-1.0,-0.5187792064355761,-0.020133057060380266
NewMedia3,0.7180224844835146,-0.8265829524690951,1.0,-0.24228869089008997,0.18445792008644668
NewMedia3,0.7172207032601923,-0.8272758862446186,1.0,-0.2555859649786062,0.096244980266329
NewMedia3,0.7233811517962208,-0.8289160788516475,1.0,-0.27843452830214155,0.0431080053991737
NewMedia3,0.7246689047322397,-0.8278504976678936,1.0,-0.2909260051874546,0.013301506888238945
NewMedia3,0.7248621397752706,-0.8275587718683848,1.0,-0.31343161862892954,-0.057811561752463714
NewMedia3,0.7199086892319053,-0.8314239687084979,-1.0,-0.3094631214110093,0.00666031817424706
NewMedia3,0.7178105027572044,-0.8314409690464646,1.0,-0.32015397639586696,-0.0035893399449723473
NewMedia3,0.7231965690685493,-0.8274037287861282,1.0,-0.32448054569537144,-0.05190849026100508
NewMedia3,0.7251202671834984,-0.8269862004856656,1.0,-0.3216402725776465,-0.033462091708498565
NewMedia3,0.7352852956784568,-0.8259335395587664,1.0,-0.31149435685420446,-0.033313721748469693
NewMedia3,0.6511069195450034,-0.8234780107428535,-1.0,-0.16681541330186478,0.06553986369559728
NewMedia3,0.6493404051590872,-0.8222471862740631,1.0,-0.18081046888269892,0.17488572480358489
NewMedia3,0.6488731801296694,-0.8221234238136654,1.0,-0.13918067382900856,0.21260342156058143
NewMedia3,0.6483208739992157,-0.8223505483289008,1.0,-0.12083420533516609,0.239135516362454
NewMedia3,0.6591953923536606,-0.8226687946556377,1.0,-0.09161595554073343,0.341944700929552
NewMedia3,0.6587252832191228,-0.823206005335386,1.0,-0.09308496920877152,0.4170870871010983
NewMedia3,0.6581484621951501,-0.8224545903972571,1.0,-0.09248602209191337,0.3926125757071719
NewMedia3,0.6539405528252693,-0.822520551708568,1.0,-0.09012911928039946,0.3873244463770902
NewMedia3,0.6824081124108812,-0.8257852966116966,1.0,-0.1388987528235982,0.41094699693135484
NewMedia3,0.6826878706075079,-0.8244653903719605,1.0,-0.11041933049162,0.42785557350821724
NewMedia3,0.6756045084331235,-0.8227850769673302,1.0,-0.09791759211377293,0.38197099693881986
NewMedia3,0.6750219191989111,-0.822965960563296,1.0,-0.08323285621893706,0.36276128626490767
NewMedia3,0.6761452781430979,-0.8232291257950208,1.0,-0.09963558199540123,0.4230153534914298
NewMedia3,0.6812775432038947,-0.8234256497019161,1.0,-0.10404856386361405,0.4240194168687317
NewMedia3,0.6502705290602433,-0.8173109681420466,1.0,-0.06673723693111167,0.38221081505031296
NewMedia3,0.6507117971435823,-0.8179427007008899,1.0,-0.1322298628335491,0.3230774542514294
NewMedia3,0.6617002376502619,-0.8178298184567909,-1.0,-0.12597035238775478,0.36121413284523696
NewMedia3,0.664396875937334,-0.8181881855811294,1.0,-0.11734205740224923,0.36992876842202027
NewMedia3,0.663809960545442,-0.8180651031342503,1.0,-0.11691053463726309,0.38799910978023977
NewMedia3,0.6641993147366234,-0.818285427514299,1.0,-0.11912701702462625,0.3912203242583485
NewMedia3,0.6689595302369582,-0.8137565374799651,-1.0,-0.7858426508135609,-0.27721060742568315
NewMedia3,0.6153440160586974,-0.8399975791518736,-1.0,-0.7858426508135609,-0.27721060742568315
NewMedia3,0.6735207424840222,-0.8198304182287144,1.0,-0.08485471211787765,0.42382252339976234
NewMedia3,0.6735625620082601,-0.8195101318614214,1.0,-0.07284336506744904,0.4063307315712148
NewMedia3,0.6788779677441685,-0.8189980816818638,-1.0,-0.0912108966249141,0.4476382348453851
NewMedia3,0.6860262222837499,-0.8172511269524039,1.0,-0.10099928034532624,0.4166317126325825
NewMedia3,0.6876369949931935,-0.8176883756449078,1.0,-0.13780401359377725,0.40842097503325503
NewMedia3,0.691070522138391,-0.8176373746310077,1.0,-0.13173299056347743,0.3303485154372414
NewMedia3,0.6916127339009253,-0.8177291764560279,1.0,-0.15336799737521833,0.3228049760858418
NewMedia3,0.7043518262153619,-0.8164147103244412,1.0,-0.18680696107248806,0.24089542670593977
NewMedia3,0.7053309799035554,-0.8166724354480167,1.0,-0.1862890257387937,0.24850988503194382
NewMedia3,0.7113241503426317,-0.8166037540826312,-1.0,-0.2065344104299971,0.19430166039049301
NewMedia3,0.7137093052767587,-0.8136722158036502,1.0,-0.16468372324754643,0.22557599504686943
NewMedia3,0.7217314436676587,-0.8161821457010565,-1.0,-0.2564279474449559,0.16978049177643184
NewMedia3,0.7234965160010154,-0.8147962781500097,1.0,-0.2472185279348882,0.18360875867999282
NewMedia3,0.7170462149004408,-0.8148894400020672,-1.0,-0.16430080755245857,0.2520185079860833
NewMedia3,0.6455896264507048,-0.8123985504831837,1.0,-0.12312737887725766,0.21816122962304263
NewMedia3,0.6470965713758337,-0.8116518956396853,1.0,-0.12259324118693071,0.1743454341944235
NewMedia3,0.6479805495950717,-0.8118606597899166,1.0,-0.125484821767326,0.2694169853743613
NewMedia3,0.6589545695761518,-0.8147282767981427,1.0,-0.13000581934642386,0.2616074998681934
NewMedia3,0.6590829122539859,-0.8147711176498189,1.0,-0.1304924301239615,0.2829858381339725
NewMedia3,0.6605379432869569,-0.8145453531616209,1.0,-0.12767430022696802,0.3008807483444853
NewMedia3,0.668747548510648,-0.8143937101469577,1.0,-0.167751909515239,0.33065085422371476
NewMedia3,0.6685528714150575,-0.8145555533644009,1.0,-0.13079433403588558,0.30600277797088715
NewMedia3,0.6782045291986802,-0.8138959402512922,-1.0,-0.12449593793417246,0.3486894686722428
NewMedia3,0.6822797697330472,-0.8129473213927493,1.0,-0.12753063933149078,0.32187649740515867
NewMedia3,0.6835473339332272,-0.8127535175399287,1.0,-0.11871601724470826,0.3399337747417406
NewMedia3,0.6846750190350936,-0.8125903142954483,1.0,-0.11682682246132703,0.3917372862574424
NewMedia3,0.6892001799681595,-0.8142488672674812,1.0,-0.0930082780540431,0.3731145234128266
NewMedia3,0.6808377171731155,-0.8127494374588167,1.0,-0.10031230042409678,0.35971363664570055
NewMedia3,0.681440495143167,-0.8134702517886055,1.0,-0.10731387880367205,0.3411039378227223
NewMedia3,0.6817375579705129,-0.8136014943977086,1.0,-0.1234870711945052,0.3356058510020339
NewMedia3,0.682284095890727,-0.8134607315993442,1.0,-0.11761641730789751,0.34209307088958063
NewMedia3,0.6968041231166795,-0.8148785597857685,1.0,-0.13221798110535188,0.3295702730053922
NewMedia3,0.6973708497727327,-0.8137701377503385,1.0,-0.11858207776321061,0.3688435214816843
NewMedia3,0.6987696407558661,-0.8136103345734513,1.0,-0.1004964672111559,0.4183104394130337
NewMedia3,0.7045003576290347,-0.8108542397822869,1.0,-0.12568681114668123,0.3335603984713231
NewMedia3,0.7195784591956809,-0.8093670502169583,1.0,-0.11109334852754338,0.3414044103203904
NewMedia3,0.7200875037493366,-0.8099185411805987,1.0,-0.1239731418934884,0.3256202727487776
NewMedia3,0.7102469370803628,-0.8117851782893444,1.0,-0.12310253526375403,0.3372332548403367
NewMedia3,0.7101560877690869,-0.8121993065222136,1.0,-0.12479730176754222,0.3458405788108103
NewMedia3,0.708913038462426,-0.8129276010007079,1.0,-0.1208979346045882,0.32291788655856823
NewMedia3,0.6870789206525001,-0.8034074117393454,-1.0,-0.14369303015123558,0.2224882202183467
NewMedia3,0.6682759973235506,-0.7950255651082343,1.0,-0.11293069576969961,0.27644449587106923
NewMedia3,0.6695406774186106,-0.7956192169100321,1.0,-0.1612277605777761,0.17415227330306537
NewMedia3,0.6806516923928845,-0.7933683721632386,1.0,-0.15078210125662783,0.21997246290867678
NewMedia3,0.6803474193027388,-0.7933357315143426,1.0,-0.1698112290432643,0.2128581699825176
NewMedia3,0.6779709166839714,-0.795662737775227,-1.0,-0.18160924506469467,0.17678653995187799
NewMedia3,0.6902384578113105,-0.7950677259463919,1.0,-0.18152931343863965,0.18835193167889974
NewMedia3,0.69235827507441,-0.7946624378892653,1.0,-0.2040333066444514,0.2219087375442721
NewMedia3,0.7078805288295149,-0.7949650439050728,1.0,-0.1696664879906783,0.15510866233283305
NewMedia3,0.7097638494727856,-0.7946223170916638,1.0,-0.18743075180284985,0.1973138505223977
NewMedia3,0.6153440160586974,-0.8399975791518736,-1.0,-0.4139445582359955,0.04359603992178385
NewMedia3,0.6897943056228515,-0.793180688432086,1.0,-0.17496627884525806,0.19519561272827635
NewMedia3,0.6905629196372951,-0.7940116649518992,1.0,-0.17958719095692466,0.18177979565070723
NewMedia3,0.696600793705729,-0.7921565880729708,1.0,-0.1928785241813421,0.22059020450326172
NewMedia3,0.6969093929535546,-0.7931446477155966,1.0,-0.18399585219670211,0.21620535895499016
NewMedia3,0.7021382755358667,-0.792088586721104,1.0,-0.20165480069076047,0.16949588273360927
NewMedia3,0.6914569922244527,-0.7930868465665097,-1.0,-0.18204184798678968,0.15684524406625155
NewMedia3,0.6688917537666415,-0.7932024488646834,1.0,-0.1858569628952531,0.18001428644080564
NewMedia3,0.6686076694123348,-0.7938892625185389,1.0,-0.17400223862560815,0.16499626042380644
NewMedia3,0.6676789875637388,-0.7938035808151866,1.0,-0.17015795947520573,0.17908114203810888
NewMedia3,0.6668757642878569,-0.7941687480747117,1.0,-0.1920689464282581,0.20703908148730177
NewMedia3,0.6656629980849544,-0.7940980266687702,1.0,-0.16541877016011997,0.18392229519929892
NewMedia3,0.666326342262523,-0.7942911505080721,1.0,-0.167987923843523,0.16335112684185238
NewMedia3,0.6717282711520269,-0.7944013126980964,1.0,-0.21922409614478433,0.19778602159016212
NewMedia3,0.6721017627650492,-0.7944094728603205,1.0,-0.18109563035943588,0.17956731027191397
NewMedia3,0.6721637710251263,-0.7943979126305031,1.0,-0.22146434198854237,0.18183951689248
NewMedia3,0.6733592325973097,-0.794133387371741,1.0,-0.2320428606340793,0.17794270586681904
NewMedia3,0.6775008075494335,-0.7910175654292007,1.0,-0.4627703599488545,-1.0
NewMedia3,0.6153440160586974,-0.8399975791518736,-1.0,-0.4627703599488545,-1.0
NewMedia3,0.6532454834913821,-0.8310445211650808,-1.0,-0.2828674930768681,0.06964383277865682
NewMedia3,0.653591576105766,-0.8306419531620288,1.0,-0.3101349791327149,-0.011021835112450806
NewMedia3,0.6475551440898917,-0.8374482084703844,1.0,-0.3090812858730303,0.017750739400296256
NewMedia3,0.6473921921506194,-0.8368674769254413,1.0,-0.3093135196514334,0.0403486974003997
NewMedia3,0.6576062504326159,-0.8368851572769267,1.0,-0.307384899133579,0.06005484089654667
NewMedia3,0.6153440160586974,-0.8399975791518736,-1.0,-0.4574943325506695,-0.09787891611545063
NewMedia3,0.666614752774509,-0.8354380885091995,-1.0,-0.29545834441619534,0.11531378613543386
NewMedia3,0.6679284626566069,-0.8364234280977506,1.0,-0.2940876250450629,0.07585577506740804
NewMedia3,0.6666637825615469,-0.8358814573233716,1.0,-0.30977312650124955,0.058067243318802975
NewMedia3,0.6665022726748346,-0.8362806252588302,1.0,-0.30277100804311996,0.05126742005635254
NewMedia3,0.6873831937426456,-0.8332708854252022,1.0,-0.32529660439110863,0.014433411048709655
NewMedia3,0.6863463579520546,-0.833712894212337,1.0,-0.35018612457181897,0.028398850179467194
NewMedia3,0.685893553448236,-0.8336115721980553,1.0,-0.33693583731753796,-0.01531336622045254
NewMedia3,0.6919069126231512,-0.8374754090111312,1.0,-0.3343801855979952,-0.01055806234431067
NewMedia3,0.6917353083685196,-0.8373734069833308,1.0,-0.3365777652359536,0.011501471335436886
NewMedia3,0.6920727486675435,-0.8370129998184364,1.0,-0.3485059401890004,0.0006629990981161793
NewMedia3,0.6926827369003947,-0.8374380082676043,1.0,-0.34466328127426127,-0.014899983250057924
NewMedia3,0.70397400844466,-0.8383390261798405,1.0,-0.337287428456469,0.037984109483966355
NewMedia3,0.7046229320966293,-0.8386300719658307,1.0,-0.3055054257641774,0.03801303696045033
NewMedia3,0.7061471816524769,-0.8358603769042929,-1.0,-0.21626284543086793,0.24520002183557899
NewMedia3,0.705130534597725,-0.7843044719729029,1.0,-0.15119796174353572,0.13979016381816578
NewMedia3,0.7048724071894972,-0.7847838815035643,1.0,-0.14421582619191964,0.23097143598326153
NewMedia3,0.7052141736462012,-0.7852707711829311,1.0,-0.1168489656820586,0.23320538368331722
NewMedia3,0.7059755773978449,-0.7852605709801511,1.0,-0.10815208072014082,0.23183552770015825
NewMedia3,0.7070152972935557,-0.785437374495005,1.0,-0.10064174834229644,0.2595396518718178
NewMedia3,0.7079209063011929,-0.785336732494242,1.0,-0.1195860837958882,0.1957349701930351
NewMedia3,0.7060029763964837,-0.7856168980639335,-1.0,-0.4838571870278533,0.015576512942013343
NewMedia3,0.6153440160586974,-0.8399975791518736,-1.0,-0.4838571870278533,0.015576512942013343
NewMedia3,0.6564237673334719,-0.8222771068688846,1.0,-0.04973880450911583,0.39641140657054974
NewMedia3,0.6561569876098845,-0.8223369480585274,1.0,-0.03259401079887081,0.44029625468496825
NewMedia3,0.6522302784891902,-0.8197161759575781,-1.0,-0.034654950562559295,0.42092231059618146
NewMedia3,0.6465356129300202,-0.8150302028004317,1.0,-0.05606852516698557,0.44096065349968816
NewMedia3,0.6468225813894464,-0.8142991882678627,1.0,-0.04780910383415282,0.4197400166379648
NewMedia3,0.6464303430931451,-0.8145834339186663,1.0,-0.06709206854136929,0.41347115254064915
NewMedia3,0.646937945594241,-0.8142060264158051,1.0,-0.08759723101725148,0.4206983559395341
NewMedia3,0.666914699706975,-0.8181596250133453,-1.0,-0.07219311048792054,0.4506438929664709
NewMedia3,0.6783876698737916,-0.8212883672127402,1.0,-0.0735919139438832,0.46173338104811723
NewMedia3,0.6153440160586974,-0.8399975791518736,-1.0,-0.4527038357729132,-0.1323725989611304
NewMedia3,0.6754314621259314,-0.8178005778754882,-1.0,-0.09477001429857967,0.4192986393354896
NewMedia3,0.6756794951662399,-0.820699475505573,1.0,-0.08881294784326388,0.4196000449775603
NewMedia3,0.6756694007983202,-0.8209823611293392,1.0,-0.11314456687725238,0.4065145610185461
NewMedia3,0.6502388039039246,-0.8131418052590885,1.0,-0.0654961364130412,0.42513359128555117
NewMedia3,0.6510391430746867,-0.8136123746140074,1.0,-0.051643121492020994,0.42934860455253165
NewMedia3,0.6507882259292586,-0.8132689677870796,1.0,-0.05268385286639932,0.41799223717171397
NewMedia3,0.6525143628434968,-0.8147017562709147,1.0,-0.032160327719666815,0.4299504826922711
NewMedia3,0.6523917883759027,-0.8136824160064302,1.0,-0.044282930952307065,0.4770192195086904
NewMedia3,0.6527811425670844,-0.8139564614544537,1.0,-0.04186823973546949,0.5316538911421735
NewMedia3,0.6506670935142242,-0.8297348151281247,1.0,-0.010728390444390112,0.503863917685466
NewMedia16,0.650488278996793,-0.833612252211574,-1.0,-0.02176165523275353,0.5113831952823953
NewMedia16,0.6509929973927691,-0.833725134455673,1.0,-0.005901168324932926,0.5256612377880561
NewMedia16,0.6510910569668444,-0.833864537227,1.0,0.039512417081064344,0.5582634369294699
NewMedia16,0.6664892942017953,-0.8282258651301988,1.0,0.02880860021090048,0.5635944909020754
NewMedia16,0.6668786483929765,-0.8263626280890464,1.0,0.017139662963978175,0.6055813233014091
NewMedia16,0.6613483768256385,-0.7938199011396346,1.0,-0.08093698228407331,0.5084353921142766
NewMedia16,0.6612214762003645,-0.7949188029858033,1.0,-0.09761190765196803,0.4696072535180711
NewMedia16,0.6720397545049721,-0.797173727813709,1.0,-0.07095579051973122,0.3936287699617085
NewMedia16,0.671347569276205,-0.796001384507524,1.0,-0.026334500353076495,0.47506054940743003
NewMedia16,0.6603937380309639,-0.7945039947394155,1.0,-0.08885129342062803,0.46206464731107455
NewMedia16,0.6958999561616022,-0.8251964049045295,-1.0,-0.04862894307977095,0.546937863313941
NewMedia16,0.6999218407512517,-0.8230475621855362,1.0,-0.03678502038121456,0.46683394835325687
NewMedia16,0.6994603839320734,-0.8231053633346231,1.0,-0.058707348983909724,0.45196055971867555
NewMedia16,0.6924880598048038,-0.8212360061718027,1.0,-0.06198940635915484,0.41348888228430036
NewMedia16,0.6835026303038694,-0.8225885530604349,-1.0,-0.01566308819617812,0.4271267877297109
NewMedia16,0.6660494681710161,-0.825686014637971,1.0,-0.03094677120787226,0.4250841346322083
NewMedia16,0.6665484183567523,-0.8248495980100085,1.0,-0.05909620554309636,0.46453188111180443
NewMedia16,0.6731011051890821,-0.8238214175697813,1.0,-0.06625332654634619,0.44355106236157393
NewMedia16,0.6735914030594587,-0.824263426356916,1.0,-0.07336508095102434,0.485613479457526
NewMedia16,0.6734818070649038,-0.8244626703178859,1.0,-0.04918360375516628,0.5017848719562581
NewMedia16,0.6715768556332342,-0.8271249232434741,1.0,-0.03130052266102101,0.5095560985419152
NewMedia16,0.6714398606400405,-0.8248217174557431,1.0,-0.15670352252735165,0.32859513710457455
NewMedia16,0.6153440160586974,-0.8399975791518736,-1.0,-0.15670352252735165,0.32859513710457455
NewMedia16,0.6692666874322235,-0.8292472454352393,1.0,0.010713808323420615,0.5290392205258176
NewMedia16,0.670310733485614,-0.8271752442438556,1.0,0.009189706642831252,0.5864789242338071
NewMedia16,0.6720354283472922,-0.8262667461829141,1.0,0.03921159332624935,0.6124968564697937
NewMedia16,0.6725805242149465,-0.8257846165981779,1.0,0.03803260184193791,0.6327582208855447
NewMedia16,0.6730174661406061,-0.8254962908662624,1.0,0.027420058247471957,0.5771213521635654
NewMedia16,0.6728891234627721,-0.8255010509608931,1.0,0.005587382684811626,0.5754258287838656
NewMedia16,0.6733765372280289,-0.8248482379829711,1.0,-0.007177914027595378,0.5835329873544937
NewMedia16,0.6738278996792875,-0.8252331256345375,1.0,-0.028864768380561068,0.5454466985584321
NewMedia16,0.6978957569045476,-0.8224430301674397,1.0,-0.00570079918124089,0.5614734536747461
NewMedia16,0.6961162640455918,-0.8213937693081339,1.0,-0.015536169735888117,0.5839174428484046
NewMedia16,0.6959086084769619,-0.8208007975198547,1.0,-0.0002006391829691978,0.5715252851805939
NewMedia16,0.7007726517616113,-0.8204628308010763,-1.0,0.0014930471637100151,0.5455157512442317
NewMedia16,0.706233704806073,-0.8203662688814254,1.0,-0.0031192236910858595,0.5188091584390548
NewMedia16,0.7183209893634204,-0.8234494501750695,-1.0,-0.05327361864783242,0.6045567307472481
NewMedia16,0.719529429408643,-0.8242831467489573,1.0,-0.01821982007282974,0.5732404045927504
NewMedia16,0.7199937703329411,-0.8243688284523096,1.0,-0.004212882763798054,0.5933869922469697
NewMedia16,0.7071566184444291,-0.8209313601154391,1.0,0.009660115063735875,0.5517444901322313
NewMedia16,0.7056323688885813,-0.8176965358071319,1.0,-0.001814933982147826,0.587312222185415
NewMedia16,0.7057909946701737,-0.819357128819721,1.0,-0.025086378813798382,0.5062107758582479
NewMedia16,0.711442398652546,-0.8298449773181491,1.0,-0.02620488150001421,0.48641505049944245
NewMedia16,0.6153440160586974,-0.8399975791518736,-1.0,-0.6153468722025619,0.11884760398844607
NewMedia16,0.717738400129208,-0.8193809292928743,-1.0,-0.060263855377764686,0.5302588402601423
NewMedia16,0.7210003230197735,-0.8261185032358443,1.0,-0.048242786913356595,0.5391983636379754
NewMedia16,0.7205085830968367,-0.827090242554022,1.0,-0.020833260197695713,0.5202452676748048
NewMedia16,0.7205071410442767,-0.8270120409993751,1.0,-0.02875945306244798,0.5421704285605644
NewMedia16,0.7207003760873079,-0.8271460036625529,1.0,-0.02744220146820353,0.5255305975716786
NewMedia16,0.6965863731801298,-0.8276349333824756,1.0,-0.04389623470733828,0.4945875291782591
NewMedia16,0.6965258069726126,-0.8277233351399026,1.0,-0.042268978022853565,0.38673469911458613
NewMedia16,0.6963614129807802,-0.8282374253600162,1.0,-0.0698016426489233,0.41395172190803775
NewMedia16,0.6961234743083915,-0.8282292651977922,1.0,-0.0483291994820646,0.43057195686446703
NewMedia16,0.6957124893288111,-0.8282272251572361,1.0,-0.059557432628575935,0.44364251051303816
NewMedia16,0.6955668420202579,-0.8278851783573458,1.0,-0.01881876718968778,0.48177638967363756
NewMedia16,0.6954356152373042,-0.827968820020142,1.0,-0.026351782866818052,0.5093442747625032
NewMedia16,0.6955091599178609,-0.8276764142071145,1.0,-0.009661735299399288,0.5674987670829581
NewMedia16,0.6956216400175352,-0.8276124929363595,1.0,-0.003188353746052419,0.5531423404474709
NewMedia16,0.6950260723102835,-0.827199044717009,1.0,0.04652533711028273,0.598307462682389
NewMedia16,0.6805680533444083,-0.8330417208694109,1.0,0.04188660240632003,0.5640125395944835
NewMedia16,0.6807800350707183,-0.8325412309196707,1.0,0.0876544793440206,0.6448601706441168
NewMedia16,0.6806415980249647,-0.8325228705546667,1.0,0.09150577951563066,0.6265397465859746
NewMedia16,0.6800993862624305,-0.832762235313238,1.0,0.0884770189824109,0.6776685946985268
NewMedia16,0.6650544519046631,-0.8236881349201222,1.0,0.07624261948900468,0.5944750386205142
NewMedia16,0.6646189520315635,-0.8245565121834622,1.0,0.045288017142093295,0.626243006665917
NewMedia16,0.6714629334809996,-0.8301999443748942,1.0,0.052970094500245146,0.5657696505047614
NewMedia16,0.6709639832952632,-0.8297586156012782,1.0,0.060976759069606645,0.5797080284478402
NewMedia16,0.6710303177130201,-0.829590652262167,1.0,0.05041498285925683,0.604190938141391
NewMedia16,0.6745229690131747,-0.824819677415187,1.0,0.05122456061234093,0.6058183419796939
NewMedia16,0.6742129277127893,-0.8250631222548704,1.0,0.06716929977465225,0.5958103682607729
NewMedia16,0.6743484806534228,-0.8251698843773014,1.0,0.0760865367867758,0.6033688379226152
NewMedia16,0.6731905124477977,-0.8228285978325249,1.0,0.05675388485255173,0.6719904110081183
NewMedia16,0.6721147412380886,-0.8223757088290915,1.0,0.07470987655154437,0.6790888404794311
NewMedia16,0.6718046999377032,-0.82253483199246,1.0,0.07503230344853673,0.5961379019461195
NewMedia16,0.666446032624997,-0.8058092194872835,-1.0,0.0831410428646846,0.587518447098411
NewMedia16,0.6627587042292518,-0.7873448124148708,1.0,0.06720494495924423,0.5449204051153111
NewMedia16,0.6644286010936526,-0.7871006875616687,1.0,0.07526561738404847,0.5941699004008323
NewMedia16,0.6880205809741353,-0.7859494246745625,1.0,0.07787419680192476,0.6216519362046498
NewMedia16,0.6881734385454881,-0.7843357525947616,1.0,0.0635226893751697,0.6124707284265181
NewMedia16,0.6887214185182622,-0.7842106301073265,1.0,-0.012796891307840896,0.5852565050662744
NewMedia16,0.6900942525553171,-0.7839073440780002,1.0,-0.038554857804067644,0.49393526124077436
NewMedia16,0.6901158833437162,-0.7842051899991772,1.0,-0.07272130731414894,0.38968903429352353
NewMedia16,0.6824672365658384,-0.7832538510865596,-1.0,-0.07455649424208755,0.37390303043310524
NewMedia16,0.6805219076624907,-0.7830260465578056,1.0,-0.12196458974957913,0.3024614949626532
NewMedia16,0.6807324473362406,-0.7836836196303583,1.0,-0.35964560045258576,0.029458902220930394
NewMedia16,0.6153440160586974,-0.8399975791518736,-1.0,-0.35964560045258576,-0.6726650744112675
NewMedia16,0.6153440160586974,-0.8399975791518736,-1.0,-0.35964560045258576,-0.6726650744112675
NewMedia16,0.6659759234904594,-0.8204050296519895,1.0,-0.059727557373219886,0.4093765149016162
NewMedia16,0.6637984241249626,-0.8245680724132796,-1.0,-0.09709775286815459,0.41549327646129264
NewMedia16,0.6643175630465381,-0.8227435961426913,1.0,-0.15897401277015744,-0.9661837799906778
NewMedia16,0.6153440160586974,-0.8399975791518736,-1.0,-0.15897401277015744,-0.9661837799906778
NewMedia16,0.6153440160586974,-0.8399975791518736,-1.0,-0.15897401277015744,-0.9661837799906778
NewMedia16,0.6694411757919754,-0.8129772419875707,1.0,-0.06440463765454685,0.4345966086732973
NewMedia16,0.7166683971297387,-0.7846335985159385,1.0,-0.06806961072487994,0.43209671481847334
NewMedia16,0.7164866985071872,-0.7841392286878663,1.0,-0.03430551973784579,0.459249350648139
NewMedia16,0.7280519600378395,-0.7827547211638568,1.0,-0.028068692591337485,0.4829176252781353
NewMedia16,0.7283533490228653,-0.7819482251307156,1.0,-0.022317396065257733,0.4651393581179597
NewMedia16,0.6784049745045109,-0.8198644189046478,-1.0,0.02145489061383965,0.5609340962099876
NewMedia16,0.6727535705221386,-0.8233379279580078,1.0,-0.005857421962024323,0.5270637538253091
NewMedia16,0.6725069795343901,-0.8245599122510555,1.0,-0.01228435675969064,0.48573385508547373
NewMedia16,0.6726180175815051,-0.8243667884117536,1.0,-0.07110863275063362,0.463705115171015
NewMedia16,0.6730073717726863,-0.8252739264456577,1.0,-0.09175259541500314,0.41524506005017536
NewMedia16,0.6734645024341848,-0.8247924768744402,1.0,-0.06716443906766256,0.4529328961862855
NewMedia16,0.6737716596294503,-0.8246829946979346,1.0,-0.06659033556430782,0.4872352844294128
NewMedia16,0.6718667081977803,-0.8291418433398456,1.0,-0.042083191000131026,0.44274949131965746
NewMedia16,0.6717109665213077,-0.8284087887667206,1.0,-0.044453055696951016,0.4734937999553024
NewMedia16,0.6728098105719758,-0.8245143513453047,1.0,-0.020508672986485843,0.47629976517421135
NewMedia16,0.67292805888189,-0.8237010551769769,1.0,-0.01107296056211371,0.5223532408804965
NewMedia16,0.6731357144505203,-0.8241145033963275,1.0,0.007330756258497884,0.5475938638290367
NewMedia16,0.6731285041877206,-0.8245871127918023,1.0,-0.00798641162357061,0.5548891867693189
NewMedia16,0.6863968297916523,-0.8238268576779306,-1.0,-0.0016874754433033878,0.5870266799981898
NewMedia16,0.6953606285041878,-0.8235371719189777,1.0,0.021215635814229028,0.5639798795403892
NewMedia16,0.6951832560393161,-0.8232481661735436,1.0,0.014503539539826082,0.6193032117430626
NewMedia16,0.6950044415218846,-0.8256275334753654,1.0,0.03739368891205208,0.5918081119176071
NewMedia16,0.6951082693061996,-0.8247571161714695,1.0,0.05469132485319994,0.6033716373558236
NewMedia16,0.6951832560393161,-0.8249107992266886,1.0,0.037064240993852415,0.602677377920217
NewMedia16,0.695334671558109,-0.824366108398235,1.0,0.005726182873298846,0.5752074729936345
NewMedia16,0.6874178030040841,-0.8227748767645501,1.0,0.00783680986399471,0.5438370244637802
NewMedia16,0.6729049860409313,-0.8262579060071714,1.0,0.02900248841193953,0.49988498995236785
NewMedia16,0.6732092591310768,-0.82644762977888,1.0,0.028588788239249263,0.5623954003446103
NewMedia16,0.6730780323481229,-0.826882838430828,1.0,0.015991996035823464,0.5594485303208945
NewMedia16,0.673207817078517,-0.8265346715092696,1.0,0.022319556379475358,0.5820511540430116
NewMedia16,0.6731342723979605,-0.8264299494273946,1.0,0.035791815919625325,0.5953111360053303
NewMedia16,0.6733188551256317,-0.8259083790585757,1.0,0.04861598119446464,0.6110812764109028
NewMedia16,0.67314148266076,-0.8230462021584989,1.0,0.06454127752881655,0.608244517426705
NewMedia16,0.6733823054382686,-0.8237989771236652,1.0,0.040974949806449334,0.5686633312975233
NewMedia16,0.6734298931727463,-0.8231652045242659,1.0,-0.14884699979612037,0.402242625943001
NewMedia16,0.6153440160586974,-0.8399975791518736,-1.0,-0.31858396803815126,0.04729129175646252
NewMedia16,0.667967398075725,-0.8191755652102364,-1.0,0.04502769927886008,0.5682704775039882
NewMedia16,0.66765014651254,-0.8185846334625132,1.0,0.05770010247990576,0.6072161922949335
NewMedia16,0.6646679818186014,-0.8251039230659906,1.0,0.07618483108368101,0.6712522937855849
NewMedia16,0.6635720218730534,-0.825258966148247,1.0,0.08883995177098503,0.6909966962022425
NewMedia16,0.6638330333864009,-0.8253385277299312,1.0,0.10738516917285623,0.7548648317004085
NewMedia16,0.6779478438430124,-0.8240567022472407,-1.0,0.09841500446239904,0.6578607384624862
NewMedia16,0.6861127454373457,-0.8206443944105608,1.0,0.09839718187010305,0.6267637012426219
NewMedia16,0.6860492951247086,-0.8218765789063887,1.0,0.1151623003565867,0.6364376092653776
NewMedia16,0.6958653469001639,-0.821452930484258,1.0,0.13367889359507346,0.6165065779681811
NewMedia16,0.6961551994647102,-0.8213094476318189,1.0,0.10777024518216183,0.6149174330503886
NewMedia16,0.6959850372626382,-0.8215943732961412,1.0,0.12253545278160693,0.6152748273566213
NewMedia16,0.7087342239449943,-0.831450489235726,1.0,0.12134403949054384,0.6165420374554835
NewMedia16,0.70924903670889,-0.8313124464914362,1.0,0.10407610786988974,0.6547785625003792
NewMedia16,0.6922717519208139,-0.8253507679732672,1.0,0.12499767091123393,0.64673672403794
NewMedia16,0.6751502618767449,-0.8257070950570498,1.0,0.1444820849192514,0.6003659792347376
NewMedia16,0.6730852426109228,-0.823711255379757,1.0,0.12202723886189237,0.5705865419114813
NewMedia16,0.6719042015643386,-0.8236527742171514,1.0,0.10471988150676514,0.5930575922728181
NewMedia16,0.6826157679795113,-0.8309323189345004,1.0,0.08545311915618137,0.5956442685570928
NewMedia16,0.6832892065249996,-0.8313722876810791,1.0,0.08404729467901095,0.6015855989690624
NewMedia16,0.6153440160586974,-0.8399975791518736,-1.0,-0.5888376564371287,-0.17995736463224088
NewMedia16,0.6153440160586974,-0.8399975791518736,-1.0,-0.5888376564371287,-0.17995736463224088
NewMedia16,0.6817404420756328,-0.7909733645504873,1.0,0.08111574828558821,0.5707255804274831
NewMedia16,0.6761106688816596,-0.8248733984831619,-1.0,0.1296164227086829,0.6526696561502849
NewMedia16,0.6763558178168478,-0.8272752062310998,1.0,0.13111352046155123,0.6577030370584305
NewMedia16,0.6756621905355205,-0.8229986012121921,-1.0,0.11064454324881545,0.6139273668391274
NewMedia16,0.675843889158072,-0.8242613863163599,1.0,0.06795997477833149,0.5830225573662187
NewMedia16,0.6759044553655891,-0.8247435159010961,1.0,0.053989762811000874,0.5478906037490945
NewMedia16,0.6654077547818464,-0.7777736221396081,-1.0,-0.010870431104204048,0.4001561150585715
NewMedia16,0.6445008767679565,-0.718562805028564,1.0,-0.3155994939463945,0.2504274967794855
NewMedia16,0.6340070602893335,-0.6955613477595934,-1.0,-0.16900219136873473,0.4128272829027886
NewMedia16,0.632537608730763,-0.683982077563702,-1.0,-0.06974439432215429,0.4189897685381967
NewMedia16,0.6337359544080663,-0.681695192100419,1.0,-0.008732260107232714,0.44893437242073087
NewMedia8,0.6387009413719111,-0.6981657995360948,-1.0,-0.5023813413661018,0.016230647168303358
NewMedia8,0.6153440160586974,-0.8399975791518736,-1.0,-0.5023813413661018,0.016230647168303358
NewMedia8,0.6741379409796728,-0.8236588943388194,1.0,0.10661771754701732,0.6739042901780488
NewMedia8,0.674644101428209,-0.8236779347173422,1.0,0.15047047593072405,0.6761858282426421
NewMedia8,0.6699949239749892,-0.834498989839918,1.0,0.19023754005020033,0.8018075940224638
NewMedia8,0.6695031840520522,-0.8360922615141588,1.0,0.1431405297900581,0.7596789236739203
NewMedia8,0.6560675803511689,-0.8360841013519349,-1.0,0.08230446118387902,0.6469672107054061
NewMedia8,0.6533940149050552,-0.836348626610697,1.0,0.056462782511716325,0.35891299874818694
NewMedia8,0.6648785214923514,-0.8336965738878889,1.0,0.04387193117238897,0.49759038786613674
NewMedia8,0.6662585657922062,-0.8335456108867445,1.0,0.013470909343763937,0.47457811375123593
NewMedia8,0.6889535889804113,-0.793269090189513,1.0,-0.07270078432908067,0.41386960520060057
NewMedia8,0.6891814332848802,-0.7939253032350283,1.0,-0.0784418193626264,0.39636568249481785
NewMedia8,0.6885858655776285,-0.794149707696189,1.0,-0.04526155329292647,0.46063040436412983
NewMedia8,0.6883709997461989,-0.7940585858846874,1.0,-0.017848246027384662,0.47924290262031644
NewMedia8,0.6890242495558478,-0.8145813938781103,1.0,0.02476287175969749,0.4619386728167105
NewMedia8,0.6901894280242726,-0.813615094668082,1.0,0.03455935665842591,0.4621318337080689
NewMedia8,0.6788794097967283,-0.813183966097246,1.0,0.04001090958679954,0.4749495052235093
NewMedia8,0.6705212731593642,-0.8128582396218037,1.0,0.026095245553465762,0.5270758847025441
NewMedia8,0.6706323112064789,-0.8131744459079846,1.0,0.02623620605617094,0.4925140823154672
NewMedia8,0.6591506887243026,-0.8118511396006552,1.0,0.017939519303082685,0.5392739483345941
NewMedia8,0.6593093145058952,-0.8122407873468525,1.0,0.03224782044548369,0.5984894258409148
NewMedia8,0.6512987125354746,-0.8426278714420843,1.0,-0.05889853679217649,0.44876174070623187
NewMedia8,0.6505748021503888,-0.842632631536715,1.0,-0.07416709760434659,0.4282642907565981
NewMedia8,0.6507218915115016,-0.84102099949747,1.0,-0.07037682630938669,0.42222218074913775
NewMedia8,0.6652866223668121,-0.8386790329391748,1.0,-0.04879852774586069,0.6980596661862528
NewMedia8,0.6669594033363329,-0.8350239602763303,1.0,0.10557698617263878,0.6561792122488268
NewMedia8,0.6645886689278051,-0.8362751851506808,1.0,0.12591148382532236,0.7079761917537097
NewMedia8,0.6607643455388663,-0.8326955939884084,-1.0,0.11391309866020016,0.7541453773659295
NewMedia8,0.6587916176368795,-0.8332130842761154,1.0,0.16383417968143466,0.7915588690476472
NewMedia8,0.6581672088784292,-0.8330913618562736,1.0,0.17061324569658654,0.8027314069811333
NewMedia8,0.6645958791906048,-0.8369925994128763,-1.0,0.15511083087034994,0.7815443633179071
NewMedia8,0.6650558939572231,-0.8360977016223082,1.0,0.17068669637998846,0.8025886358875207
NewMedia8,0.6649866754343463,-0.8357413745385258,1.0,0.12959157909517938,0.7784593879225923
NewMedia8,0.6616468817055443,-0.8334728494402468,-1.0,0.13868002100905574,0.763505748869379
NewMedia8,0.6563300339170761,-0.8298742178994518,1.0,-0.0011468568103231158,0.7765100492653589
NewMedia8,0.654074663713343,-0.8253276475136325,1.0,0.001961295270396901,0.8084655793357038
NewMedia8,0.6559998038808521,-0.8276668940178531,1.0,-0.012494987395916812,0.5406568683393904
NewMedia8,0.6153440160586974,-0.8399975791518736,-1.0,-0.017594949185358977,0.54155641954359
NewMedia8,0.6613296301423595,-0.8146255947568237,-1.0,0.05804413251907503,0.6653277599728644
NewMedia8,0.6607499250132671,-0.818404429880066,1.0,0.06624252497525762,0.7255780946217758
NewMedia8,0.6608912461641401,-0.8180630630936943,1.0,-0.035696222015492274,0.6775108932944711
NewMedia8,0.6924548925959253,-0.8186349544628947,1.0,0.013661016994921837,0.6141914467050904
NewMedia8,0.6986946540227497,-0.8166629152587553,-1.0,-0.012559256743893465,0.5422926704773177
NewMedia8,0.7116889896402945,-0.8190667630472493,1.0,-0.03134372894537518,0.576255394157863
NewMedia8,0.7113803903924689,-0.8178998598492138,1.0,-0.03681094415182695,0.48862566958943043
NewMedia8,0.6153440160586974,-0.8399975791518736,-1.0,-0.36404508035693783,-0.3425792391233855
NewMedia8,0.6548403936226668,-0.8089250414298237,-1.0,-0.012082367380335635,0.5300628799355758
NewMedia8,0.6558455042569393,-0.8096866565707326,1.0,-0.005488548309351748,0.48332447623771113
NewMedia8,0.6534329503241734,-0.823733695825873,1.0,-0.1523521096143433,0.2482346074331485
NewMedia8,0.6518423663505688,-0.8300496613872683,1.0,-0.15304449032111722,0.27788247139562494
NewMedia8,0.649536524307238,-0.837395847429447,1.0,-0.1711063374167774,0.2567271546420904
NewMedia8,0.6483482729978542,-0.8354863694690251,1.0,-0.14802716055050213,0.27795339037023004
NewMedia8,0.6470720564823147,-0.8382064235437001,1.0,-0.14177791159724185,0.30751260561444993
NewMedia8,0.6474123808864585,-0.8373067656585013,1.0,-0.13456624265999484,0.3369533115195278
NewMedia8,0.6624558731916663,-0.8101198251821247,-1.0,-0.019848696992977644,0.5440525808208034
NewMedia8,0.6615170969751507,-0.8099831424648722,1.0,0.0009545888449475903,0.5590136850292378
NewMedia8,0.6613757758242773,-0.8105761142531513,1.0,0.025026970172811636,0.562159314810728
NewMedia8,0.6613108834590802,-0.8104469116846043,1.0,0.03995906204557431,0.566870760899943
NewMedia8,0.6874653907385617,-0.814255667402668,1.0,0.0385640391394928,0.6264343012684699
NewMedia8,0.6877595694607876,-0.8136021744112273,1.0,0.06016394084519594,0.5947185893096181
NewMedia8,0.6876874668327912,-0.8128201588647582,1.0,0.06960127350523138,0.6297936211181778
NewMedia8,0.6800936180521908,-0.8130840041100017,1.0,0.05094317968548534,0.6257997630746364
NewMedia8,0.7130300985210309,-0.8090998049041215,-1.0,0.04830975665410531,0.5520916198500345
NewMedia8,0.7129839528391131,-0.8096580960029486,1.0,0.062259985714922195,0.529422742875326
NewMedia8,0.7110833275651232,-0.8098852205181839,1.0,0.027447062175193437,0.5821304713172408
NewMedia8,0.6581181790913917,-0.8119354612769702,1.0,0.05252128922151722,0.5606681500552189
NewMedia8,0.6582695946101844,-0.8113309292588737,1.0,0.06664812396963127,0.5982608054622542
NewMedia8,0.6584642717057752,-0.8116029346663411,1.0,0.02596724693606678,0.5625717646367201
NewMedia8,0.663345619621144,-0.8111813262847665,-1.0,0.047388922718809345,0.5297894686255857
NewMedia8,0.6637969820724026,-0.8126372352282364,1.0,0.029215819440937763,0.562279690438676
NewMedia8,0.6731357144505203,-0.8135572935189952,-1.0,0.0462828418393455,0.48837652003391074
NewMedia8,0.7213334371611178,-0.8087257974688536,1.0,0.055105025025889987,0.5370782595550487
NewMedia8,0.7215151357836691,-0.8090583240794826,1.0,0.06982702634098126,0.5801867315264237
NewMedia8,0.7210306061235319,-0.8092494078782286,1.0,0.07456351526329508,0.6221371712940522
NewMedia8,0.7141952769894557,-0.812214946833143,1.0,0.025662642631370858,0.5247831489051185
NewMedia8,0.6648280496527537,-0.8103496697514346,-1.0,0.017966523230803944,0.5245843891473443
NewMedia8,0.6555138321681551,-0.8103578299136587,1.0,-0.03654198503172301,0.46725293019006786
NewMedia8,0.6554128884889598,-0.8104523517927537,1.0,-0.09722467132844481,0.3636832329347721
NewMedia8,0.6629389607992433,-0.8112561277718201,1.0,-0.15966801371259454,0.2877392757213091
NewMedia8,0.6153440160586974,-0.8399975791518736,-1.0,-0.5470577195453078,-0.26152818259396404
NewMedia8,0.6665094829376341,-0.8099559419241255,-1.0,-0.2089550425109331,0.21012125744940868
NewMedia8,0.6651784684248172,-0.8131431652861258,1.0,-0.21913822365463065,0.21604299182892128
NewMedia8,0.664585784822685,-0.8135069725186137,1.0,-0.2232039350123476,0.2534266228897524
NewMedia8,0.6698492766664359,-0.812436631240229,-1.0,-0.2127890601688016,0.34560356013252536
NewMedia8,0.6877812002491865,-0.8116036146798599,1.0,-0.2302065935490316,0.30923892275943876
NewMedia8,0.6640478992178307,-0.7868851232762507,1.0,-0.16802734957799614,0.3124228114614396
NewMedia8,0.6660090906993379,-0.7887436002227725,1.0,-0.1704582431514664,0.2983864533560774
NewMedia8,0.6829661867515748,-0.7868735630464334,-1.0,-0.20966254541723095,0.29484703663664913
NewMedia8,0.7072272790198657,-0.7883893131795461,1.0,-0.22268005881455455,0.18687756352263873
NewMedia8,0.7069907824000368,-0.788506275504757,1.0,-0.2183345867656451,0.19139584872049586
NewMedia8,0.7129161763687963,-0.7878969833920298,-1.0,-0.21625798472387803,0.12062057835356943
NewMedia8,0.7135679841258853,-0.7890727267658081,1.0,-0.19312912063059573,0.0888339474201123
NewMedia8,0.7152191343070073,-0.7780313472631836,1.0,-0.2097332957078607,0.11153921702652614
NewMedia8,0.7154455365589165,-0.7772180510948558,1.0,-0.2223705938028686,0.09512614012749565
NewMedia8,0.714886020165663,-0.7774519757452778,1.0,-0.22633098984247269,0.10603086561740804
NewMedia8,0.7101676241895665,-0.7791288890823149,-1.0,-0.23275360401170353,0.23271921544951213
NewMedia8,0.7019969543849933,-0.7830865677609671,1.0,-0.22155561526424028,0.250503081476104
NewMedia8,0.7017618998177246,-0.7828458429753583,1.0,-0.2104564608922369,0.2975214284947776
NewMedia8,0.6153440160586974,-0.8399975791518736,-1.0,-0.47968886074479533,-0.07243860026473292
NewMedia8,0.6561281465586857,-0.81077603822764,-1.0,-0.23240255295132684,0.2092198399564038
NewMedia8,0.6631120071064351,-0.8144039103497378,1.0,-0.21432126302770738,0.2259837791508481
NewMedia8,0.6640724141113497,-0.8144943521477207,1.0,-0.18006354024192817,0.27091841471830014
NewMedia8,0.6865496873630048,-0.8158366988335728,1.0,-0.16109058062495196,0.24724174178867941
NewMedia8,0.6862540665882191,-0.8116614158289467,-1.0,-0.1570210887173541,0.30033019314689424
NewMedia8,0.7124792344431372,-0.8102796283590118,-1.0,-0.16156801006706434,0.3656251064367835
NewMedia8,0.7113082877644725,-0.8097138571114794,1.0,-0.15941417679201442,0.35533159053063734
NewMedia8,0.712522496019935,-0.8097322174764834,1.0,-0.13089910927544424,0.3687810008067036
NewMedia8,0.7151383793636512,-0.8089889627005785,1.0,-0.07590723070670646,0.4247948598673723
NewMedia8,0.709352864493205,-0.8094656521771653,-1.0,-0.04860463954482186,0.4748869845485284
NewMedia8,0.6659542927020605,-0.8129684018118281,1.0,-0.05531025487657193,0.47004956396494935
NewMedia8,0.6665585127246718,-0.8118810601954767,1.0,-0.007317794373191466,0.503669823649705
NewMedia8,0.6669002791813756,-0.811640335409868,1.0,-0.004732978411709943,0.5436056046519118
NewMedia8,0.7218626704506126,-0.8090902847148601,1.0,0.05466810147535961,0.6089817015048353
NewMedia8,0.7222693292725133,-0.8088726803888862,1.0,0.07865244999885235,0.6210565900757294
NewMedia8,0.7152119240442074,-0.8128242389458702,-1.0,0.0805745895740535,0.5846201005836351
NewMedia8,0.7131411365681455,-0.8114043707188898,1.0,0.11194775280064473,0.6728190432377126
NewMedia8,0.7148586211670243,-0.8113513296644337,1.0,0.11911459521787426,0.6486823301175624
NewMedia8,0.7192424609492167,-0.8092861286082367,1.0,0.11276327141782772,0.6421708484755453
NewMedia8,0.7210017650723333,-0.8088067190775753,1.0,0.09866830130442472,0.5850129543771705
NewMedia8,0.7264426293809556,-0.8087645582394178,1.0,0.08172873744486142,0.5979463357985455
NewMedia8,0.7292474216100229,-0.8282217850490867,1.0,-0.058222898520589816,0.6179389546263201
NewMedia8,0.7295920721718467,-0.8278076568162175,1.0,-0.058498338583347076,0.5641674415653313
NewMedia8,0.7295733254885675,-0.8281170629672118,1.0,-0.05651517013149554,0.5711930857732339
NewMedia8,0.6940916222514479,-0.8241335437748503,1.0,0.062497620278869404,0.5437343785794837
NewMedia8,0.6950217461526036,-0.8241784246670824,1.0,0.06073534395577829,0.5266541034325252
NewMedia8,0.6955005076025012,-0.8245837127242089,1.0,0.047698387730495284,0.5802641825118475
NewMedia8,0.7078343831475971,-0.8425408297116946,1.0,0.042485009444623634,0.6058957929651179
NewMedia8,0.7072474677557048,-0.8417928148411591,1.0,0.032775477193157654,0.6413347510907295
NewMedia8,0.6953087146120303,-0.841864896274138,1.0,0.007140648607339761,0.5707507753263559
NewMedia8,0.6556320804780693,-0.8346417926788384,-1.0,0.08043686954267493,0.627415036035704
NewMedia8,0.65561333379479,-0.8342086240674464,1.0,0.0857026354483259,0.6447659230594449
NewMedia8,0.6610715027341316,-0.835907297837081,1.0,0.0677844492481432,0.5585741740155679
NewMedia8,0.6674785422579084,-0.8338808575514481,1.0,0.07442795554613402,0.6441323180100136
NewMedia8,0.6692839920629428,-0.8327853557728728,1.0,0.08391821590450332,0.5896926735566941
NewMedia8,0.673056401559724,-0.8325126703518866,1.0,0.05472534980212873,0.6210911164186292
NewMedia8,0.6732799197065134,-0.832655473190807,1.0,0.07138623312760828,0.5984819606856933
NewMedia8,0.6639065780669573,-0.8122815881579726,1.0,-0.008044740107448711,0.44208695879374305
NewMedia8,0.6642872799427793,-0.8127773180130821,1.0,-0.016084889547184567,0.4068840862020138
NewMedia8,0.6640262684294318,-0.8131506454348312,1.0,-0.015910984252659577,0.4577619184702406
NewMedia8,0.6547899217830693,-0.8337013339825196,1.0,0.027889386511267933,0.5575047905300776
NewMedia8,0.6557445605777441,-0.8335388107515578,1.0,0.01626041507737308,0.5437605066227591
NewMedia8,0.6557373503149444,-0.835886897431521,1.0,0.008313699227552762,0.5534166849018636
NewMedia8,0.6545447728478806,-0.8357930555659446,1.0,0.04052452429205822,0.6300595672729461
NewMedia8,0.6543500957522901,-0.8356305323349829,1.0,0.06841256060694012,0.5993815118898929
NewMedia8,0.6545880344246788,-0.8359875394322839,1.0,0.04823252542082246,0.5991491589336213
NewMedia8,0.6540270759788653,-0.8209510805074804,-1.0,-0.16124126254163662,0.30302977990389546
NewMedia8,0.6595386008629243,-0.8096662561651726,1.0,-0.03147550811265498,0.45891995067398694
NewMedia8,0.6594232366581296,-0.8109127209448924,1.0,-0.012393992706239199,0.5033917466177014
NewMedia8,0.7157786507002608,-0.8095717342860775,-1.0,0.034785109494176014,0.42465488820696784
NewMedia8,0.7182056251586257,-0.8098621000585491,1.0,0.003310951577907062,0.4870029314731412
NewMedia8,0.7177874299162457,-0.8094316515012319,1.0,-0.006345112896670946,0.4878287642695276
NewMedia8,0.7170375625850811,-0.809593494718675,1.0,-0.03855431772551332,0.3710933326365857
NewMedia8,0.711231858978796,-0.8114444915164913,1.0,-0.052210744052722524,0.32609057752773674
NewMedia8,0.7109607530975288,-0.8115029726790969,1.0,-0.05516011303844148,0.30774402542631907
NewMedia8,0.7225087099974621,-0.8109304012963778,1.0,-0.05560621792439713,0.3426660215528363
NewMedia8,0.7215122516785493,-0.8103836704273681,1.0,-0.03154463816762154,0.28966062004646154
NewMedia8,0.7211185713296877,-0.8100103430056189,1.0,-0.04724094119489697,0.3066811739516473
NewMedia8,0.6619670173738492,-0.8133968103285893,-1.0,-0.06263588038880263,0.34586297427647517
NewMedia8,0.6626361297616574,-0.813615094668082,1.0,-0.0449126625467674,0.39842513219156905
NewMedia8,0.6631379640525137,-0.8117205770050708,1.0,-0.04435314116438249,0.40592947947805524
NewMedia8,0.6633398514109041,-0.8115634938822583,1.0,-0.054060513101630625,0.37381904743686234
NewMedia8,0.6651827945824971,-0.7896221776888924,1.0,0.012259513146187118,0.44654458960542476
NewMedia8,0.6648568907039523,-0.788951684359485,1.0,0.01951006773935271,0.4798046555507396
NewMedia8,0.6995440229805496,-0.8151050042874852,1.0,-0.0238771429304393,0.4238103925225274
NewMedia8,0.7002088092106782,-0.815918300455813,1.0,-0.030418574381643748,0.4061189077918024
NewMedia8,0.6976491659167994,-0.8145609934725502,1.0,-0.059663288025243344,0.3938415268855233
NewMedia8,0.6651525114787384,-0.8128691198381024,1.0,-0.046473489569057835,0.3876463811960207
NewMedia8,0.6650948293763412,-0.8118096587760164,1.0,-0.06344275774911456,0.358260730810702
NewMedia8,0.7190809510625042,-0.8096342955297952,1.0,-0.02974239603150286,0.4039213527234522
NewMedia8,0.720143743799174,-0.8055950152289028,-1.0,-0.5040874495195325,0.07239474247780642
NewMedia8,0.6153440160586974,-0.8399975791518736,-1.0,-0.5040874495195325,0.07239474247780642
NewMedia8,0.7160526406866479,-0.8081525460726159,1.0,-0.005377832205694433,0.3791491682650656
NewMedia8,0.716744825915415,-0.8092058870130339,1.0,0.01747721206049424,0.3819196739966717
NewMedia8,0.7168414434369303,-0.8100117030326563,1.0,0.004256629126706324,0.4262421668359546
NewMedia8,0.7208243926074618,-0.8101660661013941,1.0,0.018270587456945542,0.45712924656521237
NewMedia8,0.7218684386608523,-0.8099165011400427,1.0,0.022423791540479687,0.39054099513318574
NewMedia8,0.7130373087838306,-0.8123591096991009,1.0,0.03253352200077497,0.4361101688944713
NewMedia8,0.7125066334417758,-0.8125563136195147,1.0,0.03554554009880739,0.40926267128448734
NewMedia8,0.7177167693408091,-0.8096431357055378,-1.0,0.05195312658226148,0.41894124502925667
NewMedia8,0.7187564892365197,-0.809162366147839,1.0,0.07065172629358929,0.39776073337684914
NewMedia8,0.7184334694630949,-0.8092052069995151,1.0,0.07158606219274599,0.43904210860774406
NewMedia8,0.7178177130200043,-0.8093466498113983,1.0,0.06667620805446162,0.47526210859841256
NewMedia8,0.660115421886897,-0.8113894104214792,1.0,0.09187789363962984,0.5486007266395465
NewMedia8,0.6586704852218452,-0.8115145329089142,1.0,0.07811885238707972,0.5780115719237382
NewMedia8,0.6593222929789346,-0.8116491755856107,1.0,0.08878324352277045,0.5514832096994762
NewMedia8,0.688281592487483,-0.8125481534572907,-1.0,0.062299411449395325,0.5272755776047211
NewMedia8,0.72423773101682,-0.8090488038902213,1.0,0.1122674793048648,0.552646840769639
NewMedia8,0.7240834313929077,-0.809025003417068,1.0,0.1102211216621456,0.5798433343862315
NewMedia8,0.7166482083938996,-0.8092052069995151,1.0,0.10299054997549395,0.5802389876129748
NewMedia8,0.7164924667174271,-0.8097505778414875,1.0,0.09791975242799045,0.567274812426311
NewMedia8,0.7161362797351238,-0.8093731703386263,1.0,0.09012155818063738,0.5545243273078646
NewMedia8,0.7157382732285826,-0.8096363355703511,1.0,0.08763989722305099,0.5474053686596922
NewMedia8,0.7147778662236681,-0.8096152551512724,1.0,0.06606591928796024,0.564171174142942
NewMedia8,0.7139241711081885,-0.8095574540021856,1.0,-0.37609045235629524,0.11515888416458608
NewMedia8,0.6153440160586974,-0.8399975791518736,-1.0,-0.37609045235629524,0.11515888416458608
NewMedia8,0.7159877483214507,-0.8117151368969215,1.0,0.13468668017763186,0.5625633663370959
NewMedia8,0.6679558616552455,-0.7882145497052482,-1.0,0.1501286062057725,0.658199469880665
NewMedia8,0.667840497450451,-0.7887531204120338,1.0,0.1543801045862121,0.6294959480537177
NewMedia8,0.6682024526429939,-0.7885021954236451,1.0,0.13967430562775363,0.6238494912730004
NewMedia8,0.6626880436538152,-0.7878289820401629,1.0,0.06011263338252548,0.6471109149434211
NewMedia8,0.6619626912161696,-0.7881785089887587,1.0,0.03529656388521718,0.5915384331852278
NewMedia8,0.6677871415057337,-0.8207939973846681,-1.0,0.07930432481404415,0.7008544336723295
NewMedia8,0.6654870676726428,-0.830062581644123,1.0,-0.07588724780019263,0.4440997512703597
NewMedia8,0.6588334371611175,-0.8396446521356844,1.0,-0.11596377693135473,0.3997707264202577
NewMedia8,0.6606215823354331,-0.8398724566644384,1.0,-0.1201288627430861,0.4015623636734351
NewMedia8,0.6658547910754251,-0.8357066938490737,1.0,-0.12316410421895874,0.5502281304778494
NewMedia8,0.6985259338732377,-0.783591817805338,1.0,-0.03310384495424856,0.5274332790087768
NewMedia8,0.6984451789298816,-0.7841779894584304,1.0,-0.015036597073044167,0.5644585826189725
NewMedia8,0.7084414872753282,-0.7883403522062018,1.0,0.0034097859533668284,0.5753885030077579
NewMedia8,0.7077406497312013,-0.7882893511923017,1.0,0.042917072288164215,0.6595683927194209
NewMedia8,0.6794980503449388,-0.7806813599454357,1.0,0.056518410602822255,0.5591172640579372
NewMedia8,0.6681317920675571,-0.7800843080760446,1.0,0.05281347171946171,0.6002670659280518
NewMedia8,0.6677236911930966,-0.780543317201146,1.0,0.023547154933684977,0.5649960737949258
NewMedia8,0.7137121893818787,-0.779377094016629,1.0,-0.021785418689148406,0.5955481546836152
NewMedia8,0.712753224429524,-0.778950045526905,1.0,-0.020869985539396674,0.6084022188307607
NewMedia8,0.7128556101612791,-0.7788460034585487,1.0,-0.00799289256622382,0.5671880299968601
NewMedia8,0.714884578113103,-0.7813606934505858,1.0,-0.04453352740156058,0.5655783559022085
NewMedia8,0.702640109826723,-0.7890761268334014,-1.0,0.0038704729602920818,0.5513861626815959
NewMedia8,0.6985115133476385,-0.7896357779592658,1.0,-0.03247465343834266,0.5670303285928044
NewMedia8,0.6988013659121848,-0.7898159815417131,1.0,-0.024681859976533715,0.5577735361180542
NewMedia8,0.6986672550241111,-0.7897391400141035,1.0,-0.038416597694134524,0.4605846802883977
NewMedia8,0.6978034655407122,-0.7923027909794846,-1.0,-0.19678923299393902,0.4319642083132904
NewMedia8,0.6153440160586974,-0.8399975791518736,-1.0,-0.6183340466870907,-0.3177482665676288
NewMedia8,0.683191146950924,-0.8099029008696693,1.0,0.008160316918095711,0.4855556245045589
NewMedia8,0.6832848803673197,-0.8121789061166536,1.0,0.0124609624469878,0.5021917229158337
NewMedia8,0.6620968021042433,-0.8131030444885244,1.0,0.0755880442810406,0.5651883015418813
NewMedia8,0.6624457788237466,-0.8126630757419457,1.0,0.07017483693003146,0.6163395451200984
NewMedia8,0.6153440160586974,-0.8399975791518736,-1.0,-0.26203774338977615,-0.22438996851104198
NewMedia8,0.6153440160586974,-0.8399975791518736,-1.0,-0.26203774338977615,-0.22438996851104198
NewMedia8,0.6512741976419556,-0.8346649131384731,1.0,0.08341756308455062,0.6880125004024187
NewMedia8,0.6633095683071457,-0.8359678190402425,-1.0,0.0623609804045997,0.7238713735092437
NewMedia8,0.6644343693038923,-0.8375604107009648,1.0,0.055336718725738754,0.7523593389791681
NewMedia8,0.6650342631688242,-0.836855916695624,1.0,0.026773044139270175,0.7422123267442451
NewMedia8,0.6656759765579938,-0.8365560307338911,1.0,0.01765651814056346,0.7039459410784632
NewMedia8,0.7125426847557741,-0.8403573063032493,-1.0,-0.1536634203444891,0.6671641881573711
NewMedia8,0.7145125285526408,-0.8365465105446297,1.0,-0.1394987800975651,0.6410893341128201
NewMedia8,0.7080708797674258,-0.8381615426514679,-1.0,0.012252492124979586,0.5939496783217961
NewMedia8,0.6624573152442261,-0.8330022800853281,1.0,0.046784574816407076,0.6224535072465665
NewMedia8,0.6627471678087724,-0.8332137642896341,1.0,0.048073202247266744,0.6163376788312926
NewMedia8,0.6561872707136429,-0.8368858372904453,-1.0,0.06946193323818961,0.5814147495603723
NewMedia8,0.652834498511802,-0.8354958896582865,1.0,0.06063758973742717,0.6030049116055638
NewMedia8,0.6153440160586974,-0.8399975791518736,-1.0,-0.04363213629422391,0.3884320887830912
NewMedia19,0.6601630096213749,-0.835472089185133,1.0,0.0874028027376581,0.6738455020806788
NewMedia19,0.6603447082439262,-0.8371231620084607,1.0,0.06336228604450511,0.7269348865832965
NewMedia19,0.6604586303961606,-0.837214963833481,1.0,0.09184494884780992,0.7058056978730374
NewMedia19,0.6677280173507765,-0.8316878139537414,-1.0,0.09863157596272387,0.7190750112793829
NewMedia19,0.6828594748621397,-0.8247652763336935,1.0,0.07952899749268538,0.6607814804429266
NewMedia19,0.6816495927643571,-0.8242056252078291,1.0,0.023762106198346622,0.6487616473917917
NewMedia19,0.6409923628896428,-0.801640736617844,1.0,-0.07140513587701325,0.621799373020276
NewMedia19,0.641218765141552,-0.801792379632507,1.0,-0.09725275541327483,0.5791042840192955
NewMedia19,0.6503974296855173,-0.8011518068979211,-1.0,-0.08554115196055267,0.5374981745362624
NewMedia19,0.6514832952631457,-0.8018046198758432,1.0,-0.09881142212134764,0.5223579066025099
NewMedia19,0.6493014697399693,-0.8020609849723812,1.0,-0.08649439060911401,0.4878987500997298
NewMedia19,0.660643213123832,-0.8040758650281967,1.0,-0.12811986503436923,0.4118913390668839
NewMedia19,0.6626577605500565,-0.8032115678459688,1.0,-0.1130295301451597,0.35973696525576804
NewMedia19,0.6556306384255093,-0.8032802492113543,1.0,-0.1468109036459353,0.42157364538926356
NewMedia19,0.6588521838443968,-0.803270729022093,1.0,-0.15192328724212945,0.2834692069345697
NewMedia19,0.6697093975681228,-0.8038392203237,1.0,-0.15395020205688925,0.3283870459027731
NewMedia19,0.6717643224660252,-0.8037929794044305,1.0,-0.11326068376645393,0.3981302585603168
NewMedia19,0.6733549064396298,-0.8039915433518818,1.0,-0.14220835420511913,0.319473650568215
NewMedia19,0.682497519669597,-0.8037011775794103,1.0,-0.14558924595582434,0.35383762634192006
NewMedia19,0.6821341224244941,-0.8038324201885134,1.0,-0.14795641025987227,0.3333243129374408
NewMedia19,0.6823879236750421,-0.804383231138635,1.0,-0.14335332074050178,0.34730094980103043
NewMedia19,0.6818111026510694,-0.804582475099605,1.0,-0.1212716689642509,0.3870473024894896
NewMedia19,0.6827527629727048,-0.804912961669678,1.0,-0.13179888014711738,0.33599310592915277
NewMedia19,0.6972151080962601,-0.803367290941744,1.0,-0.07832138184498938,0.3117630783687333
NewMedia19,0.6975164970812855,-0.8029885234118455,1.0,-0.08771226774934426,0.29302367247378003
NewMedia19,0.6965935834429293,-0.8027729591264274,1.0,-0.08475911821374427,0.3480232035687174
NewMedia19,0.7020084908054729,-0.8036828172144062,-1.0,-0.07493238891596787,0.34068775541911966
NewMedia19,0.7153561293002009,-0.8027212780990086,1.0,-0.0598382734768772,0.3134007467954658
NewMedia19,0.7151657783622898,-0.8027947195590248,1.0,-0.055887058772698395,0.3009190072649959
NewMedia19,0.732174788306684,-0.801521734252077,1.0,-0.05824666197698458,0.2919113643457658
NewMedia19,0.732388212085554,-0.8012184482227507,1.0,-0.04794628378697696,0.27430292946688084
NewMedia19,0.7319916476315729,-0.8007709993274666,1.0,-0.06407302942212956,0.2453493249400105
NewMedia19,0.7329477284788077,-0.8005554350420486,1.0,-0.0869993640575022,0.2519699844771428
NewMedia19,0.7168126023857317,-0.8095635741238536,1.0,-0.04939963517693646,0.3582458005002589
NewMedia19,0.6804267321935351,-0.8273547678127842,1.0,-0.08870169166105213,0.3516904610713152
NewMedia19,0.6807757089130384,-0.826135503573811,1.0,-0.0905719836950285,0.2746677889283349
NewMedia19,0.6153440160586974,-0.8399975791518736,-1.0,-0.3828624973502396,-0.09976293466449493
NewMedia19,0.6153440160586974,-0.8399975791518736,-1.0,-0.3828624973502396,-0.09976293466449493
NewMedia19,0.6828710112826193,-0.8216140936881825,1.0,-0.17161995212203618,0.21808471178202127
NewMedia19,0.6826561454511895,-0.8235174515269363,1.0,-0.1550060556307915,0.2488374187172906
NewMedia19,0.6815659537158811,-0.8285944324573172,1.0,-0.16106411677578503,0.26502280838206294
NewMedia19,0.6830368473270114,-0.8285726720247198,1.0,-0.20874711226747922,0.14717320233230113
NewMedia19,0.690074063819478,-0.8230203616447895,1.0,-0.22472803669293706,0.08577603321247573
NewMedia19,0.6897496019934934,-0.8231849249163073,1.0,-0.229412678074026,0.16470231993695683
NewMedia19,0.6759794420987055,-0.8246299536434785,1.0,-0.23183222999785313,0.14313362021302778
NewMedia19,0.6701910431231399,-0.8207803971142946,-1.0,-0.20124650130361477,0.3013426548238203
NewMedia19,0.6501652592233682,-0.7924809545213759,1.0,-0.12442842811486932,0.22451221042779546
NewMedia19,0.650573360097829,-0.7921640682216763,1.0,-0.10613218692658855,0.17390685632515623
NewMedia19,0.6649866754343463,-0.7908570822387949,1.0,-0.09786736480821134,0.3574638254907989
NewMedia19,0.6680568053344407,-0.7904225536003656,1.0,-0.07358003221568576,0.4188012733688522
NewMedia19,0.7048954800304563,-0.7885273559238357,-1.0,-0.09242283290104547,0.4531801794530004
NewMedia19,0.7022031679010636,-0.7887211597766564,1.0,-0.03823945192828293,0.4783256216724654
NewMedia19,0.6778166170600586,-0.824813557293519,1.0,-0.06969578725225589,0.4021502446471339
NewMedia19,0.6794576728732609,-0.8236493741495581,1.0,-0.0637959691237091,0.4636556585176723
NewMedia19,0.680217634572345,-0.8238193775292253,1.0,0.010445929360425321,0.5132056263008618
NewMedia19,0.6843173900002308,-0.8284604697941396,1.0,0.05740737990340694,0.6211639016820394
NewMedia19,0.6845279296739808,-0.8290718019474227,1.0,0.10131198582833867,0.6338723953023646
NewMedia19,0.6841818370595971,-0.8216317740396679,1.0,0.040156190717939744,0.6057380915610622
NewMedia19,0.6839684132807273,-0.8171457248570102,-1.0,0.014778439524028686,0.5491699447251914
NewMedia19,0.7016681664013291,-0.7969187227442082,-1.0,0.07630904915119885,0.5496859735798827
NewMedia19,0.7093297916522461,-0.788588557140516,1.0,0.05739009738966527,0.5735782028665264
NewMedia19,0.7091466509771349,-0.7886925992088722,1.0,0.08205818536306109,0.710663647633476
NewMedia19,0.7079093698807133,-0.7948412814446751,1.0,0.0798951707525859,0.7438397305825482
NewMedia19,0.7262119009713666,-0.790359992356648,-1.0,0.09040023871472114,0.6524373031940136
NewMedia19,0.7398349715050414,-0.7894582944308933,1.0,0.1012504168731343,0.6130390133677603
NewMedia19,0.7398061304538428,-0.7894786948364534,1.0,0.09484778561041707,0.6196176814067713
NewMedia19,0.7279019865716065,-0.7875372562406541,1.0,0.10131846677099188,0.5710139220479162
NewMedia19,0.7286561800604507,-0.7875345361865793,1.0,0.08810382470130285,0.5278811883220711
NewMedia19,0.7112607000299946,-0.7900913870167738,1.0,0.06490529047449933,0.5089803484454516
NewMedia19,0.7109102812579313,-0.7896772587839046,1.0,-0.005239032017206879,0.5281667305092965
NewMedia19,0.6153440160586974,-0.8399975791518736,-1.0,-0.005239032017206879,-0.5024483376265751
NewMedia19,0.704162917330011,-0.7929800844440787,-1.0,-0.005239032017206879,0.6047592230826333
NewMedia19,0.7062077478599942,-0.7926482378469684,1.0,0.04923383106072765,0.586149524259655
NewMedia19,0.7063461849057475,-0.7930059249577881,1.0,0.06638294539940826,0.6598716646502973
NewMedia19,0.7071234512355506,-0.7958776220471263,1.0,0.05859717295880684,0.6784720320292488
NewMedia19,0.6844659214139035,-0.8291132827720615,-1.0,0.09947463858618222,0.6567801572441636
NewMedia19,0.6852330933757875,-0.8288283571077393,1.0,0.04389569462878362,0.5755741987438943
NewMedia19,0.6851523384324312,-0.8277933765323255,1.0,0.04016483197481069,0.5351447843526618
NewMedia19,0.6856152373041693,-0.8286882743228935,1.0,0.03916406641345982,0.5364726488376987
NewMedia19,0.6842308668466348,-0.8243599882765669,1.0,0.007511682574230294,0.5089243597812896
NewMedia19,0.6843664197872685,-0.8232087253894608,1.0,-0.021157847408905583,0.44285680292596785
NewMedia19,0.6840001384370458,-0.8180045819310888,1.0,-0.029793703494173207,0.42639613566239976
NewMedia19,0.7089389954085046,-0.7896031373103698,1.0,-0.011180976272998966,0.3904691430141778
NewMedia19,0.7081386562377425,-0.790442273992407,1.0,-0.02353797359825993,0.4366663229584786
NewMedia19,0.7080391546111071,-0.7905218355740912,1.0,0.0009427071167500412,0.4522722299491764
NewMedia19,0.7053929881636325,-0.797085326056282,1.0,0.019554354180815636,0.5364287910507721
NewMedia19,0.7051103458618861,-0.795457373692589,1.0,0.03515722361817519,0.5681995585293831
NewMedia19,0.7050815048106873,-0.7955654958420574,1.0,0.046539919231252114,0.6132153776598701
NewMedia19,0.7047310860386238,-0.7956192169100321,1.0,0.0432546213846805,0.6306605122682829
NewMedia19,0.7043143328488037,-0.7953111707860752,1.0,-0.5591057919374374,0.15161403654473427
NewMedia19,0.6153440160586974,-0.8399975791518736,-1.0,-0.5591057919374374,0.15161403654473427
NewMedia19,0.6381428670312175,-0.7914588942028168,1.0,0.07920008965304004,0.6195262332553069
NewMedia19,0.638425509332964,-0.7909427639421471,1.0,0.054081036086698786,0.6383038980707709
NewMedia19,0.6384803073302414,-0.8021330664053601,1.0,0.04834918238857844,0.6663262244837498
NewMedia19,0.6403160402390347,-0.8021487067162896,1.0,0.04108944645998758,0.5991034348578892
NewMedia19,0.6489467248102259,-0.8014992938059609,1.0,-0.010053292251357981,0.562980481885101
NewMedia19,0.6486640825084793,-0.8011620071007012,1.0,0.008617223375140037,0.569728982205403
NewMedia19,0.6610354514201335,-0.8009151621934244,1.0,-0.002419281884550095,0.5280454217369459
NewMedia19,0.662036235896726,-0.8019481027282822,1.0,0.02418444762790739,0.47580053291876867
NewMedia19,0.6549355690916223,-0.8030361243581522,-1.0,-0.032451970139056874,0.47431496702967557
NewMedia19,0.6559680787245334,-0.8029368423844266,1.0,-0.10210590130334463,0.4112428037070097
NewMedia19,0.6721406981841676,-0.8025764352195321,1.0,-0.07871887966104674,0.407757509362938
NewMedia19,0.6726338801596641,-0.8022983096903966,1.0,-0.07253984091986176,0.46475676891285445
NewMedia19,0.6732741514962737,-0.8023425105691101,1.0,-0.05741116045328798,0.4384243670131591
NewMedia19,0.6823374518354446,-0.804689237222036,1.0,-0.032941281309366466,0.4765713101953959
NewMedia19,0.6824571421979189,-0.80447775301773,1.0,-0.028359794932172888,0.44386646516968553
NewMedia19,0.6981322535243764,-0.8017216582265656,1.0,-0.030110729605621223,0.5056210285957439
NewMedia19,0.6990609353729724,-0.8021480267027709,1.0,-0.007757958395048559,0.44823638040751357
NewMedia19,0.6980644770540596,-0.8022167080681564,1.0,-0.0074128481987705275,0.4832656881403412
NewMedia19,0.698416337878683,-0.8020949856483147,1.0,0.014052033868326097,0.43397233506789323
NewMedia19,0.7120047991509193,-0.801330650453331,1.0,0.02832631006179831,0.49445688896188167
NewMedia19,0.7121691931427518,-0.8012728493042441,1.0,0.029846091113952422,0.45639859449790077
NewMedia19,0.7275631042200228,-0.7985276347293784,1.0,0.06749172667164438,0.42302188550224895
NewMedia19,0.7292156964537044,-0.8003942718381242,1.0,0.05453092152253558,0.40822874728629954
NewMedia19,0.7308466578989872,-0.8003106301753279,1.0,0.07052048720486392,0.4393117873401233
NewMedia19,0.7359601762765049,-0.7982365889433882,1.0,0.053369212551965584,0.4050243294074394
NewMedia19,0.7391918160633117,-0.787732420120512,1.0,0.05754888048466644,0.39410560675148676
NewMedia19,0.7392970859001868,-0.7870027656149805,1.0,-0.2920817732939257,0.205884781861166
NewMedia19,0.6153440160586974,-0.8399975791518736,-1.0,-0.2920817732939257,-0.9434271874421158
NewMedia19,0.6834925359359498,-0.8193238081573062,1.0,0.034623626006402564,0.47264277226004325
NewMedia19,0.6835357975127478,-0.8195618128888402,1.0,0.03712472979194814,0.4510918022797652
NewMedia19,0.6948270690570131,-0.822746316196766,1.0,0.012431258126494482,0.42537154310823877
NewMedia19,0.6949554117348471,-0.8234929710402643,1.0,-0.03507837214922915,0.47345367474598676
NewMedia19,0.6913156710735793,-0.8227898370619608,1.0,-0.05574609826999344,0.4336830603030575
NewMedia19,0.6839438983872084,-0.8245238715345661,1.0,-0.04383520583068823,0.4050747192051849
NewMedia19,0.680387796774417,-0.8212530065097694,1.0,0.006305687162197593,0.22927964518117228
NewMedia19,0.6153440160586974,-0.8399975791518736,-1.0,-0.13032716608630734,0.08013144272056372
NewMedia19,0.6153440160586974,-0.8399975791518736,-1.0,-0.19564912716554628,0.06680987322766718
NewMedia19,0.7054795113172285,-0.7974205727209858,1.0,-0.12515861432045294,0.13379471103084017
NewMedia19,0.7413260538520108,-0.7945658759696143,-1.0,-0.10796899409019034,-0.018223843612463098
NewMedia19,0.7428503034078586,-0.7961312670895897,1.0,-0.021778397667940874,0.06017614966889728
NewMedia19,0.6548216469393875,-0.8196447745381178,-1.0,-0.209931504537335,0.23495596258277596
NewMedia19,0.6957326780646502,-0.7985371549186397,1.0,-0.19729690683509915,0.24044471795943712
NewMedia19,0.7023343946840175,-0.7961598276573738,-1.0,-0.1462173573146215,0.2214374996209103
NewMedia19,0.7034231443667658,-0.7954655338548131,1.0,-0.1151666209850224,0.24173059094635319
NewMedia19,0.6197538127869686,-0.6102924126131628,-1.0,-0.014429008699315404,0.43182423665288594
NewMedia19,0.6881345031263701,-0.8176870156178705,1.0,-0.01646564492805469,0.6278312184393069
NewMedia19,0.688111430285411,-0.8201690649610114,1.0,-0.008334222212620812,0.5822611115336183
NewMedia19,0.6870630580743406,-0.8217677767434016,1.0,-0.015601519240973638,0.5149599377779315
NewMedia19,0.6153440160586974,-0.8399975791518736,-1.0,-0.017304386923078008,0.4247295397591837
NewMedia19,0.6153440160586974,-0.8399975791518736,-1.0,0.00140825483066509,0.4731839960136073
NewMedia19,0.6153440160586974,-0.8399975791518736,-1.0,-0.0014979078706998106,0.4857329219410711
NewMedia19,0.6153440160586974,-0.8399975791518736,-1.0,0.01570629448053218,0.48935072279032577
NewMedia19,0.6153440160586974,-0.8399975791518736,-1.0,0.004526668403919132,0.5093834668274166
NewMedia19,0.6153440160586974,-0.8399975791518736,-1.0,0.009858323893210175,0.502621902485477
NewMedia19,0.6153440160586974,-0.8399975791518736,-1.0,0.012098569736968212,0.49381395246842374
NewMedia19,0.6790596663667199,-0.82014934456897,-1.0,0.12445003125704623,0.5439928595790307
NewMedia19,0.6823590826238435,-0.8250944028767292,1.0,0.1405708360281004,0.672279685772954
NewMedia19,0.6839871599640064,-0.8282129448733441,-1.0,0.1469459232845416,0.7376035265393268
NewMedia19,0.6833223737338778,-0.8303815079843787,1.0,0.17522443639427343,0.7258767008306386
NewMedia19,0.6876398790983136,-0.8232325258626141,-1.0,0.17356045436808798,0.7158733928337311
NewMedia19,0.6898303569368496,-0.8208667588311656,1.0,0.2077879327548191,0.6891640005953463
NewMedia19,0.6903091183867469,-0.8203322682054919,1.0,0.19088023352996686,0.7238891032528949
NewMedia19,0.7320565399967698,-0.8030891654126084,-1.0,0.17066401308070245,0.33820465816354406
NewMedia19,0.7425835236842713,-0.7910821667134743,1.0,0.1978099814618035,0.3541045056410914
NewMedia19,0.7417860686186291,-0.7912644103364774,1.0,0.1733644058528312,0.4149287240976609
NewMedia19,0.7421119724971736,-0.7920471058964652,1.0,0.12273420168963556,0.37895973995131804
NewMedia19,0.7440919106619599,-0.7931657281346753,1.0,0.18599630316229487,0.32312971033798044
NewMedia19,0.742233104912208,-0.7941714681287864,1.0,0.16209998744317344,0.34996601021513185
NewMedia19,0.7361562954246557,-0.7919580241255196,1.0,0.13035308985691985,0.29180032016184465
NewMedia19,0.7369104889134999,-0.7929562839709253,1.0,0.09706966878332457,0.3320804314486463
NewMedia19,0.7358923998061881,-0.792720999293466,1.0,0.08960524308260642,0.287586240039267
NewMedia19,0.7358419279665904,-0.7927917206994075,1.0,0.08537318753012624,0.3588252831743335
NewMedia19,0.7427133084146651,-0.7916826186504587,1.0,0.1072042428571236,0.3407017525851601
NewMedia19,0.7422590618582867,-0.790544956033726,1.0,0.13826254028648455,0.32351323268748855
NewMedia19,0.7410434115502642,-0.7881703488265347,-1.0,0.10727445306919892,0.2865943075392001
NewMedia19,0.7426729309429871,-0.7888700827372448,1.0,0.13250422273919749,0.37210392802470604
NewMedia19,0.7431069887635264,-0.7889265238592943,1.0,0.14516366405493675,0.4250113493687979
NewMedia19,0.6831781684778846,-0.826016501208044,1.0,0.15793544170999674,0.6546460559951963
NewMedia19,0.6832877644724393,-0.8271507637571835,1.0,0.16429594684546878,0.6351209425131725
NewMedia19,0.6829921436976536,-0.8274785302731819,1.0,0.18069273175783418,0.6185660276649323
NewMedia19,0.683421875360513,-0.8241573442480037,1.0,0.13639872919516138,0.6157413995579695
NewMedia19,0.6835631965113864,-0.8254888107175571,1.0,0.13127662418498764,0.6488213686335642
NewMedia19,0.6850571629634759,-0.8299843800894762,1.0,0.1277164263542132,0.6102787722245837
NewMedia19,0.6153440160586974,-0.8399975791518736,-1.0,-0.7245766796780592,0.08813222282928468
NewMedia19,0.7357813617590734,-0.7910835267405116,1.0,0.07622371673959982,0.5493873673710197
NewMedia19,0.7354871830368475,-0.7898873829611732,1.0,0.07982280022629284,0.5048474518859083
NewMedia19,0.735700606815717,-0.7899234236776627,1.0,0.07435882549116779,0.3816975856288298
NewMedia19,0.7365398814055975,-0.7901879489364249,1.0,0.07361999802871333,0.36379427711869283
NewMedia19,0.7373632934173184,-0.7904585943168551,1.0,0.04789335608864298,0.36781706263871805
NewMedia19,0.6791360951523961,-0.822200265341275,1.0,-0.0037651576421792177,0.45146972576285727
NewMedia19,0.6821081654784154,-0.8256418137592575,-1.0,0.04378659876078972,0.5411355714179737
NewMedia19,0.682199014789691,-0.8228863989816118,1.0,0.007907020076070026,0.47599276066572416
NewMedia19,0.6816351722387577,-0.8224953912083772,1.0,-0.00481939098041817,0.5038993771727684
NewMedia19,0.6812241872591771,-0.8225232717626426,1.0,-0.009991183217599064,0.4626133362198601
NewMedia19,0.6811520846311807,-0.8218854190821313,1.0,-0.015541030442877912,0.4880601840813965
NewMedia19,0.6809977850072679,-0.8211673248064172,1.0,0.006753952362371196,0.5457872962654162
NewMedia19,0.6844774578343831,-0.8168009580030451,1.0,0.014654221456510852,0.5038685834074796
NewMedia19,0.6835069564615492,-0.8178515788893883,1.0,0.03134534918103826,0.5445312838993865
NewMedia19,0.6831291386908471,-0.8173572090613161,1.0,0.022767281501094194,0.4891015732348061
NewMedia19,0.6880811471816526,-0.8039915433518818,-1.0,0.03605861472551175,0.5840518156423928
NewMedia19,0.6963830437691794,-0.7889013633591035,1.0,0.045142736010952644,0.6111708582735615
NewMedia19,0.697042061789068,-0.789491615093308,1.0,0.08944375959483297,0.5638529719016225
NewMedia19,0.7062207263330336,-0.7867525206401104,1.0,0.09834533432887804,0.5924697112991193
NewMedia19,0.7068797443529222,-0.7878119817021962,1.0,0.10256334783894316,0.618892628205876
NewMedia19,0.7071897856533076,-0.7877113397014333,1.0,0.09697407487919119,0.6408821760554213
NewMedia19,0.7064081931658244,-0.7893392920651263,1.0,0.09225162799929243,0.5904018633027437
NewMedia19,0.7061356452319973,-0.7908679624550936,1.0,0.09991588276514807,0.5537722129192912
NewMedia19,0.6840333056459242,-0.819032762371316,1.0,0.1261172537545585,0.6449506856511786
NewMedia19,0.6838083454465749,-0.8189722411681544,1.0,0.09625955095168592,0.6514164432174634
NewMedia19,0.6845048568330219,-0.8156354148320468,1.0,0.05263902634638207,0.5937611831524512
NewMedia19,0.6841602062711982,-0.8278824583032711,1.0,0.10729173558294036,0.6024095654766435
NewMedia19,0.6830801089038094,-0.8281605838324066,1.0,0.09851275868074993,0.6569919810235756
NewMedia19,0.6851739692208301,-0.8231924050650127,1.0,0.03617797208603979,0.5708478223442364
NewMedia19,0.7013884082047022,-0.7866695589908328,-1.0,0.03798129437926745,0.5717585712812683
NewMedia19,0.7013595671535036,-0.7885844770594039,1.0,0.0662992332234722,0.6802048811850563
NewMedia19,0.7016249048245309,-0.7884233138554795,1.0,0.0743053577142796,0.6789889940283427
NewMedia19,0.7077348815209616,-0.7904075933029548,1.0,0.08060267365888363,0.618179705882216
NewMedia19,0.70755895110865,-0.7909672444288193,1.0,0.0939674575667031,0.6406199624782636
NewMedia19,0.7075387623728109,-0.7912229295118387,1.0,0.09515455022933095,0.6650002262875176
NewMedia19,0.6865352668374056,-0.8220085015290104,-1.0,0.13958357243061004,0.636221119763952
NewMedia19,0.6848264345538868,-0.82430218712748,1.0,0.10676677922803868,0.64964346885234
NewMedia19,0.6858329872407192,-0.8234351698911775,1.0,0.09959291578960139,0.6017349020734937
NewMedia19,0.6857767471908816,-0.8227021153180525,1.0,0.08910188986988166,0.6115263862909892
NewMedia19,0.6831608638471656,-0.8229673205903334,1.0,0.08426008562945464,0.6834260956631648
NewMedia19,0.6823720610968829,-0.8234147694856173,1.0,0.10736140571646136,0.6587976154427935
NewMedia19,0.6816524768694769,-0.8235194915674924,1.0,0.08634910947797336,0.6672379065651843
NewMedia19,0.6856310998823285,-0.8294553295719519,1.0,0.1098149825892174,0.6899207807059331
NewMedia19,0.685026879859717,-0.8299326990620574,1.0,0.14474942380369216,0.7233478794993307
NewMedia19,0.6846447359313352,-0.8294376492204665,1.0,0.12955971446046832,0.7116929059096502
NewMedia19,0.682751320920145,-0.8246700744410799,1.0,0.08674606721547651,0.6920054253015573
NewMedia19,0.6822307399460095,-0.8239281796922122,1.0,0.11490036225769051,0.6279543935004628
NewMedia19,0.6792442490943911,-0.8238431780023787,1.0,0.11100801611594413,0.6580510999206364
NewMedia19,0.6796523499688516,-0.8235521322163885,1.0,0.12156763201207599,0.6613488322397658
NewMedia19,0.6831536535843661,-0.821658294566896,-1.0,0.12118093576710742,0.7044843653988191
NewMedia19,0.6822927482060865,-0.8227959571836289,1.0,0.10982308376753402,0.6556333227732494
NewMedia19,0.6826273043999909,-0.8229271997927319,1.0,0.18148718731139457,0.7599122097745945
NewMedia19,0.6821889204217715,-0.8312056843690052,1.0,0.16940779036310816,0.7708439964521852
NewMedia19,0.6825926951385526,-0.8302230648345289,1.0,0.1986714067561126,0.7757654000320069
NewMedia19,0.6807886873860778,-0.8272180850955317,-1.0,0.11797935009647142,0.7062330780094725
NewMedia19,0.6788101912738518,-0.8285631518354585,1.0,0.12420699590755468,0.7239404261950433
NewMedia19,0.678442467871069,-0.8200901833928459,1.0,0.14073285959442816,0.6921127369078675
NewMedia19,0.6478363443390784,-0.7880914672583691,1.0,0.15499741437392056,0.7189667665286703
NewMedia19,0.6491861055351744,-0.7873080916848627,1.0,0.18064520484504465,0.7104676873089095
NewMedia19,0.6499604877598579,-0.7866613988286087,1.0,0.1743365472507976,0.7183144985911851
NewMedia19,0.6452089245748831,-0.7873740529961736,-1.0,0.11576664825898941,0.7429252490679055
NewMedia19,0.6441619944163726,-0.788927203872813,1.0,0.11064454324881545,0.7434170161681266
NewMedia19,0.6737269560000922,-0.7896833789055726,1.0,-0.23959369890350568,0.0902849869663056
NewMedia19,0.6153440160586974,-0.8399975791518736,-1.0,-0.23959369890350568,0.0902849869663056
NewMedia19,0.670440518216008,-0.7896534583107512,1.0,0.06629329235937353,0.6110234214579355
NewMedia19,0.6712783507533284,-0.7905272756822406,1.0,0.019456599962464516,0.6067458875159744
NewMedia19,0.6712004799150919,-0.7916601782043426,1.0,-0.03038346927560609,0.5553063023173244
NewMedia19,0.6813280150434924,-0.8066347558989473,1.0,-0.001106350918741117,0.5006016448536388
NewMedia19,0.682070672111857,-0.8052862890914272,1.0,-0.007561369801237672,0.5841432637938573
NewMedia19,0.6585608892272905,-0.8022160280546378,1.0,0.0481650156015192,0.6130688739886465
NewMedia19,0.658425336286657,-0.802773639139946,1.0,-0.0161340366956374,0.5598217880819729
NewMedia19,0.6577980434230866,-0.8028021997077301,1.0,-0.005544176400457568,0.4544399243966404
NewMedia19,0.6573351445513487,-0.8030096038309241,1.0,-0.05719620918862656,0.52215728055593
NewMedia19,0.6379943356175446,-0.7909563642125206,1.0,-0.0009605297090461429,0.543386315717278
NewMedia19,0.6393758219699592,-0.7908400819008282,1.0,-0.022869356347880898,0.5300834091124353
NewMedia19,0.6398084377379387,-0.7906734785887544,1.0,-0.016386253380554328,0.48821695234104956
NewMedia19,0.645185851733924,-0.7906394779128209,-1.0,-0.04469663112499722,0.47430656873005117
NewMedia19,0.6455362705059875,-0.790468794519635,1.0,-0.007938344632226757,0.5049566297810237
NewMedia19,0.6795643847626958,-0.8251352036878493,1.0,0.03996554298822774,0.5594690594977538
NewMedia19,0.6805291179252904,-0.824585752764765,1.0,0.01890031905140588,0.6025682000251018
NewMedia19,0.6805017189266516,-0.823961500354627,1.0,0.04888007960757901,0.6261459596480365
NewMedia19,0.6806516923928845,-0.8240784626798381,1.0,0.07595637785515907,0.5851491934599644
NewMedia19,0.6773566022934405,-0.820779717100776,-1.0,0.01813016703279491,0.5975422842721778
NewMedia19,0.645418022196073,-0.7858542227819489,1.0,0.03749090305184888,0.5540717522725567
NewMedia19,0.6454093698807133,-0.7871972494813196,1.0,0.049601084477737256,0.5822004571474431
NewMedia19,0.6405611891742231,-0.7925754764004709,1.0,0.05814350697308912,0.6322160639875782
NewMedia19,0.6424401836598141,-0.794691678470568,1.0,0.05402972862402833,0.560151188056125
NewMedia19,0.6836021319305048,-0.8224811109244852,1.0,0.0658698707727039,0.5690169930261455
NewMedia19,0.6832473870007614,-0.8222390261118391,1.0,0.06241984896703223,0.5573265599491626
NewMedia19,0.6832156618444429,-0.8222376660848018,1.0,0.11665345724535636,0.5572257803536711
NewMedia19,0.6911527191343072,-0.8222546664227685,1.0,0.11302412935961548,0.6036273189221624
NewMedia19,0.686082462333587,-0.8282387853870535,-1.0,0.11302304920250639,0.6418031895808829
NewMedia19,0.6837578736069774,-0.8283360273202232,1.0,0.11034263933689137,0.6295519367178792
NewMedia19,0.6907777854687247,-0.825593532799432,1.0,0.10808133042951096,0.6122467737698709
NewMedia19,0.691237800235343,-0.8239023391785029,1.0,0.14507617132911999,0.6136847492944262
NewMedia19,0.6909147804619185,-0.8233916490259826,1.0,0.09055848173116776,0.6056718383084705
NewMedia19,0.6905196580604969,-0.8228659985760517,1.0,0.09898370718020932,0.6397670684941992
NewMedia19,0.6626692969705359,-0.7904531542087057,1.0,0.14143064108674608,0.7394987428212036
NewMedia19,0.66258133176438,-0.7905333958039086,1.0,0.14320695945225226,0.7535453655149957
NewMedia19,0.6743427124431831,-0.7913480519992737,1.0,0.14968250131981686,0.7373823713158878
NewMedia19,0.6765937564892366,-0.7908264816304549,1.0,0.13775972715231433,0.7421134134375593
NewMedia19,0.6754516508617705,-0.790565356439286,1.0,0.13138680021009064,0.766337842131563
NewMedia19,0.6752468793982602,-0.7903287117347892,1.0,0.12556475339338102,0.751652948666327
NewMedia19,0.6682543665351517,-0.7941945885884212,1.0,0.11615442466106685,0.7360610388416693
NewMedia19,0.6674540273643894,-0.793609776962366,1.0,0.11782488762990573,0.7176846261193652
NewMedia19,0.6680452689139615,-0.7931813684456047,1.0,0.11429763459095121,0.6940760727311412
NewMedia19,0.6753002353429778,-0.790978124645118,1.0,0.09615153524080067,0.70650555617506
NewMedia19,0.6758482153157519,-0.7910733265377315,1.0,0.10507957382401267,0.6969156311485469
NewMedia19,0.6763601439745277,-0.7909366438204791,1.0,0.08168121053207189,0.6730980534141189
NewMedia19,0.6714340924298008,-0.7933914926228733,1.0,0.09599113191013631,0.6554392287374882
NewMedia19,0.6720974366073695,-0.7939497837217003,1.0,0.10049754736826477,0.6761317058672853
NewMedia19,0.6721132991855288,-0.7934159731095454,1.0,0.10021184581297349,0.6788014320034004
NewMedia19,0.6759534851526268,-0.7911331677273744,1.0,0.1022695451053357,0.674358731502162
NewMedia19,0.6757054521123187,-0.7909108033067698,1.0,0.09661006193350818,0.6958630442623053
NewMedia19,0.6757530398467964,-0.7906918389537584,1.0,0.09265020597245877,0.7003505356948732
NewMedia19,0.675613160748483,-0.7906959190348704,1.0,0.10379634717869712,0.7144027572550813
NewMedia19,0.6759462748898271,-0.7903817527892455,1.0,0.09971119299302078,0.6830257767144081
NewMedia19,0.6707145082023949,-0.778679400146475,-1.0,-0.7266770451762209,-0.47795049762258135
NewMedia19,0.6153440160586974,-0.8399975791518736,-1.0,-0.7266770451762209,-0.47795049762258135
NewMedia19,0.6914440137514133,-0.8217222158376509,1.0,0.03891401004276074,0.5331963788398311
NewMedia19,0.6912522207609422,-0.8206593547079716,1.0,0.07674489254462058,0.5423393276974522
NewMedia19,0.6906364643178513,-0.820020142000423,1.0,0.0863836745054567,0.5599337654102967
NewMedia19,0.682896968228698,-0.8238690185160881,1.0,0.04802621541303176,0.5657519207611101
NewMedia19,0.6827931404443828,-0.8247346757253534,1.0,0.04925435404579592,0.5453832447390488
NewMedia19,0.6832675757366005,-0.8290820021502028,1.0,0.03025439050109835,0.5035895732310733
NewMedia19,0.6852893334256247,-0.8285434314434171,1.0,0.007056936431403926,0.47507547971787334
NewMedia19,0.6916257123739646,-0.8253432878245619,1.0,0.032315330264786946,0.4775529781070327
NewMedia19,0.6916055236381258,-0.824366108398235,1.0,0.004868538128870892,0.5098873648048725
NewMedia19,0.6897899794651714,-0.8258505779094889,-1.0,0.037737718951221355,0.5053662801738077
NewMedia19,0.6886795989940242,-0.826870598187492,1.0,0.05054784218364561,0.551647443114351
NewMedia19,0.6782463487229182,-0.8122781880903792,-1.0,0.030407232732000855,0.6819787886945825
NewMedia19,0.6665109249901942,-0.7899411040291481,1.0,0.09131567186447254,0.6724103259893313
NewMedia19,0.6668310606584988,-0.7903402719646067,1.0,0.10840105693373081,0.690752212368736
NewMedia19,0.6671454281165641,-0.7906272376694848,1.0,0.10266920323561046,0.6957547995115922
NewMedia19,0.6389143651507809,-0.7869354442766322,1.0,0.06955482674955071,0.6725241696064603
NewMedia19,0.6153440160586974,-0.8399975791518736,-1.0,0.006674020736316066,0.5501786738245065
NewMedia19,0.6153440160586974,-0.8399975791518736,-1.0,0.006674020736316066,0.5501786738245065
NewMedia19,0.6425685263376479,-0.7884403141934462,1.0,0.02721536847534467,0.5875296448312435
NewMedia19,0.6420479453635128,-0.7883845530849154,1.0,0.0034200474459009644,0.5655923530682487
NewMedia19,0.6153440160586974,-0.8399975791518736,-1.0,-0.0794350238242153,0.2644470582855991
NewMedia19,0.6153440160586974,-0.8399975791518736,-1.0,-0.0794350238242153,0.2644470582855991
NewMedia19,0.6447344892826654,-0.7870150058583165,1.0,0.00031891638638836817,0.37994234100735746
NewMedia19,0.6454915668766295,-0.7860187860534668,1.0,-0.030850097146630118,0.3760931203462341
NewMedia19,0.6462169193142753,-0.7864111538537386,1.0,-0.06249600004320621,0.4319296819703906
NewMedia19,0.6699329157149121,-0.7900669065301018,1.0,-0.08414720921157981,0.4083817829683418
NewMedia19,0.6694296393714958,-0.7892107695100978,1.0,-0.10063742771386108,0.38385688177666966
NewMedia19,0.6692681294847833,-0.7893154915919729,1.0,-0.11982425843838995,0.37242399655483105
NewMedia19,0.666557070672112,-0.7924782344673013,1.0,-0.12540435006271677,0.3733879347228166
NewMedia19,0.6670358321220091,-0.7932514098380276,1.0,-0.12684581972447895,0.34827701884625095
NewMedia19,0.6673588518954339,-0.7935730562323579,1.0,-0.12380625762017083,0.3424653955062569
NewMedia19,0.6667142544011444,-0.7937172190983157,1.0,-0.12195648857126273,0.35678729579884405
NewMedia19,0.6648496804411526,-0.79297940443056,1.0,-0.16042088321746395,0.30652627198079996
NewMedia19,0.6728429777808542,-0.7891760888206457,1.0,-0.1468854344864461,0.30105897892540034
NewMedia19,0.6733505802819502,-0.7903409519781253,1.0,-0.1572263185680357,0.23492330252868143
NewMedia19,0.6796898433354099,-0.7947603598359535,-1.0,-0.4606721547649105,-0.11695145456216638
NewMedia19,0.6153440160586974,-0.8399975791518736,-1.0,-0.4606721547649105,-0.11695145456216638
NewMedia19,0.6782030871461204,-0.8229101994547652,1.0,-0.007810346014827996,0.45635753614418206
NewMedia19,0.6788476846404097,-0.8234045692828373,1.0,0.004812369959210638,0.5015702487436378
NewMedia19,0.6795888996562147,-0.8231686045918593,1.0,0.0505980694892072,0.5520608260847455
NewMedia19,0.6867111972497173,-0.8243511481008242,1.0,0.04862624268699878,0.5716671231298038
NewMedia19,0.6840419579612838,-0.8306643936081449,1.0,0.06593792067056148,0.6605733892411252
NewMedia19,0.6847500057682101,-0.8328553971652957,1.0,0.07453651133557382,0.6162518295462445
NewMedia19,0.6920136245125863,-0.8276247331796955,-1.0,0.03932176935135212,0.529094276045577
NewMedia19,0.694085854041208,-0.8258342575850408,1.0,0.04672246578264816,0.5352567616809851
NewMedia19,0.6940945063565678,-0.8257716963413233,1.0,0.05256179511309922,0.5642915497708898
NewMedia19,0.6813035001499734,-0.826215745169014,1.0,0.05263578587505546,0.5257769476939904
NewMedia19,0.6799941164255556,-0.8261219033034377,1.0,0.03377408244029079,0.5556646297679599
NewMedia19,0.6798052075402046,-0.8260457417893468,1.0,0.05217455878957589,0.5544795363765349
NewMedia19,0.6792298285687919,-0.8278885784249391,1.0,0.02992062195446321,0.6019933830730406
NewMedia19,0.6511862324357998,-0.7900247456919444,-1.0,-0.023463982836303576,0.551305912262964
NewMedia19,0.6505978749913477,-0.7893229717406782,1.0,-0.023486666135589473,0.5594559954761162
NewMedia19,0.6448815786437783,-0.7910610862943955,-1.0,0.02716244077701102,0.6154931831468524
NewMedia19,0.6404299623912693,-0.7922871506685553,1.0,0.031642932464527096,0.6301855417673103
NewMedia19,0.6713273805403661,-0.794728399200576,1.0,0.04555913657641497,0.6725941554366626
NewMedia19,0.6814217484598879,-0.7928162011860795,-1.0,0.02530619078544971,0.6115581132006807
NewMedia19,0.702555028725687,-0.7920464258829465,1.0,-0.012354026893211634,0.552621645870766
NewMedia19,0.7025290717796082,-0.7921674682892696,1.0,0.000868176276239474,0.5199737226536201
NewMedia19,0.7021786530075449,-0.79232047133097,1.0,0.03143176174974638,0.6083042386684778
NewMedia19,0.6913776793336563,-0.7911970889981292,1.0,-0.0022783213818450276,0.5646256154670553
NewMedia19,0.6926524537966359,-0.790444314032963,1.0,-0.062315613806028125,0.43546443296780546
NewMedia19,0.6153440160586974,-0.8399975791518736,-1.0,-0.166867800921644,0.34220784765111234
NewMedia19,0.7260460649269747,-0.788635478073304,1.0,-0.017599809892348883,0.4375005540544892
NewMedia19,0.7281413672965551,-0.7883580325576872,1.0,-0.00567217501785644,0.41463944933282515
NewMedia19,0.7370965136937313,-0.7909713245099312,1.0,0.010531801850579114,0.4209381740510274
NewMedia19,0.737033063381094,-0.7911800886601625,1.0,-0.01330672546321865,0.41277316052743185
NewMedia19,0.7367677257100667,-0.7906054772368875,1.0,-0.015570194684817018,0.40604425623958695
NewMedia19,0.7363149212062481,-0.7904776346953777,1.0,-0.02609632571057474,0.3709626924202083
NewMedia19,0.6882253524376456,-0.8228843589410557,1.0,-0.048901682749755926,0.4124577577193205
NewMedia19,0.6896760573129368,-0.8252399257697243,1.0,-0.07882365490060539,0.34737840078645443
NewMedia19,0.6153440160586974,-0.8399975791518736,-1.0,-0.36149969012992944,0.0625621999065924
NewMedia19,0.68538595094714,-0.8184241502721075,1.0,-0.11490414280757144,0.3577139081907219
NewMedia19,0.6851494543273116,-0.818498951759161,1.0,-0.136361463774906,0.29122270377657555
NewMedia19,0.7393836090537829,-0.79362813732737,1.0,-0.10423975167188082,0.14222007184278773
NewMedia19,0.7378838743914538,-0.791965504274225,1.0,-0.06733510389086095,0.2807015006361713
NewMedia19,0.7376992916637826,-0.7912514900796228,1.0,-0.051578312065489906,0.32287029619403085
NewMedia19,0.7415899494704783,-0.7904130334111042,-1.0,-0.04026042587894407,0.34254564592488856
NewMedia19,0.7422460833852473,-0.7906612383454183,1.0,-0.009305823532032798,0.2548720635695294
NewMedia19,0.6808550218038347,-0.821241446279952,-1.0,-0.025713950094041205,0.4145750623690392
NewMedia19,0.6809372187997509,-0.8237921769884785,1.0,-0.050024506064407115,0.4469243793773221
NewMedia19,0.6814332848803673,-0.8236561742847448,1.0,-0.05620138449137424,0.3962434405780646
NewMedia19,0.681695738446275,-0.8237942170290345,1.0,-0.06223082147298331,0.44284187261552455
NewMedia19,0.6827022911331073,-0.8213747289296112,1.0,-0.024983763888457577,0.3721636492664786
NewMedia19,0.742590733947071,-0.8022479886900151,-1.0,-0.18641810451330154,0.03815767434286799
NewMedia19,0.7398335294524814,-0.8007730393680226,1.0,-0.1227768678954354,0.12488318198508752
NewMedia19,0.7396186636210516,-0.7987479591094271,1.0,-0.1214099290741838,0.18354343857180422
NewMedia19,0.7388846588680464,-0.7979231027112819,1.0,-0.09430608682032815,0.14133545094903144
NewMedia19,0.7349896749036708,-0.7971356470566635,1.0,-0.12628035747799515,0.22437597134500176
NewMedia19,0.6844024711012666,-0.8343527869334042,1.0,-0.05781891976187947,0.4877429149844794
NewMedia19,0.6361946540227497,-0.6908624543455923,1.0,-0.04332753198952788,0.4767187470110221
NewMedia19,0.6818601324381071,-0.8264571499681413,1.0,0.03285810921198484,0.4648547490751376
NewMedia19,0.6838991947578505,-0.8230985631994364,-1.0,-0.0011825019949152082,0.4450188985070158
NewMedia19,0.6835372395653077,-0.8240839027879874,1.0,0.06696028937408949,0.4363061292190378
NewMedia19,0.6832271982649223,-0.8237921769884785,1.0,-0.0007898648858477575,0.46357260866583205
NewMedia19,0.660540827392077,-0.7917764605160351,1.0,-0.09190489756735121,0.4497182137189957
NewMedia19,0.6596453127523592,-0.7890652466171028,1.0,0.03886648312997121,0.504750404868028
NewMedia19,0.6659456403867008,-0.7903382319240506,-1.0,0.054772336636363717,0.5603984713228396
NewMedia19,0.6721608869200064,-0.7917492599752883,1.0,0.06108045415205643,0.5705473498465679
NewMedia19,0.7064947163194204,-0.7906007171422568,-1.0,0.04768812623796115,0.5444528997695599
NewMedia19,0.7067874529890865,-0.7900777867464005,1.0,0.015321218471226583,0.5120345300754774
NewMedia19,0.7064889481091807,-0.7900431060569484,1.0,0.030291655921353744,0.54650488431109
NewMedia19,0.7030626312267829,-0.7901049872871473,1.0,0.020215950409987027,0.5196937793328111
NewMedia19,0.6959417756858401,-0.800556795069086,-1.0,-0.0036360788676713662,0.43525914119921194
NewMedia19,0.685241745691147,-0.8184615510156342,1.0,-0.014539184724418175,0.44465403904556133
NewMedia19,0.6849028633395631,-0.817819618254011,1.0,-0.05577526251193232,0.4596571347521172
NewMedia19,0.6783011467201956,-0.8246340337245904,-1.0,-0.02448419122561385,0.4256533527178532
NewMedia19,0.6771071272005722,-0.8235521322163885,1.0,-0.008002613980203521,0.43513876557126396
NewMedia19,0.6783242195611547,-0.8234589703643309,1.0,-0.025124724391162756,0.44656138620467334
NewMedia19,0.6833166055236382,-0.8210422023189821,1.0,-0.009918272612751688,0.4831182513247152
NewMedia19,0.684375072102628,-0.8276641739637784,-1.0,0.05226313167250174,0.5242083319530575
NewMedia19,0.6850196695969175,-0.833608172130462,-1.0,0.03177579178891565,0.5480557703083717
NewMedia19,0.6153440160586974,-0.8399975791518736,-1.0,-0.21229218789872994,0.40283330634990766
NewMedia19,0.6954154265014652,-0.8223491883018634,1.0,0.036147727686991926,0.5157167178885183
NewMedia19,0.6957384462748897,-0.8204505905577403,1.0,0.03641938719986815,0.5449707949130569
NewMedia19,0.6895924182644608,-0.8184241502721075,-1.0,0.05037987775321917,0.6449432204959571
NewMedia19,0.638788906578067,-0.7863859933535479,1.0,0.07397428956041652,0.6308574057372518
NewMedia19,0.6390427078286149,-0.7864002736374399,1.0,0.033598556910102495,0.59227281783015
NewMedia19,0.6394017789160378,-0.7869714849931216,1.0,0.012559256743893243,0.5741212929088957
NewMedia19,0.64379427101359,-0.7912052491603533,1.0,-0.02005878755064916,0.5475975964066477
NewMedia19,0.6437726402251909,-0.7921565880729708,1.0,-0.026244847313041775,0.537578424954894
NewMedia19,0.6435202810272029,-0.7925972368330683,1.0,-0.03466953268352879,0.5139810692995028
NewMedia19,0.6601010013612978,-0.7923803125206129,-1.0,-0.10706004188309193,0.540175365827599
NewMedia19,0.6708803442467872,-0.7941469876421143,1.0,-0.11368086488179696,0.5405542224550937
NewMedia19,0.670421771532729,-0.7930140851200123,1.0,-0.08075929643966717,0.5304548005847085
NewMedia19,0.6153440160586974,-0.8399975791518736,-1.0,-0.22066502572799218,0.3720190118840605
NewMedia19,0.6153440160586974,-0.8399975791518736,-1.0,-0.22066502572799218,0.3720190118840605
NewMedia19,0.6987436838097876,-0.7959272630339891,1.0,-0.060916810350065465,0.4439551138879416
NewMedia19,0.6982966475162085,-0.794824961120227,1.0,-0.05669285597590168,0.32143512010268327
NewMedia19,0.6911080155049492,-0.7902919910047812,1.0,-0.039029046774853415,0.3805750129123857
NewMedia19,0.672802600309176,-0.7915146553113476,-1.0,-0.005368110791714731,0.3986994766459617
NewMedia19,0.6648554486513925,-0.7888850430346555,1.0,-0.014768718110049206,0.4161987336297315
NewMedia19,0.6648309337578737,-0.7886062374920013,1.0,0.0016178053097823941,0.4285516992326288
NewMedia19,0.6558166632057405,-0.7898819428530239,1.0,-0.06136021484324894,0.4200498205796601
NewMedia19,0.6560704644562885,-0.7884668347206742,1.0,-0.03438707159956411,0.39768794811343877
NewMedia19,0.655741676472624,-0.788516475707537,1.0,-0.045858340095566996,0.41450507653883695
NewMedia19,0.6556652476869478,-0.7885457162888398,1.0,-0.05159235410790497,0.43137912677279955
NewMedia19,0.6153440160586974,-0.8399975791518736,-1.0,-0.4647940342922877,-0.8930691166061911
NewMedia19,0.6286498350291871,-0.7868810431951387,-1.0,-0.05003152708561465,0.5224138952666719
NewMedia19,0.628570522138391,-0.7874400143074844,1.0,-0.05504453622779437,0.5110071380881085
NewMedia19,0.6395661729078703,-0.7924523939535918,1.0,-0.048960011233634027,0.5367927173678237
NewMedia19,0.6392013336102076,-0.7920042650447892,1.0,-0.05409129757923292,0.5230241717060353
NewMedia19,0.6394479245979556,-0.7921552280459335,1.0,-0.07613190338534748,0.5030996724196575
NewMedia19,0.67842516324035,-0.8252895667565872,1.0,-0.04928891907327937,0.5386776690612709
NewMedia19,0.6785736946540228,-0.8264149891299839,1.0,-0.05208760614231345,0.5134407786903412
NewMedia19,0.6791433054151959,-0.826234105534018,1.0,-0.07877450775215256,0.4864271813766774
NewMedia19,0.6838530490759327,-0.8296919742764486,1.0,-0.0779055213580816,0.44792004445499956
NewMedia19,0.685323942687063,-0.8293376872332222,1.0,-0.062167632282115526,0.4319632751688878
NewMedia19,0.6911628135022265,-0.8218609385954593,1.0,-0.04426078773157571,0.4613041346228768
NewMedia19,0.6909349691977575,-0.8215855331203984,1.0,-0.03185572341497078,0.4509117054100449
NewMedia19,0.6421993608823056,-0.7885450362753211,1.0,-0.0426437925396248,0.45168808155308837
NewMedia19,0.6436168985487183,-0.7899030232721026,1.0,-0.030441257680929756,0.46754500438811175
NewMedia19,0.6435289333425624,-0.7898703826232065,1.0,-0.021871291179302088,0.5235719274704183
NewMedia19,0.6432275443575368,-0.7899485841778534,1.0,-0.014448451527274586,0.5586161655136892
NewMedia19,0.6382438107104127,-0.7925652761976908,1.0,-0.02167740297826326,0.5821220730176164
NewMedia19,0.6830757827461296,-0.8254146892440222,-1.0,0.025085298656689625,0.6132993606561126
NewMedia19,0.6836554878752221,-0.8250039610787463,1.0,0.029685147704733517,0.5819261126930504
NewMedia19,0.6834002445721141,-0.8255234914070092,1.0,0.022963870094905303,0.5918967606358634
NewMedia19,0.6832286403174823,-0.8257172952598297,1.0,0.02701445925309831,0.5883321490175624
NewMedia19,0.6832041254239636,-0.8223573484640875,1.0,0.04014052843986149,0.5430354534218642
NewMedia19,0.6865439191527654,-0.8229380800090306,1.0,0.01924380901202083,0.5503559712610189
NewMedia19,0.6906379063704116,-0.8231189636049965,1.0,0.06915786901204779,0.5651117837008603
NewMedia19,0.6901519346577145,-0.8225436721682027,1.0,0.06684147209211577,0.5536117120820272
NewMedia19,0.6888367827230566,-0.8260103810863759,1.0,0.04220470867487691,0.5978903471343837
NewMedia19,0.68750144205256,-0.8267733562543224,1.0,0.06600056978287494,0.5932106279548601
NewMedia19,0.6865525714681249,-0.8272146850279384,1.0,0.06706992532063794,0.610764007313986
NewMedia19,0.684672134929974,-0.820564152815358,1.0,0.05904867863030683,0.5491036914726002
NewMedia19,0.6862122470639811,-0.8209878012374886,1.0,0.04421596121155802,0.608494600126628
NewMedia19,0.6864516277889297,-0.8210000414808246,1.0,0.042190666632461626,0.6016621168100831
NewMedia19,0.6845264876214208,-0.8270208811751177,1.0,0.06352971039637723,0.6374510040867059
NewMedia19,0.6850254378071572,-0.8280307012503408,1.0,0.056572958536819096,0.6524485009268459
NewMedia19,0.6850571629634759,-0.8280531416964569,1.0,0.09489585260176092,0.6393350226357504
NewMedia19,0.6905283103758566,-0.8251372437284054,1.0,0.09291430438557291,0.5961285705020927
NewMedia19,0.6908109526776032,-0.823949260111291,1.0,0.08202037986425115,0.6218273673523569
NewMedia19,0.6876557416764726,-0.818626114287152,1.0,0.16568988959444164,0.8614485853764144
NewMedia19,0.6607138736992686,-0.7869898453581257,1.0,0.18229460475026094,0.7825764210272896
NewMedia19,0.661465183082993,-0.7869776051147896,1.0,0.1644558100975786,0.7893650465569073
NewMedia19,0.6716273274728317,-0.7907496401028453,1.0,0.1800332958428803,0.7949153894641467
NewMedia19,0.6383851318612861,-0.7886647186546069,1.0,0.1580099725505073,0.7973798238316683
NewMedia19,0.6446248932881105,-0.7933391315819358,-1.0,0.1347736328248943,0.7316435332393039
NewMedia19,0.6870500796013013,-0.8244885108315954,1.0,0.11935493017459398,0.6793323911685349
NewMedia19,0.6863160748482962,-0.8239070992731335,1.0,0.11482043063163538,0.6766542667327955
NewMedia19,0.6879513624512588,-0.8247115552657187,1.0,0.0965760369845794,0.6276669850244321
NewMedia19,0.6926149604300778,-0.8215753329176184,1.0,0.11794532514754286,0.6184307217265412
NewMedia19,0.6153440160586974,-0.8399975791518736,-1.0,-0.21203132995694218,0.021764193476294214
NewMedia19,0.6857594425601625,-0.8214964513494528,1.0,0.06500898555694934,0.6833719732878083
NewMedia19,0.6852172307976283,-0.8198344983098264,1.0,0.09418078859570134,0.6721938364879059
NewMedia19,0.6830022380655729,-0.8276063728146915,1.0,0.13780239335811384,0.6833374469449085
NewMedia19,0.6410760019381188,-0.7945189550368261,-1.0,0.16206866288701693,0.8003509556098545
NewMedia19,0.6384139729124847,-0.7899363439345174,1.0,0.19062693668794117,0.7799822795877931
NewMedia19,0.6393037193419626,-0.7900845868815872,1.0,0.1898422025483606,0.7748621162501967
NewMedia19,0.6711197249717358,-0.7891638485773097,1.0,0.18321813907832896,0.8648153703813435
NewMedia19,0.670353995062412,-0.7896520982837139,1.0,0.17304197895583906,0.8330035445490136
NewMedia19,0.6715768556332342,-0.7899961851241603,1.0,0.15376927574115662,0.8701837501300571
NewMedia19,0.6743124293394247,-0.7915513760413557,1.0,0.15576432592120515,0.8109729383457498
NewMedia19,0.6760068410973443,-0.7961231069273658,-1.0,0.09579076276644427,0.6958854397279699
NewMedia19,0.684738469347731,-0.8250678823495011,1.0,0.0722201144156418,0.6210799186857969
NewMedia19,0.6849562192842804,-0.8251889247558242,1.0,0.07635441574977064,0.6434501894516425
NewMedia19,0.6849591033894002,-0.825250805986023,1.0,0.07628258530203214,0.6295622013063089
NewMedia19,0.6850398583327564,-0.8254330496090263,1.0,0.08203712229943849,0.6375583156930162
NewMedia19,0.6710865577628573,-0.791409253215954,1.0,0.16679597047390549,0.7966846312516593
NewMedia19,0.6711485660229344,-0.7912698504446268,1.0,0.1776828739740195,0.799038954579663
NewMedia19,0.6787308783830555,-0.8067843588730543,-1.0,0.12539732904150913,0.7235177117806217
NewMedia19,0.6863420317943749,-0.8228217976973382,1.0,0.10247963566300711,0.6852307969379803
NewMedia19,0.6869102005029881,-0.8223906691265023,1.0,0.12349571245137603,0.7023437321390331
NewMedia19,0.6867602270367552,-0.8229183596169891,1.0,0.12260836338645453,0.7199223063970317
NewMedia19,0.6867515747213955,-0.823093123091287,1.0,0.11601454431547076,0.7157884766930858
NewMedia19,0.6864718165247687,-0.8236915349877155,1.0,0.1506600435033274,0.7742434415112087
NewMedia19,0.6832142197918831,-0.8279579398038432,1.0,0.1532832050421733,0.7791993714339305
NewMedia19,0.6833036270505988,-0.8275240911789327,1.0,0.13440367901511285,0.7170090295718128
NewMedia19,0.6836381832445029,-0.8216270139450372,1.0,0.11985180244466553,0.7653953662848396
NewMedia19,0.6837823885004959,-0.8220669826916159,1.0,0.1289807502501239,0.7820529270173766
NewMedia19,0.6836987494520201,-0.8220037414343797,1.0,0.10576817398090554,0.8727965544576075
NewMedia19,0.6724752543780714,-0.789138688077119,1.0,0.22231658594742587,0.9627124828126465
NewMedia19,0.6724089199603149,-0.7888673626831701,1.0,0.239248048628673,0.9678111838289811
NewMedia19,0.6723310491220784,-0.7885735968431052,1.0,0.2422028183999363,1.0
NewMedia19,0.6725891765303063,-0.7889142836159583,1.0,0.22978155172669856,0.9558846652181157
NewMedia19,0.6153440160586974,-0.8399975791518736,-1.0,-0.27920846087063367,0.2727623080580286
NewMedia19,0.6580763595671535,-0.7882567105434056,1.0,0.24151799879292435,0.9442586191049187
NewMedia19,0.6574173415472648,-0.7879003834596232,1.0,0.22989658845879135,0.905175732086777
NewMedia19,0.657498096490621,-0.7873108117389374,1.0,0.21713777268903756,0.8948794167474226
NewMedia19,0.6805262338201703,-0.7851810093984668,-1.0,0.18534874897553855,0.7902543331726772
NewMedia19,0.6955394430216193,-0.7860514267023628,1.0,0.18398072999717807,0.8402083524822341
NewMedia19,0.6959778269998385,-0.7863118718800131,1.0,0.11192993020834874,0.700818974185027
NewMedia19,0.708130003922383,-0.7889231237917009,1.0,0.11200392097030498,0.7754901224332116
NewMedia19,0.7082612307053366,-0.7893855329843957,1.0,0.11987448574395132,0.7529257576316051
NewMedia19,0.6153440160586974,-0.8399975791518736,-1.0,-0.22030533341074465,-0.9448884915767387
NewMedia19,0.6153440160586974,-0.8399975791518736,-1.0,-0.22030533341074465,-0.9448884915767387
NewMedia19,0.6900582012413188,-0.8190837633852162,1.0,0.08755780528277834,0.6627793426091
NewMedia19,0.6931557301400522,-0.8016760973208147,-1.0,0.18842935704998287,0.7814230545455565
NewMedia19,0.6974040169816111,-0.7889340040079996,1.0,0.13589537598243662,0.7818980250465288
NewMedia19,0.7048839436099767,-0.791450054027074,-1.0,0.12647370560047944,0.7831185779252563
NewMedia19,0.7062236104381532,-0.7925645961841721,1.0,0.1313052483483721,0.7714421420143136
NewMedia19,0.6886738307837843,-0.8210850431706582,-1.0,0.12161569900342006,0.7245852289773067
NewMedia19,0.6894136037470295,-0.8222437862064698,1.0,0.10359219748512416,0.686513870491688
NewMedia19,0.689207390230959,-0.821998981339749,1.0,0.11262123075801367,0.6767233194185951
NewMedia19,0.6865208463118064,-0.8286637938362215,1.0,0.13309074804930376,0.7518059843483691
NewMedia19,0.6862569506933389,-0.8280157409529301,1.0,0.1454472052960103,0.7762189082117177
NewMedia19,0.68623531990494,-0.8251324836337747,1.0,0.0918676321470957,0.670474051353736
NewMedia19,0.6153440160586974,-0.8399975791518736,-1.0,-0.002737928231661302,-0.04875072960227966
NewMedia19,0.6153440160586974,-0.8399975791518736,-1.0,-0.002737928231661302,-0.04875072960227966
NewMedia19,0.6891122147620037,-0.7052692207521085,1.0,0.09112178366343371,0.8683193276134693
NewMedia19,0.6904778385362591,-0.7050189757772385,1.0,0.11967303644315064,0.8853090877533663
NewMedia19,0.6456357721326227,-0.6753955468634716,-1.0,0.002345831201148174,0.7270804571101175
NewMedia19,0.6464216907777856,-0.6769752182673392,1.0,0.06333366188112044,0.6875291316018219
NewMedia19,0.6473979603608593,-0.6776491116643398,1.0,0.13991356042736425,0.7471598583673424
NewMedia19,0.6485400659883251,-0.6799740778846683,1.0,0.12238315062925897,0.7068666830589034
NewMedia19,0.6481608061650632,-0.6799448373033656,1.0,0.11072069432498943,0.694789928199204
NewMedia19,0.6834348538335526,-0.8224205897213237,-1.0,0.11343512913953346,0.7475872385037776
NewMedia19,0.6828594748621397,-0.8243599882765669,1.0,0.08436864141889444,0.6762063574195012
NewMedia20,0.6821903624743315,-0.8254310095684703,1.0,0.0499218911390662,0.6679256339899715
NewMedia20,0.6820591356913777,-0.8247571161714695,1.0,0.04089933880882968,0.6261972825901849
NewMedia20,0.6818269652292286,-0.8247496360227642,1.0,-0.011367843452830373,0.5559548376771986
NewMedia20,0.6817952400729104,-0.8241036231800288,1.0,-0.03910951847946287,0.5198654779029075
NewMedia20,0.6555657460603124,-0.8001678273364075,1.0,-0.026683931177789888,0.5961220384912738
NewMedia20,0.6555051798527951,-0.8005975958802061,1.0,-0.01028930657964211,0.597520821950916
NewMedia20,0.6546759996308347,-0.80077439939506,1.0,-0.015076022807517298,0.6286187923151829
NewMedia20,0.6592833575598165,-0.8016801774019268,-1.0,-0.05429436711569702,0.638672490109836
NewMedia20,0.6641921044738239,-0.8030946055207577,1.0,-0.05515579241000601,0.6289276631124754
NewMedia20,0.674602281903971,-0.8040683848794914,1.0,-0.0583816816155911,0.6916396326957002
NewMedia20,0.6757703444775154,-0.8031796072105913,1.0,-0.10097011610338735,0.6736933995430394
NewMedia20,0.674977215569553,-0.8026838773554819,1.0,-0.05114300875062272,0.6503367951435435
NewMedia20,0.6741177522438337,-0.80274099849105,1.0,-0.082149458638759,0.6501566982738229
NewMedia20,0.6726454165801437,-0.8027464385991994,1.0,-0.0418261136082243,0.648409851951975
NewMedia20,0.6963657391384601,-0.8026641569634404,-1.0,-0.051925582575985785,0.5770784275210414
NewMedia20,0.6966368450197273,-0.800998123842702,1.0,0.01307071113493441,0.5920264677078382
NewMedia20,0.6966483814402067,-0.8013680511968577,1.0,0.017738610080836104,0.5925966189378857
NewMedia20,0.7127056366950464,-0.8005717553664967,1.0,0.02383393664608513,0.533658285319166
NewMedia20,0.7138246694815531,-0.8000569851328644,1.0,0.0260325964411523,0.5299583677624737
NewMedia20,0.7209195680764173,-0.8004894737307378,1.0,0.03897557899796511,0.4889951947728983
NewMedia20,0.6864718165247687,-0.8288188369184779,-1.0,0.07046701942797573,0.5737144419493201
NewMedia20,0.6881633441775685,-0.8275431315574554,1.0,0.06950351928688026,0.5822144543134835
NewMedia20,0.6878302300362245,-0.8284468695237661,1.0,0.06254838766298554,0.6026064589456122
NewMedia20,0.6887113241503426,-0.8360807012843415,1.0,0.05428518578027175,0.5645332341711884
NewMedia20,0.6885858655776285,-0.8351069219256079,1.0,0.03588308919532346,0.5276180416005107
NewMedia20,0.6153440160586974,-0.8399975791518736,-1.0,-0.2573660638939934,0.30504537181372005
NewMedia20,0.6153440160586974,-0.8399975791518736,-1.0,-0.2573660638939934,0.30504537181372005
NewMedia20,0.6717744168339448,-0.7895215356881294,1.0,0.06646935796811637,0.6697844576401435
NewMedia20,0.6714888904270784,-0.7896656985540873,1.0,0.08089917678526337,0.6864784110043856
NewMedia20,0.6712898871738078,-0.7894698546607106,1.0,0.07972288569372421,0.7100076471183803
NewMedia20,0.6625481645555016,-0.8045301140586675,-1.0,-0.005484227680916276,0.6805342811592081
NewMedia20,0.6632288133637896,-0.8038303801479574,1.0,0.02118323110096365,0.66453738666378
NewMedia20,0.6699646408712303,-0.8026600768823284,-1.0,-0.03794456903756649,0.6699822842535148
NewMedia20,0.6789918898964029,-0.8027641189506847,1.0,-0.04710430132062715,0.6474011228526599
NewMedia20,0.6793264460903072,-0.8032122478594874,1.0,-0.07719801845178376,0.6140132161241756
NewMedia20,0.6866809141459589,-0.8044219919091992,1.0,-0.07030121531176703,0.5261474060218609
NewMedia20,0.687204379225214,-0.8033842912797107,1.0,-0.06537893936673089,0.5247168956525272
NewMedia20,0.6999953854318084,-0.8031918474539274,1.0,-0.025904057745199105,0.5330134825369024
NewMedia20,0.7018224660252419,-0.8033659309147065,1.0,-0.0034832366367688605,0.4973599011986709
NewMedia20,0.7038024041900279,-0.8030667249664923,1.0,0.002616410556915527,0.5185348139846622
NewMedia20,0.7165660113979835,-0.8022643090144632,1.0,0.038788711818134036,0.5093004169755764
NewMedia20,0.7164650677187883,-0.8020208641747798,1.0,0.043061273262196,0.5230596311933378
NewMedia20,0.7157007798620245,-0.8023907915289356,1.0,0.05833091423147496,0.5779331877939116
NewMedia20,0.6893818785907109,-0.8342303845000438,1.0,0.11626946139315963,0.6361921922874685
NewMedia20,0.689377552433031,-0.833094761923867,1.0,0.12087741161951993,0.6273487827831128
NewMedia20,0.6893631319074318,-0.8326180724472803,1.0,0.0985835089713798,0.5977093171202605
NewMedia20,0.6895203156364642,-0.8267325554432022,1.0,0.05018382923796261,0.582665163059986
NewMedia20,0.690143282342355,-0.8269351994717655,1.0,0.0708191506454614,0.5701666269302677
NewMedia20,0.690983998984795,-0.8271432836084781,1.0,0.08310107705165715,0.6059051244091447
NewMedia20,0.691214727394384,-0.8274084888807589,1.0,0.08954637452017389,0.5984912921297201
NewMedia20,0.6876384370457533,-0.8336748134552915,1.0,0.09247306020660706,0.6248871478487992
NewMedia20,0.688391188482038,-0.8350600009928197,1.0,0.09245253722153901,0.6681253268921488
NewMedia20,0.6882469832260445,-0.8347505948418255,1.0,0.09793001392052458,0.6446679428971613
NewMedia20,0.6910863847165503,-0.8279436595199512,1.0,0.08225153348554537,0.6753217365257449
NewMedia20,0.7121129530929142,-0.79576337977599,-1.0,-0.5257424392377872,-0.1980043773803929
NewMedia20,0.7114178837590273,-0.779697380383922,-1.0,-0.5257424392377872,0.7224473951507284
NewMedia20,0.7148874622182229,-0.7839073440780002,1.0,0.1280075286950486,0.7328146294646878
NewMedia20,0.7153157518285227,-0.7843350725812429,1.0,0.1314418882226418,0.7484391993434398
NewMedia20,0.7163972912484715,-0.7866702390043514,-1.0,0.13930111134664536,0.6837414984712762
NewMedia20,0.7152638379363652,-0.7872904113333773,1.0,0.1238608055541679,0.6421363221326455
NewMedia20,0.6153440160586974,-0.8399975791518736,-1.0,-0.16496888472428317,0.525448480864241
NewMedia20,0.6869664405528253,-0.8236867748930848,-1.0,0.0760984185149729,0.6079123180193451
NewMedia20,0.688639221522346,-0.8239832607872244,1.0,0.07551567375474755,0.6353187691265443
NewMedia20,0.6885671188943496,-0.8246455939544077,1.0,0.06156112406549541,0.6065172671373138
NewMedia20,0.6877985048799058,-0.8310785218410142,1.0,0.07730711431977766,0.6651560614027681
NewMedia20,0.6884344500588357,-0.8317891359680231,1.0,0.10972802994195496,0.6988313766072831
NewMedia20,0.6893717842227916,-0.8240913829366928,-1.0,0.04933266543618764,0.5675622209023412
NewMedia20,0.6887819847257792,-0.8194414504960359,1.0,0.02220667996160053,0.5925051707864217
NewMedia20,0.6884257977434762,-0.8204465104766283,1.0,0.050186529630734666,0.6297805570965398
NewMedia20,0.6930100828314991,-0.8206022335724035,-1.0,0.0782306486478459,0.6528553518864213
NewMedia20,0.6936489121155489,-0.820814397790228,1.0,0.053118076024157634,0.6618788582604977
NewMedia20,0.6835487759857872,-0.820449230530703,1.0,0.0401146046692491,0.6666220312594042
NewMedia20,0.6832185459495628,-0.8200459825141324,1.0,0.04804241776966456,0.6231300369385213
NewMedia20,0.6789745852656839,-0.8195774531997696,1.0,0.03076260442081291,0.6340468933056689
NewMedia20,0.6796884012828499,-0.820814397790228,1.0,0.055593796117645145,0.6495865470437754
NewMedia20,0.6876110380471148,-0.8266679541589287,1.0,0.06878197433816746,0.6697023409327059
NewMedia20,0.6881489236519693,-0.8269066389039814,1.0,0.06299233223472345,0.6853661028763711
NewMedia20,0.6869621143951454,-0.825591492758876,-1.0,-0.6092067191172956,0.5621602479551311
NewMedia20,0.6864963314182877,-0.8353972876980794,1.0,0.0825750405396466,0.7484653273867155
NewMedia20,0.6719373687732171,-0.8184554308939662,-1.0,0.12223408894823762,0.7633723092197935
NewMedia20,0.6594073740799704,-0.8023540707989275,1.0,0.13727311637477668,0.8314349288080807
NewMedia20,0.6593886273966914,-0.8033224100495118,1.0,0.14694160265610634,0.8518521283390825
NewMedia20,0.6517212339355345,-0.8035155338888137,1.0,0.1392595252979545,0.786893147034164
NewMedia20,0.6527825846196442,-0.802328230285218,1.0,0.15644914552821687,0.8544444034897736
NewMedia20,0.6709423525068643,-0.8021548268379575,1.0,0.14398629280628872,0.8594432580550193
NewMedia20,0.6716590526291504,-0.802108585918688,1.0,0.13817288724644983,0.8390447214120715
NewMedia20,0.6747277404766849,-0.8001780275391874,-1.0,0.06678098329402027,0.8192368651760307
NewMedia20,0.6820086638517799,-0.8017488587673123,1.0,0.05071472645696318,0.8051603818613526
NewMedia20,0.6822783276804874,-0.8017461387132376,1.0,0.06702077817218521,0.799103341543449
NewMedia20,0.700906762649685,-0.8026655169904777,1.0,0.054807441742401375,0.7646553827735012
NewMedia20,0.7017820885535637,-0.8021147060403561,1.0,0.06401416085969713,0.7021085797495537
NewMedia20,0.6976376294963198,-0.8008090800845121,-1.0,0.0701688960659328,0.7473931444680169
NewMedia20,0.6962647954592649,-0.8012789694259121,1.0,0.0901593636794471,0.6664549984113217
NewMedia20,0.7138794674788309,-0.8021215061755428,1.0,0.0915554667426377,0.657697438192014
NewMedia20,0.71431640940449,-0.8018141400651045,1.0,0.077687869700648,0.6426448858321152
NewMedia20,0.6343618052190767,-0.7897411800546594,-1.0,0.07467423136695239,0.6526696561502849
NewMedia20,0.629180510371242,-0.7858379024575008,1.0,0.06563385644441988,0.6208205045418471
NewMedia20,0.6290103481691702,-0.7864995556111656,1.0,0.07223901716504644,0.5895368384414437
NewMedia20,0.6270808818439815,-0.781750341196783,-1.0,0.0482951745331357,0.5857688013433546
NewMedia20,0.6260252993701116,-0.7807337209863732,1.0,0.04267133654590061,0.6096600974855959
NewMedia20,0.6153440160586974,-0.8399975791518736,-1.0,-0.07180641424295164,-0.027314536383533317
NewMedia20,0.6153440160586974,-0.8399975791518736,-1.0,-0.07180641424295164,-0.027314536383533317
NewMedia20,0.6298928843358482,-0.7833565331278786,1.0,-0.008823533382930626,0.5860282154873044
NewMedia20,0.6295684225098637,-0.7838794635237348,1.0,-0.009765970460403617,0.628529210452524
NewMedia20,0.6288286495466187,-0.7834503749934548,1.0,-0.005854721569252264,0.6258576180276034
NewMedia20,0.6282821116264046,-0.78362649849479,1.0,0.0020082821046321087,0.6329868412642057
NewMedia20,0.6282330818393669,-0.7837176203062917,1.0,-0.0041167487811102355,0.6229956641445331
NewMedia20,0.628926709120694,-0.7839671852676431,1.0,-0.020638831918102563,0.5776131192637866
NewMedia20,0.6290002538012505,-0.7844533949334913,1.0,-0.04417923586985717,0.5502831859976085
NewMedia20,0.629095429270206,-0.7843221523243882,1.0,-0.0562802359603205,0.5030446168998985
NewMedia20,0.6249077086361643,-0.7827526811233008,-1.0,-0.05483228535590501,0.5162402118984313
NewMedia20,0.6199095544634412,-0.7824772756482399,1.0,-0.0722055322946723,0.5202116744763077
NewMedia20,0.6198042846265661,-0.78251807645936,1.0,-0.07867243290536607,0.4430919553154473
NewMedia20,0.6348924805611316,-0.7884205938014048,1.0,-0.06699053377313735,0.49616547636321906
NewMedia20,0.6351563761795991,-0.7885776769242172,1.0,-0.0536457327718316,0.5078932352163101
NewMedia20,0.6297025333979374,-0.7843983138384791,1.0,-0.03870499964219798,0.5118730960938109
NewMedia20,0.6295453496689047,-0.7834265745203015,1.0,-0.033765441183420175,0.5780992874975917
NewMedia20,0.6729352691446897,-0.7893358919975328,1.0,0.001440659543930689,0.6190811233752209
NewMedia20,0.6724666020627119,-0.7899900650024922,1.0,0.012772047694337152,0.6480431262017152
NewMedia20,0.6619367342700908,-0.7881812290428334,1.0,0.024167165114165945,0.6256887188907154
NewMedia20,0.6619381763226506,-0.7877739009451508,1.0,0.026975573597179725,0.6229116811482902
NewMedia20,0.6632980318866661,-0.7882818710435964,1.0,0.012343225322123175,0.6176226186738061
NewMedia20,0.6669262361274544,-0.7898697026096879,1.0,-0.004662228121080303,0.589099193716579
NewMedia20,0.6685067257331396,-0.7931235672965179,-1.0,-0.4959014788701016,0.005492954526473692
NewMedia20,0.6502993701114419,-0.833513650251367,-1.0,-0.4959014788701016,0.5635114410502355
NewMedia20,0.6841212708520801,-0.827318047082776,1.0,0.0026850005333274307,0.5457602350777382
NewMedia20,0.6843116217899912,-0.8273010467448093,1.0,0.007845991199419755,0.5481574830482654
NewMedia20,0.6885469301585105,-0.83341504829116,-1.0,0.030659989495472217,0.52566963608768
NewMedia20,0.6889045591933733,-0.8334599291833922,1.0,0.025794421798650546,0.5422348155243502
NewMedia20,0.6863766410558132,-0.8290677218663107,-1.0,0.011902521221711648,0.5517808827639366
NewMedia20,0.6847485637156503,-0.8268896385660147,1.0,-0.048561973339022124,0.5364521196608396
NewMedia20,0.6521206824946355,-0.8032979295628397,1.0,-0.0458534793885772,0.5824085483492445
NewMedia20,0.6529210216653976,-0.8034346122800922,1.0,-0.03614232690144792,0.5427088528809201
NewMedia20,0.6669493089684133,-0.8029878433983267,1.0,-0.03734454176359958,0.5952700776516116
NewMedia20,0.6686523730416924,-0.803593055429942,1.0,-0.03718791898281604,0.6375396528049622
NewMedia20,0.678928439583766,-0.804270348894536,1.0,-0.06849843309709402,0.6704115306787553
NewMedia20,0.6795196811333379,-0.8032129278730061,1.0,0.012011077011151228,0.592002205953368
NewMedia20,0.7035543711497199,-0.800862801152487,1.0,0.01332454805551464,0.5774507521377175
NewMedia20,0.702769894557117,-0.8016658971180347,1.0,0.022592296049460447,0.5811226753623284
NewMedia20,0.7027324011905587,-0.8019991037421824,1.0,0.02427410066794211,0.5832147851131744
NewMedia20,0.717144274474516,-0.8012694492366508,1.0,0.02725209381704552,0.5089103626152494
NewMedia20,0.6153440160586974,-0.8399975791518736,-1.0,-0.35145314886050183,-0.46234832320949426
NewMedia20,0.6153440160586974,-0.8399975791518736,-1.0,-0.35145314886050183,-0.46234832320949426
NewMedia20,0.6244102005029879,-0.7830729674905937,1.0,0.0167713293898597,0.5942286884982024
NewMedia20,0.6244823031309847,-0.7823113523496847,1.0,0.03830048080493298,0.5981600258667632
NewMedia20,0.6249524122655223,-0.7821733096053949,1.0,0.03324642569261704,0.6041312168996185
NewMedia20,0.6261983456773033,-0.7821161884698268,1.0,0.040792943333607834,0.6182151653695185
NewMedia20,0.6272539281511733,-0.7824595952967545,1.0,0.019675331777006866,0.6182338282575723
NewMedia20,0.6290348630626887,-0.7846811994622453,1.0,0.014985289610373709,0.6129401000610744
NewMedia20,0.6295525599317044,-0.7846825594892827,1.0,-0.01627661743400577,0.5974816298860026
NewMedia20,0.6325549133614823,-0.7868579227355039,1.0,-0.010479954309354222,0.6238821513270949
NewMedia20,0.6322953439006944,-0.7857603809163727,1.0,-0.46992208016656023,-0.18682624058049047
NewMedia20,0.6153440160586974,-0.8399975791518736,-1.0,-0.46992208016656023,-0.18682624058049047
NewMedia20,0.6252768740915069,-0.7928162011860795,-1.0,0.0007207348308813089,0.5969310746884116
NewMedia20,0.6259575228997949,-0.7820189465366572,1.0,-0.006055090712944189,0.5861177973499632
NewMedia20,0.6272164347846152,-0.7831300886261618,1.0,-0.008217565244864944,0.5375280351571488
NewMedia20,0.6339522622920559,-0.7868409223975372,1.0,0.016482387363241813,0.5458722124060618
NewMedia20,0.6341036778108489,-0.7866199180039699,1.0,0.017818541706891233,0.5510390329637929
NewMedia20,0.6601053275189774,-0.8029912434659201,1.0,-0.013742568856640158,0.6020913632353235
NewMedia20,0.6591131953577445,-0.8027076778286353,1.0,-0.030697794994281824,0.6085552545128032
NewMedia20,0.6515525137860225,-0.8036018956056846,1.0,-0.06552692089064349,0.5804312153599303
NewMedia20,0.6551936964998499,-0.8025424345435987,1.0,-0.11956772112503766,0.5024763319586563
NewMedia20,0.6701189404951431,-0.8040085436898485,1.0,-0.11776061828192907,0.48775411271731195
NewMedia20,0.6798398168016428,-0.8051781669419588,-1.0,-0.18400287321790953,0.45651897012584874
NewMedia20,0.6835631965113864,-0.8042241079752666,1.0,-0.1705732798835592,0.44716793006642597
NewMedia20,0.685768094875522,-0.8044532725310579,1.0,-0.14239522138495053,0.3664304100563107
NewMedia20,0.706610080524215,-0.8022119479735257,1.0,-0.1399486655334018,0.39248193549079446
NewMedia20,0.7064947163194204,-0.803287049346541,1.0,-0.15444221361997112,0.3685103889299215
NewMedia20,0.7162444336771188,-0.804500193463846,-1.0,-0.1307003603674154,0.3947476101005418
NewMedia20,0.7161636787337624,-0.8014673331705835,1.0,-0.11900981997831594,0.3783336000571087
NewMedia20,0.7129796266814332,-0.8004881137037004,-1.0,-0.46946247331674396,-0.3042307367501659
NewMedia20,0.6153440160586974,-0.8399975791518736,-1.0,-0.46946247331674396,-0.3042307367501659
NewMedia20,0.6288589326503771,-0.7840651072143314,1.0,-0.041447518541571804,0.3947317466456959
NewMedia20,0.6287104012367042,-0.7837421007929638,1.0,-0.042426680960745866,0.4140067774277969
NewMedia20,0.6287752936019013,-0.7836502989679435,1.0,-0.045209165673147256,0.4491564607885725
NewMedia20,0.6282763434161649,-0.7833599331954719,1.0,-0.032240259345721944,0.4761719243910416
NewMedia20,0.6279187143813016,-0.783694499846657,1.0,-0.05047439150024369,0.4559488188958012
NewMedia20,0.6282143351560878,-0.7838896637265149,1.0,-0.049949975223896326,0.4734508753127784
NewMedia20,0.6289050783322951,-0.7839291045105976,1.0,-0.04450220284540385,0.47627363713093573
NewMedia20,0.6266107727094437,-0.7818673035219941,1.0,-0.05645306109773662,0.4644339009495213
NewMedia20,0.6272063404166954,-0.7808772038388123,1.0,-0.06347678269804347,0.49497758353858656
NewMedia20,0.6604629565538405,-0.7882798310030403,1.0,-0.08399706737344959,0.5471020967288158
NewMedia20,0.6593511340301332,-0.7885198757751304,1.0,-0.07596447903347547,0.5952514147635575
NewMedia20,0.6663047114741236,-0.7917166193263923,-1.0,-0.03505514877138882,0.607039828002824
NewMedia20,0.666973823861932,-0.7914867747570822,1.0,-0.06319054106419775,0.6194151890713862
NewMedia20,0.663616725502411,-0.7889754848326385,1.0,-0.050494374406757414,0.6242414119221331
NewMedia20,0.6630932604231561,-0.7881628686778293,1.0,-0.05305488683328996,0.6014194992653823
NewMedia20,0.6313507994739394,-0.7829764055709427,1.0,-0.002492192489397582,0.5908059148291112
NewMedia20,0.6308864585496412,-0.7848287623957965,1.0,-0.006822002260228888,0.5759577210934028
NewMedia20,0.6307826307653261,-0.7845791974344449,1.0,-0.0025062345318126455,0.620839167429901
NewMedia20,0.6305418079878176,-0.781645619114908,1.0,-0.004328459574445165,0.6384252068431215
NewMedia20,0.630260607738631,-0.7826193984736416,1.0,0.019039659318447866,0.670630819613389
NewMedia20,0.6658230659191067,-0.7885878771269973,1.0,0.05263254540372886,0.7106533830450463
NewMedia20,0.664636256662283,-0.7888211217639006,1.0,0.04757038911309652,0.7038628912266232
NewMedia20,0.6648150711797143,-0.788707559506283,1.0,0.037206821732220785,0.6900094294241894
NewMedia20,0.6848004776078078,-0.8256934947866763,1.0,0.04114993525808308,0.6463364050891831
NewMedia20,0.6846649246671743,-0.8255432117990505,1.0,0.04158901912283142,0.6035563999475575
NewMedia20,0.684525045568861,-0.825037281741161,1.0,0.01240263396310981,0.5763990983958784
NewMedia20,0.6854421909969775,-0.8276573738285917,-1.0,0.03930934754460025,0.5627471957844272
NewMedia20,0.6912925982326203,-0.828520990997301,1.0,0.02607472256839749,0.5372490249807425
NewMedia20,0.6911743499227061,-0.8290684018798293,1.0,0.0018338367315524629,0.5098808327940538
NewMedia20,0.6858243349253594,-0.8235303717837911,1.0,-0.07154123567272863,0.46233059346584326
NewMedia20,0.6322708290071757,-0.7827758015829355,1.0,-0.01808426035566879,0.480206840788302
NewMedia20,0.6325231882051638,-0.7829995260305775,1.0,-0.010033849423398578,0.5071961763474957
NewMedia20,0.6322953439006944,-0.7830491670174403,1.0,0.003953645057673594,0.5659189536091929
NewMedia20,0.6270837659491013,-0.7836557390760929,1.0,0.01618858462963435,0.598230011696965
NewMedia20,0.628126369949932,-0.783918224294299,1.0,0.03505136822150767,0.6117736695577036
NewMedia20,0.6283715188851202,-0.7844350345684872,1.0,0.0519941725523978,0.6509274755504502
NewMedia20,0.6695536558916502,-0.7896561783648259,-1.0,0.07389435793436161,0.6958807740059565
NewMedia20,0.6696978611476432,-0.7894365339982958,1.0,0.06791676849397743,0.6960991297961876
NewMedia20,0.6696531575182851,-0.7892468102265873,1.0,0.05458006867098808,0.6720930568924146
NewMedia20,0.6697959207217183,-0.7895215356881294,1.0,0.055673727743700274,0.6943653474959772
NewMedia20,0.6818312913869085,-0.8220533824212426,1.0,-0.034558816579871476,0.5209404602548138
NewMedia20,0.6817375579705129,-0.8225729127495054,1.0,-0.06815008242948939,0.468891531761203
NewMedia20,0.6854018135252995,-0.8268733182415666,1.0,-0.07232110910531941,0.4038718960701091
NewMedia20,0.6658259500242265,-0.7877868212020055,1.0,-0.009695220169773755,0.5033338916647345
NewMedia20,0.6666262891949886,-0.7891012873335922,1.0,-0.022387066198778727,0.5068733083841626
NewMedia20,0.6671050506448859,-0.7890591264954347,1.0,-0.016983580261749176,0.5546745635566988
NewMedia20,0.6665714911977112,-0.7889176836835516,1.0,-0.00726108612497689,0.5725965349548896
NewMedia20,0.7035168777831615,-0.7889816049543065,-1.0,-0.033899920743472145,0.5874316646689601
NewMedia20,0.7037865416118687,-0.7882886711787831,1.0,-0.044371503835232806,0.5813130368204786
NewMedia20,0.7038759488705844,-0.7885089955588317,1.0,-0.04217176388305677,0.5817366843793028
NewMedia20,0.707577697791929,-0.7854217341840756,1.0,-0.02063019066123173,0.5410413238333014
NewMedia20,0.7086448166862787,-0.7844465947983046,1.0,-0.014814084708621,0.5421461668060941
NewMedia20,0.7101878129254056,-0.7843085520540148,1.0,0.0018521994024029986,0.5410767833206038
NewMedia20,0.7131065273067072,-0.7839882656867219,1.0,0.005992441600630949,0.5448802799059951
NewMedia20,0.714485129554002,-0.7833837336686253,1.0,0.03631137148898311,0.4680983590189107
NewMedia20,0.742946920929374,-0.7857284202809952,1.0,0.02334408539722088,0.46960165465165504
NewMedia20,0.7428676080385779,-0.7856944196050617,1.0,0.020579423277115705,0.4811259880249581
NewMedia20,0.7425777554740316,-0.7856372984694936,1.0,0.02199766956103777,0.4808777716138408
NewMedia20,0.7450883689808727,-0.7833463329250986,1.0,0.025872733189042263,0.47517345988015647
NewMedia20,0.7441495927643571,-0.7830886078015231,1.0,0.03089546374520169,0.44471469343173675
NewMedia20,0.7438525299370111,-0.7824289946884144,1.0,0.00449102321932715,0.41337410552276865
NewMedia20,0.7443442698599478,-0.7821386289159429,1.0,0.003746254892774026,0.36304029644131397
NewMedia20,0.6153440160586974,-0.8399975791518736,-1.0,-0.1685922717459255,0.19498192266005887
NewMedia20,0.6620160471608871,-0.7900995471789979,-1.0,-0.1685922717459255,0.7169343780195971
NewMedia20,0.6527623958838051,-0.7841657492150944,1.0,0.044145750999482924,0.4479377741986508
NewMedia20,0.6533233543296186,-0.7837468608875945,1.0,0.03738666789084477,0.4754188768580656
NewMedia20,0.6635720218730534,-0.7859140639715918,1.0,-0.06756301704082857,0.4951912736068038
NewMedia20,0.669213331487506,-0.7871414883727889,1.0,0.023649769859026115,0.6336894989994362
NewMedia20,0.6697209339886019,-0.7872802111305972,1.0,0.03130268297523875,0.6103123654230806
NewMedia20,0.6717513439929859,-0.7912752905527762,-1.0,0.009017421583969343,0.5991799526989103
NewMedia20,0.672469486167832,-0.791971624395893,1.0,0.0024414251052815583,0.6124287369283967
NewMedia20,0.6726540688955032,-0.7922993909118914,1.0,0.024649455263268116,0.6178941636949906
NewMedia20,0.6721882859186452,-0.7920817865859173,1.0,0.03611694320938974,0.6127637357689648
NewMedia20,0.6153440160586974,-0.8399975791518736,-1.0,-0.29143097863584255,0.0761963727743924
NewMedia20,0.6153440160586974,-0.8399975791518736,-1.0,-0.29143097863584255,0.0761963727743924
NewMedia20,0.6691772801735079,-0.8099926626541336,-1.0,-0.045319341698249915,0.5038452547974122
NewMedia20,0.6652274982118549,-0.8066565163315447,1.0,0.005778570493078172,0.6462197620388461
NewMedia20,0.652554740315175,-0.8029579228035053,1.0,0.03997418424509824,0.657153415005242
NewMedia20,0.6550509332964167,-0.7909652043882632,-1.0,0.09065299547819228,0.6399760928404032
NewMedia20,0.6567987009990541,-0.7832293705998875,1.0,0.06390830546302961,0.6122533057806898
NewMedia20,0.6547134929973928,-0.7197324282806743,-1.0,0.06936687941261055,0.6354279470216597
NewMedia20,0.6464923513532221,-0.6914513460527596,1.0,0.030456379880453577,0.5871022646948083
NewMedia20,0.6463135368357906,-0.6902470421111971,1.0,0.013621051181894384,0.5515093377427518
NewMedia20,0.6464736046699431,-0.6900457581096713,1.0,-0.006880870822661089,0.5088469087958658
NewMedia20,0.646496677510902,-0.6896724306879221,1.0,-0.002241055961589633,0.428858703741116
NewMedia20,0.6153440160586974,-0.8399975791518736,-1.0,-0.6302389982622971,-0.4943085190018527
NewMedia20,0.6702530513832168,-0.8151458050986053,-1.0,-0.07984494344702431,0.48860420726816867
NewMedia20,0.6687951362451257,-0.8179141401331058,1.0,-0.0950919011170176,0.4945166102036542
NewMedia17,0.6706669204679172,-0.8181059039453704,1.0,-0.06676100038750643,0.4777927962185258
NewMedia17,0.6780487875222077,-0.8175496528870994,1.0,-0.09271717571320748,0.4043907243580085
NewMedia17,0.6773580443460003,-0.8189817613574157,1.0,-0.1595583777660461,0.3730389387162081
NewMedia17,0.6774575459726357,-0.8190212021414985,1.0,-0.12871503160134645,0.3098342688883591
NewMedia17,0.6626245933411783,-0.7963685918076051,-1.0,-0.17922641848256837,0.3790847813012792
NewMedia17,0.661381544034517,-0.7981407070372559,1.0,-0.14708850402291018,0.4376545228809343
NewMedia17,0.661381544034517,-0.7975531753571261,1.0,-0.14109255191167558,0.44069190791171176
NewMedia17,0.662053540527445,-0.796990804177187,1.0,-0.14285050760633144,0.4800799331495349
NewMedia17,0.6711038623935766,-0.7960551055754989,1.0,-0.0742043630246021,0.522849673702731
NewMedia17,0.6846865554555732,-0.7933071709465584,1.0,-0.04928837899472471,0.5703355260671557
NewMedia17,0.6852172307976283,-0.7947365593628002,1.0,-0.05263362556083795,0.6073449662225054
NewMedia17,0.6816741076578761,-0.7968405211895613,1.0,0.0025683435655716735,0.6486907284171866
NewMedia17,0.6854868946263353,-0.7960102246832668,1.0,-0.012559256743893465,0.6708874343241309
NewMedia17,0.697068018735147,-0.7956756580320816,1.0,-0.002927495804264657,0.6756287410342321
NewMedia17,0.6973953646662514,-0.7956838181943057,1.0,0.014488957418856474,0.7002292269225225
NewMedia17,0.7172783853625897,-0.7942496696834334,1.0,0.011931685463650643,0.5748920701855231
NewMedia17,0.7165515908723841,-0.7956960584376418,1.0,0.004790226738478953,0.6123036955784356
NewMedia17,0.7166943540758175,-0.8228183976297448,1.0,0.04551809060627865,0.6021846776755935
NewMedia17,0.7162112664682403,-0.8215229718766809,1.0,0.039577766586149865,0.6127963958230591
NewMedia17,0.7157382732285826,-0.8209422403317378,1.0,0.0474726348947454,0.5804200176270979
NewMedia17,0.6885483722110703,-0.8327588352456446,1.0,0.06548857531327945,0.6406992797524929
NewMedia17,0.6824167647262409,-0.8308452772041108,-1.0,0.07816097851432491,0.6410072174053827
NewMedia17,0.6692205417503057,-0.8317462951163469,1.0,0.08115409386295225,0.6652857684747431
NewMedia17,0.7080175238227082,-0.8272582058931331,-1.0,0.07756581194734768,0.6265154848315047
NewMedia17,0.7068249463556449,-0.8245211514804914,1.0,0.08916129851086829,0.6131715198729433
NewMedia17,0.7073123601209017,-0.8237867368803292,1.0,0.06726435360023109,0.6514994930693034
NewMedia17,0.7191516116379411,-0.8167424768404397,1.0,0.09212470953900231,0.5833920825496866
NewMedia17,0.718452216146374,-0.8165235124874283,1.0,0.12280387182315655,0.6653594868825559
NewMedia17,0.6949972312590851,-0.8261939847364166,1.0,0.15428235036786098,0.6876933650166965
NewMedia17,0.6956663436468933,-0.8264007088460918,1.0,0.14697724784069854,0.695697877703028
NewMedia17,0.6956865323827324,-0.8268739982550853,1.0,0.1158012132864723,0.6925727770983969
NewMedia17,0.696744998961722,-0.8272282852983117,1.0,0.09789058818605167,0.6995974881618969
NewMedia17,0.6975727371311231,-0.8274506497189165,1.0,0.12447109432066883,0.6693626763701241
NewMedia17,0.714630776862555,-0.8201711050015674,-1.0,0.12785630669980952,0.6869496489277473
NewMedia17,0.7205907800927527,-0.8189824413709345,1.0,0.11093888606097746,0.6624396780465183
NewMedia17,0.7205576128838742,-0.8182990277846723,1.0,0.08569291403434631,0.690658897928466
NewMedia17,0.7122355275605086,-0.8180385826070222,-1.0,0.12773802949639035,0.7079985872193744
NewMedia17,0.7131122955169471,-0.8144644315528993,-1.0,-0.4457514045417905,0.5101225171943522
NewMedia17,0.6153440160586974,-0.8399975791518736,-1.0,-0.4457514045417905,0.5101225171943522
NewMedia17,0.7136905585934799,-0.8193761691982436,1.0,0.09165268088243428,0.5892811568751051
NewMedia17,0.6962792159848641,-0.8287889163236566,1.0,0.1263673101252576,0.6736766029437908
NewMedia17,0.6955841466509773,-0.8289691199061038,1.0,0.11649953485734499,0.6263101930629114
NewMedia17,0.6954817609192219,-0.8281633038864813,1.0,0.1089940631864903,0.6473292707336522
NewMedia17,0.6970636925774669,-0.8231658845377846,1.0,0.057020683658438154,0.6354932671298488
NewMedia17,0.6971199326273045,-0.8247707164418429,1.0,0.08314806388589213,0.669735934131203
NewMedia17,0.6970795551556264,-0.8247652763336935,1.0,0.06649312142451125,0.6471837002068317
NewMedia17,0.6945242380194274,-0.8271126830001381,1.0,0.08398518564525204,0.6877932114677849
NewMedia17,0.6936950577974665,-0.8277321753156452,1.0,0.1014081198110266,0.620217693257705
NewMedia17,0.6935883459080319,-0.8282401454140909,1.0,0.08948156509364269,0.669856309759151
NewMedia17,0.6828090030225422,-0.8288439974186687,1.0,0.10738462909430169,0.7382399310219658
NewMedia17,0.6827469947624649,-0.8284414294156168,1.0,0.12829971119299288,0.7238228500003037
NewMedia17,0.6818529221753074,-0.8283904284017166,1.0,0.10585620678527685,0.7016373418261916
NewMedia17,0.6753636856556147,-0.8303420672002959,1.0,0.1239699014221618,0.7525310375492644
NewMedia17,0.6751920814009829,-0.8303631476193747,1.0,0.10860682686296719,0.760783766646713
NewMedia17,0.6754833760180892,-0.8298232168855517,1.0,0.13694474861368588,0.7795548994513579
NewMedia17,0.6760501026741423,-0.8292363652189405,1.0,0.12937878814473547,0.765400032006853
NewMedia17,0.6760241457280636,-0.8296402932490298,1.0,0.11644498692334793,0.7296064790082168
NewMedia17,0.6763745645001271,-0.829791936263693,1.0,0.11372515132326,0.7068592179036819
NewMedia17,0.6917973166285964,-0.8281177429807305,1.0,0.12488803496468548,0.746218315665022
NewMedia17,0.6918809556770724,-0.8283863483206046,1.0,0.09845118972554556,0.7195219874482746
NewMedia17,0.6924794074894443,-0.8268195971735919,1.0,0.13704034251781927,0.7304173814941604
NewMedia17,0.712013451466279,-0.8179052999573632,1.0,0.08772144908476931,0.6617584826325498
NewMedia17,0.6153440160586974,-0.8399975791518736,-1.0,-0.2044119017111039,0.2507578298980402
NewMedia17,0.7189828914884291,-0.8125488334708094,-1.0,-0.2044119017111039,0.6315292697071935
NewMedia17,0.7200615468032578,-0.8153756496679154,1.0,0.0905120349754871,0.6262570038319577
NewMedia17,0.7196967075055951,-0.8156490151024203,1.0,0.10159444691230335,0.6116794219730313
NewMedia17,0.7183700191504581,-0.8232801268089209,1.0,0.11993605469915591,0.5950918470706965
NewMedia17,0.7176475508179321,-0.8244103092769484,1.0,0.0773562614682306,0.6750744532590305
NewMedia17,0.6937426455319444,-0.8300455813061564,1.0,0.1111052302557407,0.6309824470872134
NewMedia17,0.6935926720657113,-0.8296144527353204,1.0,0.07031957798261756,0.6345125323626146
NewMedia17,0.6788029810110521,-0.8285373113217491,1.0,0.05219616193175303,0.6685984311043158
NewMedia17,0.6783516185597933,-0.8284441494696915,1.0,0.06271527193630311,0.6719512189432049
NewMedia17,0.6832012413188437,-0.8271283233110674,-1.0,0.04080158459047878,0.646222561472054
NewMedia17,0.6903307491751458,-0.8291180428666922,1.0,0.05641579567748112,0.6083919542423313
NewMedia17,0.6900928105027573,-0.8286869142958562,1.0,0.0646476730040384,0.666383146292314
NewMedia17,0.6945833621743847,-0.8279259791684659,-1.0,0.055797405732663785,0.6528469535867971
NewMedia17,0.6939430908377748,-0.8274139289889083,1.0,0.0970896516898383,0.7139100570104575
NewMedia17,0.6941161371449667,-0.827857977816599,1.0,0.11886723923994724,0.7008301719178591
NewMedia17,0.694280531136799,-0.8278110568838108,1.0,0.12303124489456985,0.6648275945730191
NewMedia17,0.6941334417756857,-0.8278810982762337,1.0,0.1390499748188374,0.6595189360660778
NewMedia17,0.7182560969982232,-0.8157346968057725,1.0,0.07697064538037046,0.5219706516753908
NewMedia17,0.7172740592049098,-0.8156449350213082,1.0,0.07010840726783707,0.586377211493913
NewMedia17,0.7017056597678872,-0.8189123999785115,1.0,0.07952683717846742,0.6492804756796908
NewMedia17,0.6756117186959232,-0.8280109808582994,1.0,0.04534418531175355,0.6098038017236111
NewMedia17,0.6755107750167277,-0.8279980606014448,1.0,0.039213753640466864,0.5808977875612784
NewMedia17,0.7122355275605086,-0.821323727915711,1.0,0.01450461969693495,0.46421834459249833
NewMedia17,0.7114741238088647,-0.8210517225082434,1.0,-0.0015881009892889653,0.4160205030488162
NewMedia17,0.7105973558524261,-0.8206409943429676,1.0,-0.011898740671830721,0.4153803659885662
NewMedia17,0.7169683440622043,-0.8181623450674199,1.0,0.006282463784357484,0.45770033093966256
NewMedia17,0.715664728548026,-0.8181990657974281,1.0,0.01754526195835182,0.5558307294716398
NewMedia17,0.6727059827876605,-0.8307126745679704,1.0,0.06339631099343412,0.6193237409199217
NewMedia17,0.672867492674373,-0.8307636755818706,1.0,0.06733186341953434,0.6222258200123085
NewMedia17,0.6745229690131747,-0.8283849882935672,-1.0,0.08014630728039407,0.6322244622872022
NewMedia17,0.675121420825546,-0.8268882785389774,1.0,0.08439402511095251,0.6546021982082697
NewMedia17,0.6914872753282111,-0.8267182751593102,1.0,0.08617682441911168,0.6822456679937539
NewMedia17,0.693243695346208,-0.8270616819862379,1.0,0.09999635446975752,0.6576190540621876
NewMedia17,0.6939171338916961,-0.8273126069746266,1.0,0.08336949609320676,0.6701035930258654
NewMedia17,0.6937037101128263,-0.8269930006208523,1.0,0.12508192316572453,0.6560914966749734
NewMedia17,0.6688254193488845,-0.8283530276581899,-1.0,0.13247721881147623,0.6967439325784506
NewMedia17,0.6681995685378739,-0.8283754681043058,1.0,0.11668694211573061,0.7347042468801483
NewMedia17,0.6153440160586974,-0.8399975791518736,-1.0,-0.2761710590805432,0.0992776995750928
NewMedia17,0.686004591495351,-0.784357513027359,-1.0,0.16221880472514738,0.8034723236368744
NewMedia17,0.6865266145220461,-0.7840508269304394,1.0,0.14766044721204685,0.8163086580403689
NewMedia17,0.6878749336655823,-0.7836924598061009,1.0,0.12950840699779786,0.7950590937021618
NewMedia17,0.6900437807157196,-0.7821848698352123,1.0,0.0983280518151366,0.7836933948773173
NewMedia17,0.6882210262799657,-0.7816925400476962,1.0,0.10738786956562829,0.7490522752160116
NewMedia17,0.687459622528322,-0.7818673035219941,1.0,0.07111457361473228,0.7109501229651041
NewMedia17,0.6790221730001615,-0.7832191703971074,1.0,0.031094212653230313,0.6197996445652973
NewMedia17,0.6796206248125332,-0.7834245344797455,1.0,0.014396063907495371,0.5658573660786148
NewMedia17,0.6792024295701531,-0.7837203403603663,1.0,0.007053695960077322,0.5557794065294914
NewMedia17,0.6810742137929442,-0.781647659155464,-1.0,-0.0200544669222138,0.5407464502020491
NewMedia17,0.689801515885651,-0.8079057011653392,-1.0,-0.09171749030896548,0.4468152014822069
NewMedia17,0.6933922267598811,-0.815466771479417,1.0,-0.1182288663886163,0.48005660453946786
NewMedia17,0.6153440160586974,-0.8399975791518736,-1.0,-0.49538354353640734,-0.06243342597902013
NewMedia17,0.678484287395307,-0.8289487195005436,1.0,-0.12655687769786117,0.2809851765345912
NewMedia17,0.6785924413373017,-0.8288589577160794,1.0,-0.19589486290781,0.2710994447324233
NewMedia17,0.6905268683232966,-0.8295246909508561,1.0,-0.16987765870545868,0.25296564955482026
NewMedia17,0.6900928105027573,-0.82755605181431,1.0,-0.17394985100582883,0.2862985007635457
NewMedia17,0.665859117233105,-0.8330328806936682,1.0,-0.15405227690367573,0.2947425244635471
NewMedia17,0.6652750859463326,-0.8344711092856526,1.0,-0.17291668073121236,0.23834980877538325
NewMedia17,0.6847283749798112,-0.8293669278145249,-1.0,-0.20750601174940908,0.21510611484861375
NewMedia17,0.689378994485591,-0.826234105534018,1.0,-0.20251568590651514,0.20036429957481272
NewMedia17,0.7049935396045315,-0.8224226297618797,1.0,-0.19466024333239274,0.1500267579157475
NewMedia17,0.7101906970305254,-0.8211877252119772,1.0,-0.19134470108677315,0.17571342388877675
NewMedia17,0.6796855171777301,-0.8258764184231983,-1.0,-0.14838523263208647,0.27234145993241254
NewMedia17,0.6686696776724119,-0.8297681357905395,1.0,-0.10662257825400712,0.25079608881855053
NewMedia17,0.6153440160586974,-0.8399975791518736,-1.0,-0.8372138427534286,0.018566307608252952
NewMedia17,0.6153440160586974,-0.8399975791518736,-1.0,-0.8372138427534286,0.018566307608252952
NewMedia17,0.6402050021919199,-0.6664241285116748,1.0,-0.23625007257305586,0.1576076230432546
NewMedia17,0.6373583904386146,-0.6780829602892505,-1.0,-0.1857948538614942,0.19433711987779545
NewMedia17,0.6395748252232298,-0.6774077068652125,1.0,-0.7199217426174638,0.02408212417259259
NewMedia17,0.6153440160586974,-0.8399975791518736,-1.0,-0.7199217426174638,0.02408212417259259
NewMedia17,0.6695594241018896,-0.8294254089771305,1.0,-0.06081203511050681,0.4569248879410217
NewMedia17,0.675866961999031,-0.8082769885465323,-1.0,0.07018725873678333,0.6520192545016055
NewMedia17,0.6877062135160701,-0.7788827241885569,1.0,0.04698440388154457,0.6238532238506114
NewMedia17,0.6839698553332871,-0.7812260507738894,-1.0,0.012708318424914822,0.5773677022858772
NewMedia17,0.6785794628642625,-0.7828268025968357,1.0,-0.027940693973938502,0.5412923396776268
NewMedia17,0.6793221199326274,-0.7823385528904314,1.0,-0.018103703183628195,0.5421564313945237
NewMedia17,0.6878114833529454,-0.7829668853816814,1.0,-0.013129039618812621,0.526115679112169
NewMedia17,0.6878677234027826,-0.783827782496316,1.0,-0.0805043793619783,0.5562618421856855
NewMedia17,0.6701275928105026,-0.825688054678527,1.0,-0.02717324234809959,0.4321872298255347
NewMedia2,0.6705169470016843,-0.8258335775715221,1.0,-0.05522600262208144,0.44373209237569733
NewMedia2,0.6763240926605292,-0.8265197112118589,-1.0,-0.06301123498412842,0.3880578978776099
NewMedia2,0.6838299762349738,-0.8271942846223783,1.0,-0.07225197905035285,0.37856595301338003
NewMedia2,0.6791130223114372,-0.8304508693632829,-1.0,-0.08616764308368652,0.4313044752205839
NewMedia2,0.6520774209178377,-0.8334300085885707,1.0,-0.08758048858206435,0.47039109481633634
NewMedia2,0.6521754804919129,-0.832333146782958,1.0,-0.05732744827735203,0.4250346779788654
NewMedia2,0.6484607530975288,-0.8341651032022517,1.0,-0.05467512249656714,0.4494746630298918
NewMedia2,0.6527580697261253,-0.8328479170165903,1.0,-0.09643183601054772,0.4315508253428959
NewMedia2,0.6539117117740707,-0.8332124042625968,1.0,-0.10400967820769524,0.3731135902684237
NewMedia2,0.6534012251678549,-0.8332436848844555,1.0,-0.1369253057857266,0.3759718115738835
NewMedia2,0.6530161971343533,-0.833310326209285,1.0,-0.17417020305603448,0.31533142256464486
NewMedia2,0.6518466925082487,-0.8334204883993094,1.0,-0.19030342963384017,0.25896950064177027
NewMedia2,0.6522057635956717,-0.8331845237083313,1.0,-0.1514010312799997,0.22167451829919527
NewMedia2,0.6668440391315382,-0.8350566009252264,1.0,-0.1677972761138108,0.3051937417737489
NewMedia2,0.665877863916384,-0.8343500668793296,1.0,-0.13338239046869382,0.2848623915277957
NewMedia2,0.664525218615168,-0.8344452687719431,1.0,-0.10720748332845009,0.35179963896643063
NewMedia2,0.6634090699337809,-0.8341814235266998,1.0,-0.10615162975454784,0.3313217850492538
NewMedia2,0.6630673034770771,-0.8339155382409003,1.0,-0.09040401926460206,0.3446097613436532
NewMedia2,0.6779507279481325,-0.8320924219973493,1.0,-0.07256036390492993,0.40697833378668635
NewMedia2,0.6784987079209064,-0.8325269506357786,1.0,-0.0717615877229344,0.3989001026925416
NewMedia2,0.6796523499688516,-0.8323039062016553,1.0,-0.07088666046476466,0.38345469653910746
NewMedia2,0.686716965459957,-0.8307011143381531,1.0,-0.05641957622736238,0.40428901161811437
NewMedia2,0.6888367827230566,-0.8312709656667975,1.0,-0.03402251857532668,0.45866986797406417
NewMedia2,0.6959172607923214,-0.8339196183220122,1.0,-0.034037100696296285,0.45916630079629894
NewMedia2,0.6153440160586974,-0.8399975791518736,-1.0,-0.6505097666455586,0.4030647261617766
NewMedia2,0.7006370988209778,-0.8334646892780229,1.0,-0.05625269195404481,0.530425873108225
NewMedia2,0.701773436238204,-0.8339665392548004,1.0,-0.07776564101248529,0.5357559939364278
NewMedia2,0.7032486560070141,-0.8337108541717809,1.0,-0.011762100797561015,0.5439508680809093
NewMedia2,0.7044628642624766,-0.8342575850407906,1.0,-0.016205867143376018,0.5618112519485223
NewMedia2,0.7058400244572114,-0.8337870156858718,1.0,0.0037203311221616353,0.4968672009540469
NewMedia2,0.7021483699037863,-0.8229462401712546,1.0,0.018502821235348632,0.30340303766497434
NewMedia2,0.6153440160586974,-0.8399975791518736,-1.0,-0.118532930614758,0.33458405788108125
NewMedia2,0.6153440160586974,-0.8399975791518736,-1.0,-0.13329813821420333,0.3408799831660754
NewMedia2,0.6153440160586974,-0.8399975791518736,-1.0,-0.132333557915999,0.3490198017907975
NewMedia2,0.7092764357075287,-0.8272310053523864,1.0,-0.014195694763803557,0.5791565401058465
NewMedia2,0.7129334809995156,-0.8365329102742562,1.0,0.005512311765746292,0.5521728034130691
NewMedia2,0.7217213492997392,-0.8361779432175112,-1.0,-0.11373271242302208,0.5759287936169193
NewMedia2,0.7224293971066658,-0.8329349587469799,1.0,-0.12103781495018451,0.5410002654795827
NewMedia2,0.7214329387877529,-0.8380745009210783,1.0,0.008247809643912696,0.6318054804503916
NewMedia2,0.7210017650723333,-0.8372156438469998,1.0,-0.08195178988783924,0.62875969711999
NewMedia2,0.7275299370111443,-0.8355332904018131,1.0,-0.08914887670411664,0.578977376380529
NewMedia2,0.7338576636441245,-0.8370864412784527,1.0,-0.08847485866819327,0.5959997965745205
NewMedia2,0.73141771071272,-0.8332967259389117,1.0,-0.08092942118431123,0.6397652022053937
NewMedia2,0.7310341247317782,-0.8327357147860099,1.0,-0.2564722338864188,0.16085403242023633
NewMedia2,0.6153440160586974,-0.8399975791518736,-1.0,-0.2564722338864188,0.16085403242023633
NewMedia2,0.652215857963591,-0.8292472454352393,1.0,0.0673021590990408,0.567016331426764
NewMedia2,0.6511487390692416,-0.8286406733765868,1.0,0.03609750038143056,0.5305201206928971
NewMedia2,0.6486640825084793,-0.8314226086814606,-1.0,0.01740646176986438,0.5345335747688953
NewMedia2,0.6493793405782053,-0.8297953363312862,1.0,-0.016664393836083535,0.5164912277427565
NewMedia2,0.6501955423271268,-0.8341596630941023,1.0,-0.016092990725501077,0.45766300516355485
NewMedia2,0.6502748552179229,-0.8333898877909692,1.0,-0.042874946160919136,0.455694070473865
NewMedia2,0.6564252093860317,-0.8354312883740129,-1.0,-0.04183529494364957,0.47465369844785443
NewMedia2,0.6560517177730094,-0.8340161802416632,1.0,-0.06567166194322971,0.45352637602640056
NewMedia2,0.6560661382986086,-0.8342507849056039,1.0,-0.06794377242169869,0.4603859205306233
NewMedia2,0.6649794651715466,-0.8288813981621954,1.0,-0.1043029408627485,0.41816206945300505
NewMedia2,0.6650284949585843,-0.8282149849139001,1.0,-0.08926769398609036,0.44201510667473554
NewMedia2,0.6637623728109643,-0.8282795861981735,1.0,-0.08170659422412996,0.38652100904636844
NewMedia2,0.6645713642970859,-0.8281129828860998,1.0,-0.09135509759894567,0.3992239038002774
NewMedia2,0.6731299462402807,-0.8285509115921225,1.0,-0.07575978926134797,0.40732732979329445
NewMedia2,0.6732438683925153,-0.8287793961343952,1.0,-0.06593089964935406,0.3592013403686203
NewMedia2,0.6799104773770794,-0.8308377970554055,1.0,-0.06483886081230528,0.37046439330916825
NewMedia2,0.6798095336978842,-0.8314987701955515,1.0,-0.0822385716002394,0.3853928374635085
NewMedia2,0.692505364435523,-0.83059027213461,1.0,-0.06182360224294636,0.37822722159520095
NewMedia2,0.6922717519208139,-0.8300714218198657,1.0,-0.0708126697028082,0.37477925302723736
NewMedia2,0.6917266560531599,-0.8301795439693341,1.0,-0.044621020127377675,0.4039213527234522
NewMedia2,0.6964234212408575,-0.8292044045835631,1.0,-0.04401775238208405,0.49173770617242396
NewMedia2,0.7103709536005169,-0.8276866144098944,1.0,-0.03733103979973884,0.4529459602079233
NewMedia2,0.7100782169308508,-0.8254337296225449,1.0,-0.060081848904923185,0.4424060941794652
NewMedia2,0.7052862762741978,-0.8308500372987415,1.0,-0.030734520335983007,0.44864696394470016
NewMedia2,0.7056208324681019,-0.8299517394405801,1.0,-0.02954256696636537,0.44324405785308674
NewMedia2,0.7141404789921784,-0.8260790624517615,-1.0,-0.07811885238707972,0.4443852934575847
NewMedia2,0.7211301077501673,-0.8274037287861282,1.0,-0.08777275654743988,0.4167819488814166
NewMedia2,0.7213940033686348,-0.8280925824805397,1.0,-0.09982136901812377,0.37825894850489283
NewMedia2,0.7309389492628229,-0.8283435074689285,1.0,-0.21133516870028746,0.47450719477663106
NewMedia2,0.7325800050760249,-0.8330009200582907,-1.0,-0.2281094685221966,0.4062878069286908
NewMedia2,0.7288249002099627,-0.8308690776772643,1.0,-0.2302649220329097,0.38414708968590827
NewMedia2,0.7268420779400566,-0.8281993446029707,-1.0,-0.10026099296142632,0.3648533960157534
NewMedia2,0.6480627465909876,-0.8288303971482953,1.0,-0.09193190149507247,0.32736058705980686
NewMedia2,0.6485386239357653,-0.8276784542476705,1.0,-0.09231697750437795,0.32647503302164793
NewMedia2,0.6484780577282481,-0.8280381813990462,1.0,-0.089702457222403,0.3262949361519272
NewMedia2,0.6475291871438131,-0.8245225115075288,1.0,-0.11825695047344631,0.3638409343388278
NewMedia2,0.6477901986571606,-0.824942759862066,1.0,-0.10259683270931752,0.3588252831743335
NewMedia2,0.6481348492189842,-0.8245843927377277,1.0,-0.12380517746306208,0.31965468058233837
NewMedia2,0.6639498396437553,-0.8250046410922649,1.0,-0.13061016724882646,0.36242162170232595
NewMedia2,0.6643752451489351,-0.8239642204087017,1.0,-0.4411769391858046,-0.5611431205561913
NewMedia2,0.6153440160586974,-0.8399975791518736,-1.0,-0.4411769391858046,-0.5611431205561913
NewMedia2,0.668877333241042,-0.8275227311518953,1.0,-0.0945637042907892,0.36391092016903004
NewMedia2,0.6679803765487644,-0.8270440016347524,1.0,-0.08972946115012437,0.29515217485633105
NewMedia2,0.6725026533767102,-0.8264925106711122,1.0,-0.08230446118387924,0.3405113911270099
NewMedia2,0.6722719249671212,-0.827613852963397,1.0,-0.08074417424014324,0.3550208534445394
NewMedia2,0.6628509955930875,-0.8279225791008725,1.0,-0.07923897530895874,0.36044895443502556
NewMedia2,0.6789471862670451,-0.8264918306575935,-1.0,-0.11862420389045591,0.3379723052072723
NewMedia2,0.6824571421979189,-0.8278110568838108,1.0,-0.13299461406661606,0.35205718682157494
NewMedia2,0.6829907016450936,-0.8274601699081778,1.0,-0.10694176467967276,0.2991721609431479
NewMedia2,0.690626369949932,-0.828161943859444,1.0,-0.12511432787899002,0.37490522752160116
NewMedia2,0.6926005399044786,-0.8270820823917979,1.0,-0.10804514516636443,0.3600290394538119
NewMedia2,0.7006644978196164,-0.8250257215113437,1.0,-0.09620662325335227,0.30896644459385136
NewMedia2,0.7009456980688031,-0.8260579820326828,1.0,-0.10463724948793807,0.2888963747806528
NewMedia2,0.7022147043215432,-0.826127343411587,1.0,-0.09750713241240938,0.3401913225968851
NewMedia2,0.7136328764910824,-0.8250066811328209,1.0,-0.11257478400233312,0.29168367711150767
NewMedia2,0.7130387508363905,-0.824805397131295,1.0,-0.10821743022522623,0.29408652394845136
NewMedia2,0.7070657691331532,-0.8247822766716603,1.0,-0.09352297291641065,0.3125077276020851
NewMedia2,0.7068119678826055,-0.8260688622489816,1.0,-0.0828499405238492,0.33344468856538834
NewMedia2,0.7206989340347476,-0.8243157873978535,1.0,-0.11490468288612588,0.3391378025662406
NewMedia2,0.7214069818416742,-0.8232005652272367,1.0,-0.08906786492095276,0.38559532979889366
NewMedia2,0.7212728709536005,-0.8233154875118918,1.0,-0.08367248016223972,0.334652177422478
NewMedia2,0.722208763064996,-0.8235827328247285,1.0,-0.10422408939380245,0.3921124103073266
NewMedia2,0.7295834198564868,-0.8243123873302601,1.0,-0.13535637758511976,0.40563927156881663
NewMedia2,0.7289806418864355,-0.8231121634698098,1.0,-0.12312683879870323,0.40429927620654427
NewMedia2,0.7368340601278236,-0.8300714218198657,1.0,-0.2288488360632055,0.36566149906848855
NewMedia2,0.6500095175468956,-0.8231550043214859,1.0,-0.053913611734826894,0.39016960366091213
NewMedia2,0.6502142890104057,-0.8225824329387668,1.0,-0.055429072158545534,0.40791147818938267
NewMedia2,0.649683613668351,-0.8221363440705202,1.0,-0.06675451944485333,0.3973230886519843
NewMedia2,0.6473590249417409,-0.8207525165600292,1.0,-0.06797725729207316,0.42313106339736417
NewMedia2,0.6472018412127085,-0.8222607865444365,1.0,-0.06055495771860009,0.4625265537904093
NewMedia2,0.6643492882028563,-0.822859198440865,1.0,-0.08193234705987984,0.41693405141905604
NewMedia2,0.6644487898294917,-0.8216746148913441,1.0,-0.09242121266538228,0.37830000685861154
NewMedia2,0.6579119655753214,-0.8201486645554513,1.0,-0.08959930221850776,0.34829381544549953
NewMedia2,0.6580778016197135,-0.8213427682942337,1.0,-0.06496361895837743,0.4024721794660642
NewMedia2,0.6153440160586974,-0.8399975791518736,-1.0,-0.6106357669723061,0.1163570415776487
NewMedia2,0.6153440160586974,-0.8399975791518736,-1.0,-0.6106357669723061,0.1163570415776487
NewMedia2,0.6565996977457835,-0.8225463922222773,1.0,-0.08282995761733536,0.38739069962968187
NewMedia2,0.6570957638263999,-0.822766716602326,1.0,-0.04962970864112193,0.39771314301231175
NewMedia2,0.6622972474100737,-0.8193102078869328,1.0,-0.05152862483848264,0.4424452862443786
NewMedia2,0.6613180937218799,-0.8195760931727323,1.0,-0.031188186321700506,0.43376890958810566
NewMedia2,0.6673949032094324,-0.8224369100457717,1.0,-0.039038768188833006,0.45091543798765565
NewMedia2,0.6681303500149973,-0.8236786147308608,1.0,-0.07153637496573872,0.4346404664602239
NewMedia2,0.6635936526614523,-0.8216018534448465,1.0,-0.07065226637214395,0.4607423816924534
NewMedia2,0.6622193765718374,-0.8220717427862466,1.0,-0.0481974203147848,0.4133125179921906
NewMedia2,0.6578903347869223,-0.819042962574096,1.0,-0.03504650751451788,0.41351874290518653
NewMedia2,0.656945790360167,-0.8231312038483325,-1.0,-0.03931204793737253,0.44556945370460666
NewMedia2,0.6577317090053298,-0.8210027615348994,1.0,-0.03397283134831974,0.4975913210105396
NewMedia2,0.6570222191458435,-0.8213774489836858,1.0,-0.031093132496121445,0.5084120635042093
NewMedia2,0.6671901317459219,-0.8199494205944814,1.0,-0.0035453456705277775,0.4892630072164723
NewMedia2,0.6672910754251171,-0.8207545566005853,1.0,-0.007771460358909188,0.4658886730733254
NewMedia2,0.6624775039800652,-0.820902799547655,1.0,0.0015524558046968728,0.4619965277696776
NewMedia2,0.6715335940564362,-0.8221805449492336,-1.0,-0.007802244836511485,0.4662525993903768
NewMedia2,0.6789212293209663,-0.8234079693504307,1.0,-0.02151591949048992,0.44426678411844245
NewMedia2,0.67905534020904,-0.8230516422666483,1.0,0.007409607727443923,0.489814495558466
NewMedia2,0.6798600055374819,-0.8234120494315427,1.0,-0.002471129425774987,0.45237487583347313
NewMedia2,0.6865886227821232,-0.8215460923363156,1.0,0.003739233871566494,0.4865634204594711
NewMedia2,0.6872822500634503,-0.8216909352157921,1.0,0.002074171688272175,0.4652578674571024
NewMedia2,0.6956014512816964,-0.8213121676858935,1.0,-0.0023922779568289476,0.43739604188138714
NewMedia2,0.6952020027225951,-0.8213461683618271,1.0,0.004971693132766131,0.5019752334144083
NewMedia2,0.6938219584227405,-0.8216120536476265,1.0,-0.011005990821364997,0.49584727412189955
NewMedia2,0.6936791952193073,-0.8212829271045908,1.0,0.007604576085591619,0.4638842788963329
NewMedia2,0.6994257746706352,-0.8209075596422857,1.0,0.0036814454662430496,0.4271435843289595
NewMedia2,0.6992801273620821,-0.8208109977226348,1.0,-0.010584189470358552,0.4703612341954502
NewMedia2,0.7108165478415358,-0.8225436721682027,1.0,-0.01182907053830995,0.3939236435929607
NewMedia2,0.7116846634826146,-0.8214733308898181,1.0,-0.014086598895809432,0.44351466972986886
NewMedia2,0.709651369373111,-0.8211346841575211,1.0,-0.013296463970684513,0.47973653600934263
NewMedia2,0.7090096559839414,-0.8210041215619366,1.0,-0.012750984630714446,0.43756027529626196
NewMedia2,0.7076786414711242,-0.8209184398585844,1.0,0.0008968004396239238,0.4403279815946599
NewMedia2,0.7083391015435732,-0.8207681568709586,1.0,0.026596438451972793,0.446125607768614
NewMedia2,0.7099138229390185,-0.8200629828520991,1.0,0.009272338661658441,0.4797057422440538
NewMedia2,0.7198351445513487,-0.8221608245571922,1.0,0.01586669781119654,0.4431824703225089
NewMedia2,0.7199706974919824,-0.8179032599168071,1.0,0.00060839849156058,0.4558517718779207
NewMedia2,0.7254649177453221,-0.8193720891171317,1.0,-0.03772907769435074,0.4375070860653081
NewMedia2,0.7339283242195611,-0.8261742643443751,1.0,-0.16143191027134907,0.38707436367716763
NewMedia2,0.6153440160586974,-0.8399975791518736,-1.0,-0.9177822214241061,-0.24841283801406344
NewMedia2,0.6521697122816732,-0.8147235167035121,-1.0,0.020052846686550607,0.36765749494585664
NewMedia2,0.6459602339586075,-0.8154538512225623,1.0,-0.007726633838891828,0.393704354658327
NewMedia2,0.6451454742622458,-0.8156796157107603,1.0,0.0003162159936163089,0.4102564700733593
NewMedia2,0.6516548995177776,-0.8195339323345748,1.0,-0.029343818058336524,0.43846262593366947
NewMedia2,0.6517342124085739,-0.8194128899282518,1.0,-0.031783892967232164,0.41554739883664893
NewMedia2,0.6558757873606977,-0.8190681230742867,1.0,-0.033744918198352014,0.4754711329446166
NewMedia2,0.6564598186474699,-0.8196495346327485,1.0,-0.03598732435632768,0.4346264692941837
NewMedia2,0.6648121870745947,-0.8209728409400778,1.0,-0.021330132467767382,0.4839571481427394
NewMedia2,0.6663176899471632,-0.8193394484682356,1.0,-0.01134462007498993,0.4977406241149709
NewMedia2,0.6657048176091922,-0.8198365383503824,1.0,-0.01969207421219421,0.46079743721221234
NewMedia2,0.6649145728063497,-0.8198446985126064,1.0,0.03339656753074749,0.48600913268426926
NewMedia2,0.6640507833229505,-0.8196964555655366,1.0,0.017725108116975585,0.528791937259103
NewMedia2,0.6644112964629336,-0.8188872394783209,1.0,0.023063244548919615,0.5109586145791685
NewMedia2,0.6153440160586974,-0.8399975791518736,-1.0,-0.4926404845584791,-0.2269878425281494
NewMedia2,0.6481535959022635,-0.8252718864051017,-1.0,0.04310339938944119,0.5028775840518158
NewMedia2,0.6643175630465381,-0.8181004638372211,1.0,0.05559865682463516,0.5367777870573807
NewMedia2,0.6659528506495005,-0.8188817993701715,1.0,0.05002342590729825,0.49279962450269243
NewMedia2,0.6670473685424887,-0.8188233182075659,1.0,0.016978719554759047,0.49283508398999487
NewMedia2,0.6682990701645093,-0.8191313643315229,1.0,0.026638564579217983,0.5182865975735447
NewMedia2,0.6798455850118825,-0.8183643090824646,1.0,-0.0029971659377856508,0.47206049015276075
NewMedia2,0.6800013266883553,-0.8192449265891406,1.0,-0.021110320496116275,0.44362104819177617
NewMedia2,0.6797979972774049,-0.819303407751746,1.0,-0.04872453698390433,0.36485899488216966
NewMedia2,0.6895318520569438,-0.8195876534025497,1.0,-0.08007285659699204,0.37375559361747923
NewMedia2,0.6894958007429455,-0.819258526859514,1.0,-0.09264264487269669,0.4359506012016101
NewMedia2,0.6881013359174917,-0.8191490446830083,1.0,-0.10195791977943192,0.39152826191123835
NewMedia2,0.6872793659583305,-0.819049082695764,1.0,-0.1025979128664265,0.3746103538903489
NewMedia2,0.6777099051706237,-0.8219316600014008,1.0,-0.07933402913453769,0.3627575536872969
NewMedia2,0.6775253224429525,-0.8231992052001994,1.0,-0.07253714052708982,0.4016836724457855
NewMedia2,0.6857998200318407,-0.8236534542306702,-1.0,-0.06889539083459695,0.38971329604799365
NewMedia2,0.6882282365427654,-0.8237874168938478,1.0,-0.08232390401183864,0.4227746022355341
NewMedia2,0.6902788352829885,-0.8244313896960271,1.0,-0.08170335375280335,0.432423315359417
NewMedia2,0.7026949078240003,-0.822528711870792,1.0,-0.07340774715682397,0.42744685625983614
NewMedia2,0.7019753235965944,-0.8219343800554755,1.0,-0.05397248029725932,0.38428892763511846
NewMedia2,0.7009341616483238,-0.822218625706279,1.0,-0.045972296670550694,0.395512788510753
NewMedia2,0.7102454950278028,-0.8217698167839577,1.0,-0.08455550859872574,0.41877421218117394
NewMedia2,0.7187045753443624,-0.8216446942965225,1.0,-0.10191957420206776,0.38354707783497455
NewMedia2,0.7187882143928381,-0.8205219919772004,1.0,-0.09130865084326512,0.37257516594806783
NewMedia2,0.724069010867308,-0.8237874168938478,1.0,-0.08158345631372077,0.37628068237117596
NewMedia2,0.6583474654484205,-0.8134933722482403,1.0,-0.05789021013106366,0.30204811199225867
NewMedia2,0.6585334902286519,-0.8135192127619497,1.0,-0.08366221866970558,0.2928417093152542
NewMedia2,0.665942756281581,-0.8136232548303061,1.0,-0.11721567902051355,0.2743729152970831
NewMedia2,0.6668353868161787,-0.8142087464698798,1.0,-0.1361043863829995,0.2185270222288993
NewMedia2,0.6816048891349993,-0.8139768618600138,1.0,-0.16956603337955511,0.1893074715472609
NewMedia2,0.6816135414503588,-0.8145453531616209,1.0,-0.17317321804456476,0.2267844170483615
NewMedia2,0.6817000646039548,-0.8143433891465762,1.0,-0.18698842746677502,0.24590641214842046
NewMedia2,0.6923799058628088,-0.8132628476654116,1.0,-0.18027579111381753,0.1919715988169597
NewMedia2,0.6926077501672783,-0.8140917841446688,1.0,-0.16347772783551384,0.20081500832131538
NewMedia2,0.6986398560254723,-0.8135770139110365,-1.0,-0.1640102452901776,0.24026742052292493
NewMedia2,0.7067038139406105,-0.8137864580747866,1.0,-0.16509742342023648,0.1950603067898855
NewMedia2,0.7063678156941464,-0.8135783739380739,1.0,-0.16632880252432714,0.14927930924918753
NewMedia2,0.7063822362197458,-0.8134348910856348,1.0,-0.17083143743257456,0.15494442891795868
NewMedia2,0.7207378694538658,-0.8115451335172543,1.0,-0.1716658587991623,0.05584169391837146
NewMedia2,0.7301241895664612,-0.8123591096991009,1.0,-0.20385076009305547,0.06794924254335966
NewMedia2,0.7295632311206479,-0.811539693409105,1.0,-0.20405328955096513,0.10720756070920845
NewMedia2,0.6510751943886852,-0.812531153119324,-1.0,-0.17739393194740172,0.11996644412727897
NewMedia2,0.6526167485752523,-0.8126113947145269,1.0,-0.21172942604501832,0.1089842676519428
NewMedia2,0.6524566807410996,-0.8130901242316697,1.0,-0.1907133492566494,0.12693609967102004
NewMedia2,0.6523153595902265,-0.812621594917307,1.0,-0.20142040659813976,0.16541057653860358
NewMedia2,0.6655505179852796,-0.8126834761475058,1.0,-0.18013267029689484,0.1528429877230859
NewMedia2,0.667295401582797,-0.8119633418312356,1.0,-0.1919290660826617,0.20105482643280825
NewMedia2,0.6697267021988418,-0.8087162772795923,-1.0,-0.17566190002335846,0.21239812979198835
NewMedia2,0.6703092914330542,-0.8110072428239874,1.0,-0.1995879200629731,0.26855009422425624
NewMedia2,0.6758583096836712,-0.8103476297108787,1.0,-0.1634010366807852,0.20721078005739768
NewMedia2,0.6741840866615907,-0.8107053168216984,1.0,-0.1844819228956852,0.22909021686742514
NewMedia2,0.6698348561408367,-0.8111194450545677,1.0,-0.18858165920233105,0.24712696502714748
NewMedia2,0.6697685217230798,-0.8111092448517876,1.0,-0.1910157932471278,0.27402671872368245
NewMedia2,0.6697641955654001,-0.8110432835404768,1.0,-0.17026705534319964,0.27629332647783267
NewMedia2,0.6699199372418727,-0.8107304773218892,1.0,-0.185770550326545,0.23644246161627147
NewMedia2,0.707306591910662,-0.7849865255321276,1.0,-0.1661025096100227,0.2317104863501971
NewMedia2,0.7068523453542834,-0.7839059840509629,1.0,-0.17434680874333175,0.22039424417869546
NewMedia2,0.6153440160586974,-0.8399975791518736,-1.0,-0.3603693057155163,0.10513877956843021
NewMedia2,0.6153440160586974,-0.8399975791518736,-1.0,-0.3603693057155163,0.10513877956843021
NewMedia2,0.7031462702752589,-0.7925571160354667,1.0,-0.19784130601796046,0.2141533744134605
NewMedia2,0.7028809326042316,-0.792646877819931,1.0,-0.17455149851545904,0.2023052399324219
NewMedia2,0.6653125793128909,-0.7963135107125929,1.0,-0.23289510459296314,0.25499897120829607
NewMedia2,0.6660191850672572,-0.7959408633043625,1.0,-0.22459409721143941,0.23591150245113734
NewMedia2,0.6800517985279528,-0.7966759579180434,1.0,-0.26567733276805117,0.14962830525579607
NewMedia2,0.6803430931450589,-0.7956477774778162,1.0,-0.2720405382962954,0.13762713509271496
NewMedia2,0.6962936365104635,-0.7959245429799144,1.0,-0.222495351948941,0.15986676564218327
NewMedia2,0.6968416164832378,-0.7952608497856937,1.0,-0.25324148397384394,0.17106169904133406
NewMedia2,0.6968300800627583,-0.7952574497181004,1.0,-0.23738747800867632,0.181181650088579
NewMedia2,0.6973650815624928,-0.7950310052163837,1.0,-0.2721307314148843,0.18419757279809423
NewMedia2,0.6974775616621673,-0.7951540876632628,1.0,-0.20540348593702962,0.14919532625294463
NewMedia2,0.6970954177337856,-0.7954539736249957,1.0,-0.24513436479335926,0.1320739927522676
NewMedia2,0.6631956461549111,-0.8162889078234875,1.0,-0.18100111661241136,0.217516426840779
NewMedia2,0.662692369811495,-0.8171178443027447,1.0,-0.17462980990585086,0.24389641910501214
NewMedia2,0.661654091968344,-0.8128623197029157,1.0,-0.23748901277690837,0.2903623446372894
NewMedia2,0.6153440160586974,-0.8399975791518736,-1.0,-0.5459424573304186,-0.8731838093847266
NewMedia2,0.6153440160586974,-0.8399975791518736,-1.0,-0.5459424573304186,-0.8731838093847266
NewMedia2,0.6462068249463557,-0.6682499648093003,1.0,-0.31018736675249414,0.13802465460826396
NewMedia2,0.6451627788929652,-0.6762285634238409,1.0,-0.2944597391690622,0.24697486248950806
NewMedia2,0.6153440160586974,-0.8399975791518736,-1.0,-0.5813575684583322,-0.18922068911780976
NewMedia2,0.6153440160586974,-0.8399975791518736,-1.0,-0.5813575684583322,-0.18922068911780976
NewMedia2,0.6673401052121546,-0.8159869818211987,1.0,-0.10441797759484128,0.3667495454420331
NewMedia12,0.6552225375510488,-0.8332457249250115,1.0,-0.03164779317151689,0.4646886493714575
NewMedia12,0.6552643570752867,-0.8316034922774265,1.0,-0.07830085885992122,0.4464914003744711
NewMedia12,0.6551288041346532,-0.8309465992183924,1.0,-0.11472537680605654,0.3622471236990221
NewMedia12,0.6626692969705359,-0.8213815290647979,-1.0,-0.22423710528696406,0.19270784975068733
NewMedia12,0.6648972681756304,-0.8154286907223716,1.0,-0.23375977035859874,0.14025300344190317
NewMedia12,0.6625279758196627,-0.8086856766712522,1.0,-0.19305729018285722,0.1469109887551434
NewMedia12,0.6647098013428394,-0.8075792946763782,1.0,-0.23624953249450142,0.22425279628384565
NewMedia12,0.6751617982972242,-0.8078118592997628,1.0,-0.20789702862281323,0.25730197159415136
NewMedia12,0.6833728455734756,-0.806980202766431,-1.0,-0.18491830636766127,0.29182178248310664
NewMedia12,0.688469059320274,-0.8062355879634887,1.0,-0.18078940581907632,0.267329541345529
NewMedia12,0.689546272582543,-0.8053576905108873,1.0,-0.17516880830316772,0.1765859139052981
NewMedia12,0.7053497265868347,-0.8049347221022753,1.0,-0.18195705565374498,0.1757731451305493
NewMedia12,0.7049863293417318,-0.804902761466898,1.0,-0.21593987845532148,0.1255317173449617
NewMedia12,0.6988446274889828,-0.8039684228922471,1.0,-0.23389641023286856,0.0636371822584989
NewMedia12,0.7013581251009438,-0.8012721692907255,-1.0,-0.19670660097511194,0.10699946950740724
NewMedia12,0.7053396322189149,-0.7859133839580731,1.0,-0.21418084260355685,0.07195709775294179
NewMedia12,0.7379877021757688,-0.7876875392282798,-1.0,-0.1720039479742329,0.02706818626122187
NewMedia12,0.7364692208301609,-0.7870088857366484,1.0,-0.17475510813047768,0.0714923918403989
NewMedia12,0.7364115387277637,-0.7872394103194771,1.0,-0.18049560308546875,0.09440108692660032
NewMedia12,0.7009269513855241,-0.8169804815719737,-1.0,-0.17381483136722242,0.17478961093010725
NewMedia12,0.6990162317436146,-0.8217208558106135,1.0,-0.16490785584763312,0.1626596668394542
NewMedia12,0.6957687293786485,-0.8247380757929468,-1.0,-0.20427418167972533,0.16872230602377392
NewMedia12,0.6824484898825591,-0.827632213328401,1.0,-0.19029910900540492,0.1746524387029107
NewMedia12,0.6825335709835954,-0.8280300212368221,1.0,-0.18031467676973623,0.20196930794745116
NewMedia12,0.7094739969082393,-0.8240845828015061,1.0,-0.2030336212402094,0.19282262651221882
NewMedia12,0.7078906231974342,-0.8223641485992741,1.0,-0.19871839359034782,0.14900123221718387
NewMedia12,0.7076829676288043,-0.8230339619151629,1.0,-0.18503982404240704,0.18181712142681516
NewMedia12,0.7355520754020441,-0.7851531288442014,1.0,-0.16121263837825217,0.14363938447928937
NewMedia12,0.7363552986779263,-0.7868157618973465,1.0,-0.14380428633344722,0.15328996389197758
NewMedia12,0.7362976165755291,-0.7871686889135356,1.0,-0.1246687630715887,0.2031758636601375
NewMedia12,0.7349060358551949,-0.7893175316325288,1.0,-0.12155034949833454,0.24204599375446456
NewMedia12,0.7343724764080202,-0.7896561783648259,1.0,-0.12534764181450186,0.2408095774208916
NewMedia12,0.706269756120071,-0.8236282937304793,1.0,-0.11257640423799653,0.30045616764125826
NewMedia12,0.7066216169446944,-0.8254153692575408,1.0,-0.15610025478205813,0.2210353143833481
NewMedia12,0.7065639348422972,-0.8251909647963802,1.0,-0.16650648836873327,0.2184010477345355
NewMedia12,0.7007957246025704,-0.8247972369690709,-1.0,-0.17641909015666335,0.23055245414645076
NewMedia12,0.6831161602178077,-0.8264789104007388,1.0,-0.18280497898419334,0.23757156634353427
NewMedia12,0.6442687063058075,-0.8238690185160881,-1.0,-0.13095797783787655,0.23964781263953427
NewMedia12,0.6453113103066381,-0.8245041511425247,1.0,-0.1368070285823073,0.2685594256682833
NewMedia12,0.6464404374610646,-0.8247618762661002,1.0,-0.144358406930288,0.26984809808840704
NewMedia12,0.6486352414572807,-0.8222315459631337,1.0,-0.17333956223932767,0.29751023076194527
NewMedia12,0.664866985071872,-0.8248577581722325,-1.0,-0.14676931759724454,0.29868226013173227
NewMedia12,0.6665714911977112,-0.8258138571794807,1.0,-0.14764370477685973,0.28915112320258896
NewMedia12,0.6666724348769064,-0.8252759664862137,1.0,-0.14766530791903687,0.29229395355087107
NewMedia12,0.6450517408458503,-0.8244395498582512,1.0,-0.13307886632110644,0.2907645298748516
NewMedia12,0.6455391546111073,-0.8195590928347656,-1.0,-0.6103884109943791,-0.3987274709780426
NewMedia12,0.6153440160586974,-0.8399975791518736,-1.0,-0.6103884109943791,-0.3987274709780426
NewMedia12,0.649300027687409,-0.8270032008236323,1.0,-0.20555470793226882,0.23368408676190033
NewMedia12,0.6404097736554302,-0.8067149974941502,-1.0,-0.24920223646529382,0.1518435900677979
NewMedia12,0.6398502572621767,-0.7899655845158202,1.0,-0.2813871377591872,0.184961818063903
NewMedia12,0.6404414988117486,-0.7900444660839858,1.0,-0.2313877453475609,0.18730307737026863
NewMedia12,0.6394262938095567,-0.7897697406224435,1.0,-0.24692364504417175,0.19929025036730907
NewMedia12,0.635705798204933,-0.7868960034925494,1.0,-0.22697098292946716,0.1831972419984036
NewMedia12,0.6363229967005837,-0.7868926034249561,1.0,-0.2272075373363056,0.13467000048056943
NewMedia12,0.6370829583996678,-0.7878725029053577,1.0,-0.258565578363373,0.1447974166830357
NewMedia12,0.6370872845573474,-0.7869674049120097,1.0,-0.24558587046485914,0.11484908022289098
NewMedia12,0.6527407650954062,-0.8296001724514284,1.0,-0.22341078509869272,0.17646833771055848
NewMedia12,0.6528417087746015,-0.8283870283341233,1.0,-0.24398939825797672,0.12682132290948833
NewMedia12,0.6619641332687294,-0.827860017857155,-1.0,-0.29521476898814936,0.13489488828161944
NewMedia12,0.6644459057243719,-0.8284271491317248,1.0,-0.27733708867954854,0.07878211591426454
NewMedia12,0.6626332456565378,-0.828406068712646,1.0,-0.28245433298273237,0.10617363671102065
NewMedia12,0.6629735700606816,-0.8280239011151542,1.0,-0.26223325182647805,0.12521911397005825
NewMedia12,0.6737485867884914,-0.8268379575385959,1.0,-0.23277304683966293,0.16255142208874118
NewMedia12,0.6883522530629198,-0.8263578679944157,1.0,-0.25749838313982765,0.1610275972791375
NewMedia12,0.6890862578159249,-0.8250223214437503,1.0,-0.2226417132371904,0.0971062725500178
NewMedia12,0.709142324819455,-0.8276614539097037,-1.0,-0.2476932569842285,0.12291424729539768
NewMedia12,0.7087933480999515,-0.8259403396939531,1.0,-0.25367246666027565,0.12673080790242697
NewMedia12,0.7081703813940612,-0.8255656522451666,1.0,-0.2383623197994149,0.09846493080034402
NewMedia12,0.7081674972889411,-0.8249985209705969,1.0,-0.2339882235871209,0.12628756431114585
NewMedia12,0.7227322281442514,-0.8054991333227705,1.0,-0.20691354557520403,0.08321641811587899
NewMedia12,0.7400729101774304,-0.7879303040544445,1.0,-0.20751573316338856,0.08413183277492431
NewMedia12,0.7389625297062827,-0.7881173077720786,1.0,-0.27094471890936533,0.06037770885987981
NewMedia12,0.7324992501326688,-0.7920314655855358,1.0,-0.2879582735308851,0.0798496331109495
NewMedia12,0.7330515562631228,-0.792753639942362,1.0,-0.22689753224606535,0.050923089771757635
NewMedia12,0.6674698899425486,-0.7883899931930647,1.0,-0.3127511196503532,0.04104948884682513
NewMedia12,0.668009217599963,-0.787722219917732,1.0,-0.30919416229090524,0.03812128171116291
NewMedia12,0.6684836528921805,-0.7872693309142986,1.0,-0.31607098252440824,0.031329856748337326
NewMedia12,0.7060909416026395,-0.7909992050641967,1.0,-0.3024437204391379,-0.012554058221678654
NewMedia12,0.7049070164509355,-0.7899132234748827,1.0,-0.30429564980226387,0.010730694058809664
NewMedia12,0.7047844419833413,-0.790355912275536,1.0,-0.306980380296314,0.01918218291403262
NewMedia12,0.7039177683948223,-0.790341631991644,1.0,-0.3385177274034509,-0.06906901582659575
NewMedia12,0.7028650700260723,-0.7903191915455279,1.0,-0.33730633120587394,-0.04784837896487204
NewMedia12,0.6994935511409519,-0.8303264268893665,1.0,-0.307384899133579,0.10042733347921495
NewMedia12,0.6997978242310976,-0.8313240067212536,1.0,-0.2704775509597871,0.1028675060922668
NewMedia12,0.7094855333287187,-0.8300190607789283,1.0,-0.2855867885984016,0.0626340520255999
NewMedia12,0.7081631711312615,-0.823497731134895,-1.0,-0.3005275217280353,-0.025508901964315434
NewMedia12,0.7078848549871948,-0.8228047973593715,1.0,-0.29158706133807166,-0.0004894342392142148
NewMedia12,0.7075315521100112,-0.8222988673014819,1.0,-0.2971217863638266,0.07924122296039138
NewMedia12,0.7064254977965438,-0.8217861371084058,1.0,-0.24027905858907184,0.0643230433944808
NewMedia12,0.7071248932881105,-0.833934578619423,-1.0,-0.20836257633672828,0.19714681767431497
NewMedia12,0.7046085115710297,-0.831661973440032,1.0,-0.22400973221555087,0.2094120677033593
NewMedia12,0.6984336425094022,-0.8240335817876059,1.0,-0.18195813581085374,0.2109657531338489
NewMedia12,0.6395661729078703,-0.7873298521174601,1.0,-0.19173679811728617,0.2016483062729233
NewMedia12,0.6395229113310721,-0.7883301520034218,1.0,-0.20192754036074556,0.1514805968951487
NewMedia12,0.6396281811679472,-0.7884654746936369,1.0,-0.19904568119432975,0.20293417925983936
NewMedia12,0.6381212362428186,-0.7838910237535522,-1.0,-0.21659445366328545,0.20416033100498265
NewMedia12,0.7124633718649778,-0.790565356439286,-1.0,-0.1928990471664105,0.12801668088934282
NewMedia12,0.7366264045591933,-0.7878038215399722,1.0,-0.21731329821922607,0.16140552076223003
NewMedia12,0.736950866385178,-0.787945944365374,1.0,-0.23660544426186791,0.08395920106042554
NewMedia12,0.7364245172008028,-0.7856141780098589,-1.0,-0.25147812749364395,0.050414526072288135
NewMedia12,0.733338524722549,-0.7873237319957921,1.0,-0.25526461823872293,0.02652509621885235
NewMedia12,0.7335476223437392,-0.791437813783738,1.0,-0.254337303360774,0.014285041088681005
NewMedia12,0.7279207332548858,-0.7897806208387423,1.0,-0.26067080456852454,-0.050714065425553234
NewMedia12,0.7288768141021205,-0.7900465061245417,1.0,-0.30979040901499133,-0.12670001413713772
NewMedia12,0.7317955284834221,-0.7965739558902432,1.0,-0.2982203061435287,-0.02629927527339937
NewMedia12,0.7135953831245243,-0.8252351656750936,1.0,-0.28246675478948424,-0.031409174022566155
NewMedia12,0.7094062204379223,-0.827648533652849,1.0,-0.27536418172023114,0.07682717839061537
NewMedia12,0.7073426432246601,-0.8275764522198701,1.0,-0.2782762852856949,0.011381095707489353
NewMedia12,0.7227163655660922,-0.8088672402807368,-1.0,-0.2529336391978214,-0.04149833130452174
NewMedia12,0.7385601970420619,-0.7862731111094489,1.0,-0.2332585774600917,0.06579087953992269
NewMedia12,0.7382963014235944,-0.7871238080213034,1.0,-0.2180353832464932,0.03545528815265886
NewMedia12,0.7253135022265291,-0.7874733349698992,1.0,-0.2106222650084454,0.020414866669995035
NewMedia12,0.6905643616898549,-0.7929562839709253,-1.0,-0.22983447942503243,0.03898817286126821
NewMedia12,0.6269035093791098,-0.7880146257307595,1.0,-0.22720375678642457,0.07720790130691557
NewMedia12,0.6288070187582198,-0.7870748470479594,1.0,-0.25367192658172133,0.06389566325804563
NewMedia12,0.6387672757896681,-0.7870435664261006,1.0,-0.2882034691945945,0.06384620660470297
NewMedia12,0.6370353706651901,-0.7872414503600331,1.0,-0.2753393381067276,0.07634474273442104
NewMedia12,0.6366705313675274,-0.786743000450849,1.0,-0.2682475666085632,0.0877738953786491
NewMedia12,0.6385105904340003,-0.7875909773086289,1.0,-0.3312369284112374,-0.4106698530437537
NewMedia12,0.6153440160586974,-0.8399975791518736,-1.0,-0.3312369284112374,-0.4106698530437537
NewMedia12,0.7325958676541844,-0.790575556642066,1.0,-0.2854031618898969,-0.020387805482316446
NewMedia12,0.7328741837982511,-0.789477334809416,1.0,-0.3017610611463438,-0.03666557644295598
NewMedia12,0.7329174453750491,-0.7887674006959259,1.0,-0.29775313819395044,0.0013591248225277575
NewMedia12,0.7377425532405806,-0.7873332521850535,1.0,-0.28045118162436733,0.05705851421948793
NewMedia12,0.7360510255877806,-0.7839488249026391,-1.0,-0.6831153891333495,-0.640187916619815
NewMedia12,0.6153440160586974,-0.8399975791518736,-1.0,-0.6831153891333495,-0.640187916619815
NewMedia12,0.664313236888858,-0.8232134854840915,1.0,-0.22025348586951987,0.14868116368705886
NewMedia12,0.6636498927112895,-0.8246421938868145,1.0,-0.20809685768795072,0.1849123614105599
NewMedia12,0.6979851641632633,-0.8240165814496392,1.0,-0.2458677914702695,0.14275849616314362
NewMedia12,0.6976852172307977,-0.8236534542306702,1.0,-0.24652722738522326,0.13560034545005806
NewMedia12,0.6840116748575251,-0.8239166194623949,1.0,-0.2861706135157358,0.08299526289243975
NewMedia12,0.6854566115225769,-0.8243899088713884,1.0,-0.2900483775365128,0.11048849642908976
NewMedia12,0.6869332733439468,-0.8280307012503408,-1.0,-0.29687605062156297,0.05588461856089566
NewMedia12,0.6153440160586974,-0.8399975791518736,-1.0,-0.5409677937656032,-0.07565514902082826
NewMedia12,0.6153440160586974,-0.8399975791518736,-1.0,-0.5409677937656032,-0.07565514902082826
NewMedia12,0.6698579289817956,-0.7874488544832271,1.0,-0.31834201284576846,-0.0472959574784757
NewMedia12,0.6697757319858793,-0.7906748386157917,-1.0,-0.3327421273424219,-0.029424375878030373
NewMedia12,0.6689826030779169,-0.7895052153636815,1.0,-0.32937797802690394,0.019431332469552753
NewMedia12,0.6691224821762305,-0.789690859054278,1.0,-0.3363206878440469,0.060845214205630604
NewMedia12,0.6655072564084816,-0.7980244247255636,-1.0,-0.3069847009247495,0.05593407521423832
NewMedia12,0.6627659144920512,-0.82753565140875,1.0,-0.24917685277323587,0.13170446756879972
NewMedia12,0.6618256962229758,-0.8255989729075814,1.0,-0.25670662797903954,0.15083486096848264
NewMedia12,0.6637537204956045,-0.8232563263357675,1.0,-0.2305003962826393,0.15730341796797553
NewMedia12,0.6587786391638402,-0.8247700364283241,-1.0,-0.2221734651305034,0.18664147798875663
NewMedia12,0.6446580604969889,-0.8249026390644646,1.0,-0.21278527961892058,0.16186929353036983
NewMedia12,0.6455506910315867,-0.825240605783243,1.0,-0.20784410092447947,0.23167502686289465
NewMedia12,0.6462601808910731,-0.8264571499681413,1.0,-0.18527691852779993,0.1737248931666302
NewMedia12,0.6483208739992157,-0.8251950448774922,1.0,-0.20964310258927166,0.19820033770495948
NewMedia12,0.6626159410258186,-0.8272242052171997,1.0,-0.19328088270438937,0.17247541281141965
NewMedia12,0.6644805149858102,-0.8267896765787703,1.0,-0.1921288951477994,0.17119887126853062
NewMedia12,0.6668800904455365,-0.826004260964708,1.0,-0.2356284421569117,0.21921474965368692
NewMedia12,0.6832863224198795,-0.8250155213085636,1.0,-0.2232611833391167,0.19918573819420704
NewMedia12,0.6836050160356244,-0.8240492220985354,1.0,-0.20117305062021273,0.22635050490110786
NewMedia12,0.6891165409196836,-0.8247503160362828,-1.0,-0.1834903386697595,0.1906026759782038
NewMedia12,0.7064125193235042,-0.8253983689195741,-1.0,-0.1776456085537642,0.2225404763048977
NewMedia12,0.7052285941718004,-0.8231461641457433,1.0,-0.16882072497444767,0.24056695987619037
NewMedia12,0.7053684732701138,-0.821779336973219,-1.0,-0.47579975507437555,-0.057531618431654774
NewMedia12,0.6153440160586974,-0.8399975791518736,-1.0,-0.47579975507437555,-0.057531618431654774
NewMedia12,0.7062812925405506,-0.8251012030119159,1.0,-0.13425569749120014,0.2853606906388355
NewMedia12,0.7050223806557301,-0.8249597602000327,1.0,-0.10782641335182197,0.2790880939639089
NewMedia12,0.704093698807134,-0.8248781585777926,1.0,-0.10336050378527561,0.3153491523082961
NewMedia12,0.6888512032486562,-0.8246415138732958,1.0,-0.10304563798804534,0.3242392190327865
NewMedia12,0.689590976211901,-0.8252188453506456,1.0,-0.11603344706487573,0.3012698695604097
NewMedia12,0.7065740292102167,-0.8255262114610838,1.0,-0.15653447793981645,0.32599166422105075
NewMedia12,0.738154980272721,-0.7936362974895941,-1.0,-0.14917860802853777,0.17044675687995725
NewMedia12,0.7367489790267876,-0.7904551942492617,1.0,-0.11053220690949495,0.19433991931100358
NewMedia12,0.7371354491128492,-0.7904347938437016,1.0,-0.10266434252862089,0.2334946584481532
NewMedia12,0.7367821462356658,-0.7905367958715019,1.0,-0.08771388798500745,0.22681801024685866
NewMedia12,0.735938545488106,-0.7905320357768713,1.0,-0.10171974513693016,0.25425618826374974
NewMedia12,0.7358765372280287,-0.7910842067540302,1.0,-0.10642869005296829,0.22035225268057412
NewMedia12,0.631271486583143,-0.7881506284344932,-1.0,-0.24146129054470977,0.2051541297938544
NewMedia12,0.6285517754551118,-0.7880547465283609,1.0,-0.1773609871555819,0.26836906421013307
NewMedia12,0.6345521561569878,-0.7868354822893879,-1.0,-0.1113034390852149,0.20490964596034789
NewMedia12,0.6382683256039317,-0.7869218440062589,1.0,-0.13091045092508713,0.1881522387767225
NewMedia12,0.6382712097090515,-0.786983045222939,1.0,-0.20616013599178007,0.1805844376708532
NewMedia12,0.6383288918114487,-0.7875868972275168,1.0,-0.19457761131356566,0.23489810762980867
NewMedia12,0.6381197941902588,-0.788083307096145,1.0,-0.2128198446464039,0.24952794557528613
NewMedia12,0.7287628919498859,-0.7928978028083198,-1.0,-0.18676483494524276,0.19576856339153226
NewMedia12,0.7376012320897072,-0.7882478703676629,1.0,-0.20383833828630382,0.2889962212317416
NewMedia12,0.7367489790267876,-0.7876773390254999,1.0,-0.18053934944837735,0.32780383065108754
NewMedia12,0.7361793682656146,-0.7874821751456419,1.0,-0.1651886966959344,0.3212428923557278
NewMedia12,0.7104026787568354,-0.8235745726625046,-1.0,-0.19730176754208895,0.438928264990615
NewMedia12,0.7084486975381279,-0.8279402594523579,1.0,-0.13725853425380719,0.4247146094487404
NewMedia12,0.708529452481484,-0.8282503456168708,1.0,-0.1346872202561863,0.37697867438439325
NewMedia12,0.6961912507787082,-0.8275648919900528,1.0,-0.12940903254378355,0.35279717033291336
NewMedia12,0.6867313859855564,-0.8242464260189493,1.0,-0.10529020446023885,0.3377604814278603
NewMedia12,0.6870125862347432,-0.8286182329304707,1.0,-0.12950840699779786,0.3615957889059396
NewMedia12,0.6861271659629451,-0.8279130589116112,1.0,-0.1304254603832128,0.3766754024535166
NewMedia12,0.6823547564661636,-0.8260831425328736,-1.0,-0.07282446231804418,0.4227438084702453
NewMedia12,0.666829618605939,-0.8281476635755519,1.0,-0.028710845992549583,0.4378990067144408
NewMedia12,0.6668656699199371,-0.8278892584384577,1.0,-0.03962205302761279,0.4868293666142396
NewMedia12,0.6668425970789784,-0.8284366693209861,1.0,-0.04628500215356324,0.5186589221902207
NewMedia12,0.6667373272421033,-0.8282000246164893,1.0,-0.030470962001423185,0.5256920315533449
NewMedia12,0.648075725064027,-0.8271942846223783,1.0,-0.06538380007372069,0.461127770330767
NewMedia12,0.6490923721187791,-0.8260627421273135,1.0,-0.039159205706470024,0.47157432191895565
NewMedia12,0.6484506587296095,-0.8256717343540789,1.0,-0.06564897864394392,0.4863068057487294
NewMedia12,0.639061454511894,-0.8026015957197229,-1.0,-0.1062158991025246,0.4319147516599473
NewMedia12,0.638451466279043,-0.7864764351515308,1.0,-0.11178734946998048,0.4034174547459959
NewMedia12,0.6390354975658152,-0.7865587167872897,1.0,-0.141082830497696,0.3919463106036465
NewMedia12,0.6391205786668512,-0.786621958044526,1.0,-0.1346224108296552,0.35714189067186886
NewMedia12,0.6396152026949078,-0.7869082437358854,1.0,-0.1373676301218013,0.3661877925116097
NewMedia12,0.6378155211001131,-0.7906734785887544,1.0,-0.14554171904303492,0.3706090306915859
NewMedia12,0.6404342885489491,-0.7902566303018104,1.0,-0.25358605409156754,0.20685431889556782
NewMedia12,0.7366163101912739,-0.7864070737726266,1.0,-0.1846326048123701,0.23348439385972353
NewMedia12,0.7349781384831915,-0.7854278543057436,1.0,-0.20570160929907266,0.24114177682825155
NewMedia12,0.7338187282250064,-0.7857447406054432,1.0,-0.2241631145250077,0.18871119227393773
NewMedia12,0.7235484298931727,-0.788190069218576,1.0,-0.18361671705149518,0.1964077673073794
NewMedia12,0.7232758819593457,-0.7898452221230158,1.0,-0.2362133472313549,0.14716667032148245
NewMedia12,0.703524088045961,-0.7906476380750449,1.0,-0.2183491688866146,0.21057009990710562
NewMedia12,0.7036437784084355,-0.7904878348981578,1.0,-0.21023772907769445,0.193907873452555
NewMedia12,0.7056020857848226,-0.7881084675963358,-1.0,-0.24367615269640974,0.11712128684345746
NewMedia12,0.6153440160586974,-0.8399975791518736,-1.0,-0.5711268604018453,-0.788196749764731
NewMedia12,0.6991820677880067,-0.7902790707479265,-1.0,-0.1297687248610312,0.24947195691112412
NewMedia12,0.697866915853349,-0.7898737826907999,1.0,-0.1499622620110096,0.30969896294996824
NewMedia12,0.7056107381001822,-0.792074306437212,-1.0,-0.14430007844641013,0.31850224724500786
NewMedia12,0.7053367481137953,-0.7900866269221433,1.0,-0.1141021261542493,0.31649971935682086
NewMedia12,0.7071623866546688,-0.8259723003293306,1.0,-0.09599005175302755,0.4027978468626052
NewMedia12,0.7071018204471518,-0.8235976931221393,1.0,-0.09381191494302843,0.4352059519682583
NewMedia12,0.707390230959138,-0.8229210796710639,1.0,-0.12363181224709141,0.363096285105476
NewMedia12,0.7073988832744977,-0.8227973172106662,1.0,-0.12491773928517913,0.39134629875271276
NewMedia12,0.7077709328349602,-0.823181524848714,1.0,-0.12332396747106866,0.40907230982633735
NewMedia12,0.6153440160586974,-0.8399975791518736,-1.0,-0.9114119948746545,-0.5538431318938959
NewMedia12,0.6153440160586974,-0.8399975791518736,-1.0,-0.9114119948746545,-0.5538431318938959
NewMedia12,0.6407616344800535,-0.6846430507038479,1.0,-0.29217088625540577,0.05929806078595945
NewMedia12,0.6435173969220831,-0.6928718942932586,1.0,-0.20067887874291324,0.21463674321405724
NewMedia12,0.6153440160586974,-0.8399975791518736,-1.0,-0.8633860495008999,-0.6185669608093347
NewMedia12,0.6438606054313467,-0.8320121804021464,-1.0,-0.023536893441151174,0.495735296793576
NewMedia12,0.6710490643962992,-0.8245163913858607,1.0,-0.022837491713169733,0.5063927390167737
NewMedia4,0.671304307699407,-0.8242205855052398,1.0,-0.01948414396874032,0.5394624435039388
NewMedia4,0.6713345908031656,-0.8239166194623949,1.0,-0.03087224036736147,0.5165686787281802
NewMedia4,0.671390830853003,-0.8234100093909866,1.0,-0.07507604981144522,0.4556586109865626
NewMedia4,0.6472984587342241,-0.8301890641585955,1.0,-0.07044865675712542,0.39895702450110626
NewMedia4,0.647193188897349,-0.8326731535422924,1.0,-0.13084942204843697,0.3641470057029119
NewMedia4,0.6497023603516301,-0.8352177641291509,1.0,-0.1123889969796108,0.3939619025134711
NewMedia4,0.6505156779954315,-0.8359242981750478,1.0,-0.14417694053600094,0.32195394839058267
NewMedia4,0.6468312337048059,-0.8345710712728969,-1.0,-0.15586154006100195,0.3074360877734288
NewMedia4,0.6456026049237442,-0.8354754892527263,1.0,-0.14884321924623933,0.33627118296115643
NewMedia4,0.6474195911492582,-0.829188084259115,1.0,-0.11090162064072218,0.3875036101024081
NewMedia4,0.6479473823861932,-0.8304780699040297,1.0,-0.13928274867579493,0.44113608464739507
NewMedia4,0.6525230151588566,-0.8310125605297033,1.0,-0.1422126748335546,0.3822490739708235
NewMedia4,0.6616079462864262,-0.830456989484951,-1.0,-0.12676102739143413,0.3845828681219676
NewMedia4,0.6615315175007499,-0.8316218526424305,1.0,-0.10988195232996645,0.3858668748200782
NewMedia4,0.6623289725663921,-0.831692574048372,1.0,-0.1059069741693931,0.41483540965739163
NewMedia4,0.672573313952147,-0.8301237828608032,1.0,-0.10279180106746533,0.44441235464526274
NewMedia4,0.673393841858748,-0.8307813559333559,1.0,-0.10143404358163899,0.4293728663070018
NewMedia4,0.677219607300247,-0.8327431949347153,-1.0,-0.11900927989976151,0.35760473029560624
NewMedia4,0.6851523384324312,-0.832862877314001,1.0,-0.16160851595864623,0.33612841186754405
NewMedia4,0.6855056413096143,-0.8335292905622964,1.0,-0.17171338571195194,0.31258891116511967
NewMedia4,0.7049560462379734,-0.8294934103289974,1.0,-0.18559286448213896,0.28428664143133164
NewMedia4,0.7040807203340946,-0.8311975242067813,1.0,-0.18327754771931581,0.2604839940073469
NewMedia4,0.6870904570729792,-0.8272962866501786,-1.0,-0.1609398987082672,0.27067486402919627
NewMedia4,0.6582926674511431,-0.8281728240757427,-1.0,-0.14938113748644744,0.23414692638563794
NewMedia4,0.6512266099074779,-0.8284597897806208,1.0,-0.14415479731526948,0.23781698332144363
NewMedia4,0.6602956784568883,-0.8240145414090831,1.0,-0.14996172193245516,0.2472520063771091
NewMedia4,0.6596424286472393,-0.8265088309955602,1.0,-0.13591049818196055,0.30024621015065156
NewMedia4,0.6689494358690384,-0.8260899426680602,1.0,-0.13099470317957762,0.320581292974216
NewMedia4,0.6683005122170693,-0.8259913407078533,1.0,-0.1207823577939412,0.3203788006388306
NewMedia4,0.6691570914376688,-0.8258424177472649,1.0,-0.12494474321290039,0.34968046802790664
NewMedia4,0.6698651392445953,-0.7998570611583758,1.0,-0.23944733761525627,0.2331512613079605
NewMedia4,0.6686624674096122,-0.8020208641747798,1.0,-0.22819102038391492,0.15460196492216904
NewMedia4,0.669191700699107,-0.8017488587673123,1.0,-0.23696459650056112,0.2444665703350597
NewMedia4,0.6776752959091854,-0.8043009495028761,-1.0,-0.2299867815773804,0.1851848395761473
NewMedia4,0.6778584365842966,-0.8040541045955993,1.0,-0.2281159494648497,0.14977107634940867
NewMedia4,0.669674788306684,-0.8038786611077828,1.0,-0.2044329647747265,0.2648165834690672
NewMedia4,0.6697512170923607,-0.804719837830376,1.0,-0.23284217689462927,0.2808769317838784
NewMedia4,0.67483012620844,-0.8013952517376045,1.0,-0.2238979359547847,0.19572470560460542
NewMedia4,0.6153440160586974,-0.8399975791518736,-1.0,-0.2718488104094742,-0.6874320845839412
NewMedia4,0.6540962945017419,-0.8209014395206177,-1.0,-0.11515959996381475,0.36133730790639285
NewMedia4,0.6511876744883598,-0.8300333410628203,1.0,-0.11734097724514037,0.3486652069177729
NewMedia4,0.6513232274289933,-0.8311682836254785,1.0,-0.13763604916335082,0.3505277631455552
NewMedia4,0.6519332156618443,-0.8307269548518624,1.0,-0.10544466692680443,0.36679060379575157
NewMedia4,0.6600577397844996,-0.8307609555277959,1.0,-0.1876640657383617,0.3248317657284989
NewMedia4,0.6584743660736947,-0.8338325765916226,1.0,-0.16196334756890396,0.293697402732527
NewMedia4,0.6566256546918623,-0.8329437989227226,-1.0,-0.18013267029689484,0.2928986311238184
NewMedia4,0.6574923282803811,-0.8321733436060709,1.0,-0.20470246397338487,0.2572767766952784
NewMedia4,0.6580994324081124,-0.8324929499598452,1.0,-0.20779495377602686,0.21506878907250604
NewMedia4,0.6724738123255116,-0.8311553633686237,1.0,-0.19515009458125698,0.26906518993454487
NewMedia4,0.6733433700191505,-0.8304807899581044,1.0,-0.1805112653635471,0.2700739190338597
NewMedia4,0.6716518423663507,-0.8329682794093947,-1.0,-0.18567117587253057,0.2589984281182538
NewMedia4,0.6701549918091414,-0.8304359090658722,1.0,-0.19736009602596705,0.24171192805829933
NewMedia4,0.6777315359590226,-0.8339005779434895,1.0,-0.19156775352975097,0.21677830961824607
NewMedia4,0.6856137952516093,-0.8298150567233277,1.0,-0.20187515274096635,0.23835634078620238
NewMedia4,0.6843015274220714,-0.8305039104177391,1.0,-0.20567514544990562,0.24994599426769404
NewMedia4,0.6825552017719942,-0.8310703616787902,1.0,-0.2120572537275548,0.22919846161813773
NewMedia4,0.6821110495835352,-0.8316062123315011,1.0,-0.18614050413632666,0.20190865356127574
NewMedia4,0.6818284072817886,-0.8318394569684046,1.0,-0.20080471704609437,0.22870202879590318
NewMedia4,0.6931961076117303,-0.8335150102784044,1.0,-0.20851865903895717,0.21979143289455338
NewMedia4,0.6961422209916708,-0.8326296326770977,1.0,-0.2358136891010798,0.2289857046943231
NewMedia4,0.6970910915761057,-0.8303264268893665,1.0,-0.2300845357957314,0.21609898049308285
NewMedia4,0.6969670750559516,-0.8299626196568788,1.0,-0.18061604060310577,0.23476840055783388
NewMedia4,0.6956230820700953,-0.8306201927294314,1.0,-0.16225769038106597,0.1878415016906243
NewMedia4,0.6153440160586974,-0.8399975791518736,-1.0,-0.5026232965584844,0.12467695707209159
NewMedia4,0.6153440160586974,-0.8399975791518736,-1.0,-0.5026232965584844,0.12467695707209159
NewMedia4,0.6541957961283773,-0.8258417377337461,1.0,-0.1996802734957801,0.1370943096387751
NewMedia4,0.6536593525760828,-0.8262776263992128,1.0,-0.2139966758164975,0.16311410816356742
NewMedia4,0.6525806972612538,-0.825877098436717,1.0,-0.20007723123328292,0.20083647064257737
NewMedia4,0.6502070787476062,-0.825673774394635,1.0,-0.22236465293876995,0.15683404633341902
NewMedia4,0.6560949793498074,-0.8262755863586568,1.0,-0.2567903401549757,0.20964908638164426
NewMedia4,0.6571073002468795,-0.8259893006672973,1.0,-0.2711526491528192,0.22632904257984565
NewMedia4,0.6653991024664869,-0.827435009407987,1.0,-0.2798738376496862,0.15941325746247248
NewMedia4,0.6649289933319489,-0.8283101868065137,1.0,-0.27046512915303544,0.18632700832504767
NewMedia4,0.6651813525299368,-0.8283883883611606,1.0,-0.2436675114395388,0.19550914924758245
NewMedia4,0.6773061304538428,-0.8309581594482098,1.0,-0.23369928156050312,0.18879144269256964
NewMedia4,0.6760313559908633,-0.8286270731062133,1.0,-0.2286311844057719,0.19480835780115724
NewMedia4,0.6837694100274567,-0.8275927725443182,1.0,-0.2415250198141321,0.1584250575400168
NewMedia4,0.684202025795436,-0.8279878603986647,1.0,-0.2480102830956763,0.17151054149903122
NewMedia4,0.6978178860663113,-0.8240206615307513,1.0,-0.24255008891043206,0.15922382914872513
NewMedia4,0.6984048014582034,-0.8243110273032228,1.0,-0.26489367878557935,0.17539055592544384
NewMedia4,0.6939185759442561,-0.8283992685774593,1.0,-0.22070067091258427,0.13693754137912206
NewMedia4,0.6928875083639048,-0.8305671516749753,1.0,-0.2101167514815031,0.17925657318581578
NewMedia4,0.6923525068641703,-0.8285787921463879,1.0,-0.20531761344687594,0.1695313422209117
NewMedia4,0.6520745368127177,-0.8326228325419109,1.0,-0.14846570433669593,0.19389014370890378
NewMedia4,0.6542188689693362,-0.8314817698575847,1.0,-0.17258021179180527,0.20421818595794972
NewMedia4,0.6561887127662027,-0.8382417842466708,1.0,-0.15305961252064115,0.22097186056396478
NewMedia4,0.6646708659237213,-0.8326357527987657,1.0,-0.19175138023825566,0.2540863559824589
NewMedia4,0.6640031955884727,-0.8320897019432747,1.0,-0.16814778709563305,0.2180763134823971
NewMedia4,0.7030309060704645,-0.8285835522410185,-1.0,-0.19625779569638402,0.2006946326933674
NewMedia4,0.7041672434876907,-0.8293553675847076,1.0,-0.18547728767149185,0.22436197417896153
NewMedia4,0.7029270782861494,-0.8302380251319397,1.0,-0.16980690841482893,0.15340474065350929
NewMedia4,0.6973607554048129,-0.8277348953697199,1.0,-0.1770407205728074,0.1538871763097034
NewMedia4,0.6659499665443807,-0.8253188073378899,-1.0,-0.1755176990493268,0.20156712270988897
NewMedia4,0.6492481137952517,-0.8209891612645259,1.0,-0.19830253310344004,0.2391289843516351
NewMedia4,0.6486597563507996,-0.8211482844278944,1.0,-0.18243934580284715,0.18340440005580239
NewMedia4,0.6539030594587112,-0.8223519083559381,1.0,-0.19144569577645076,0.19049723066069912
NewMedia4,0.657353891234628,-0.8222390261118391,1.0,-0.17416048164205478,0.20376467777823937
NewMedia4,0.6627082323896543,-0.8245048311560434,1.0,-0.1827363890077811,0.1973418448544786
NewMedia4,0.6628293648046886,-0.8238105373534825,1.0,-0.20305360414672313,0.1908816861546101
NewMedia4,0.6626447820770174,-0.82232538782871,1.0,-0.2020598596065798,0.22159893360257654
NewMedia4,0.6685139359959391,-0.8242491460730239,-1.0,-0.16908050275912634,0.21442491943464526
NewMedia4,0.6758352368427125,-0.8247557561444322,1.0,-0.18951491494437878,0.23081840030121903
NewMedia4,0.6812530283103759,-0.8240709825311328,1.0,-0.2003191864256657,0.20598742774546275
NewMedia4,0.682749878867585,-0.8248835986859419,1.0,-0.19091911918588567,0.16133926750963834
NewMedia4,0.6503080224268014,-0.8203268280973426,1.0,-0.20353373398160768,0.19840283004034442
NewMedia4,0.6509814609722895,-0.8202615467995504,1.0,-0.19884261165786565,0.1907454470718164
NewMedia4,0.6508560023995753,-0.8163018280803422,1.0,-0.23222918773535628,0.15635161067722492
NewMedia4,0.6507161233012622,-0.8119055406821487,1.0,-0.2613151182839544,0.13439285659296862
NewMedia4,0.6496446782492329,-0.8128072386079035,1.0,-0.22933490676218848,0.10296548625454971
NewMedia4,0.6508819593456543,-0.8075718145276728,1.0,-0.23165508423200154,0.15157577762422392
NewMedia4,0.6507247756166217,-0.8077180174341866,1.0,-0.24428536130580192,0.13156076333078426
NewMedia4,0.6616944694400222,-0.8118776601278833,1.0,-0.23625925390848113,0.16229107480038896
NewMedia4,0.662689485706375,-0.8094540919473479,1.0,-0.2572618287329893,0.14470316909836334
NewMedia4,0.6625856579220599,-0.8119633418312356,1.0,-0.25966193782885716,0.09360884732871111
NewMedia4,0.6715855079485937,-0.8093684102439956,1.0,-0.2525129180039237,0.0997815975525489
NewMedia4,0.6722301054428832,-0.8092908887028674,1.0,-0.26815575325431085,0.08627713175672369
NewMedia4,0.6887142082554625,-0.808062104274633,1.0,-0.27782802008552143,0.07439167149957715
NewMedia4,0.6891006783415241,-0.8087257974688536,1.0,-0.3046796456544604,0.050770987234118214
NewMedia4,0.68750144205256,-0.8083953108987807,1.0,-0.2746075316654808,0.04217486099647694
NewMedia4,0.6840794513278419,-0.8071196055377581,1.0,-0.48566915057795157,-0.2602982982712101
NewMedia4,0.6332182575390508,-0.8325310307168907,-1.0,-0.19913641439147323,0.15832241165572003
NewMedia4,0.6531214669712282,-0.8177624971184427,1.0,-0.20988559786020877,0.11374703668330621
NewMedia4,0.6526830829930088,-0.8175761734143274,1.0,-0.23025412046182125,0.15285791803352877
NewMedia4,0.6502647608500036,-0.8216256539179999,1.0,-0.23597517258885314,0.15968480248365724
NewMedia4,0.6504767425763134,-0.8189919615601958,1.0,-0.2566672022445664,0.11266178974297003
NewMedia4,0.6508012044022979,-0.8194523307123346,1.0,-0.2831569751820403,0.10648250750831334
NewMedia4,0.650524330310791,-0.8194373704149238,1.0,-0.26303580855835484,0.10900013110678874
NewMedia4,0.655382605385201,-0.8186764352875335,-1.0,-0.24681670949039547,0.10780477312693448
NewMedia4,0.6610224729470942,-0.8193217681167502,1.0,-0.2324749234776199,0.1496115086565475
NewMedia4,0.6632273713112298,-0.8197433764983248,1.0,-0.21715181473145273,0.11177810199361637
NewMedia4,0.6709019750351861,-0.8210313221026834,1.0,-0.2439353904025341,0.10939018546711599
NewMedia4,0.6800791975265914,-0.8193163280086008,1.0,-0.2488101394347808,0.1455737928260794
NewMedia4,0.6802983895157011,-0.8204240700305122,1.0,-0.2216323064189687,0.13278411564271964
NewMedia4,0.6802681064119425,-0.8208075976550414,1.0,-0.2450830573306888,0.13414837275946212
NewMedia4,0.6507478484575806,-0.8164289906083333,-1.0,-0.23035943577993434,0.08298779773721843
NewMedia4,0.6499518354444984,-0.8144793918503099,1.0,-0.21564229517183275,0.0833918492635859
NewMedia4,0.6500686417018529,-0.8147513972577775,1.0,-0.2235258218307853,0.12011854666491883
NewMedia4,0.6624991347684641,-0.8156150144264868,1.0,-0.24039139492839234,0.0639096604240863
NewMedia4,0.6623563715650309,-0.8158985800637717,1.0,-0.2549616341696901,0.07713418289910234
NewMedia4,0.6613253039846798,-0.8159339407667424,1.0,-0.26844847583080966,0.06636569649198365
NewMedia4,0.6605307330241572,-0.816109384254559,1.0,-0.24805024890870375,0.11704010328042247
NewMedia4,0.6745460418541334,-0.8174265704402204,1.0,-0.24367831301062748,0.14787586006753206
NewMedia4,0.6743340601278236,-0.8176910956989825,1.0,-0.24741997723568898,0.07308900191341272
NewMedia4,0.6741956230820703,-0.8177781374293721,1.0,-0.2531415694412753,0.07863934482065216
NewMedia4,0.68496919775732,-0.8186478747197494,1.0,-0.22031127427484332,0.10221430501037898
NewMedia4,0.6849043053921229,-0.8180712232559183,1.0,-0.2402947208671502,0.15511332805484668
NewMedia4,0.6838617013912922,-0.8173347686152,1.0,-0.24701437824131534,0.10576585260704241
NewMedia4,0.6847673103989294,-0.8170138022343885,1.0,-0.2157584120610343,0.03520147287512554
NewMedia4,0.6964205371357375,-0.8144385910391898,1.0,-0.2119049515752065,0.09721078472311984
NewMedia4,0.696873341639556,-0.8151315248147133,1.0,-0.2128457684170163,0.07578298980399789
NewMedia4,0.7103738377056366,-0.8174320105483697,1.0,-0.19973158095845056,0.10950216279543934
NewMedia4,0.7105310214346694,-0.8173504089261294,1.0,-0.19427732763730476,0.06224119823206453
NewMedia4,0.7116067926443783,-0.8167336366646969,1.0,-0.20089977087167332,0.07694755401856312
NewMedia4,0.7194385800973675,-0.8135375731269537,1.0,-0.1994042933544684,0.06150401415393425
NewMedia4,0.6514818532105859,-0.8136178147221567,1.0,-0.21521995374227199,0.06421106606615723
NewMedia4,0.6504767425763134,-0.8128983604194051,1.0,-0.21343121357001382,0.054613675884422674
NewMedia4,0.6500109595994554,-0.8131907662324327,1.0,-0.2201438499229713,0.04127344350347206
NewMedia4,0.6153440160586974,-0.8399975791518736,-1.0,-0.854584929377978,-0.16194301193818272
NewMedia4,0.6153440160586974,-0.8399975791518736,-1.0,-0.854584929377978,-0.16194301193818272
NewMedia4,0.6578326526845251,-0.8306365130538795,1.0,-0.18152067218176893,0.173270451842517
NewMedia4,0.6584844604416142,-0.8296328131003244,1.0,-0.1882786751332982,0.1529512324737985
NewMedia4,0.6578470732101243,-0.8294498894638025,1.0,-0.1805776950257414,0.2023864234954562
NewMedia4,0.6517183498304147,-0.8316374929533599,1.0,-0.16384498125252323,0.18218851289908855
NewMedia4,0.653317586119379,-0.8344955897723247,-1.0,-0.219258121093713,0.18189457241223894
NewMedia4,0.6620146051083269,-0.8305202307421872,1.0,-0.2153992598223412,0.14533584100339159
NewMedia4,0.6630110634272399,-0.8305855120399793,1.0,-0.23293561048454503,0.16339685091758427
NewMedia4,0.6636513347638495,-0.8311288428413957,1.0,-0.23550260385373045,0.19981187808841638
NewMedia4,0.6733750951754689,-0.8314702096277674,1.0,-0.2429475867264893,0.19350195563738226
NewMedia4,0.6513823515839505,-0.8282523856574269,-1.0,-0.20434763236312714,0.15707293130050948
NewMedia4,0.6528748759834799,-0.829806216547585,1.0,-0.19075277499112253,0.17953465021781945
NewMedia4,0.654517373849242,-0.8297422952768301,1.0,-0.18700300958774452,0.21838518427968956
NewMedia4,0.6621415057336009,-0.8271065628784701,1.0,-0.16659830172298562,0.2390533996550166
NewMedia4,0.6682500403774718,-0.8247135953062747,1.0,-0.16629747796817052,0.2777480986016365
NewMedia4,0.6754055051798526,-0.8261769843984499,-1.0,-0.13048378886709078,0.2833236364077487
NewMedia4,0.67969128538797,-0.8268964387012014,1.0,-0.1618353489515051,0.2591197368906044
NewMedia4,0.6795110288179784,-0.8271691241221876,1.0,-0.14900308249834948,0.24728839900881416
NewMedia4,0.6979967005837429,-0.8264115890623905,1.0,-0.1396251584793008,0.20896509153446763
NewMedia4,0.6968646893241965,-0.8256934947866763,1.0,-0.15337285808220813,0.17683786289402614
NewMedia4,0.696853152903717,-0.8257540159898379,1.0,-0.1516138222304435,0.16167706578341456
NewMedia4,0.6952683371403521,-0.8246156733595864,1.0,-0.1589475489209906,0.16567279011576153
NewMedia4,0.6658418126023857,-0.8145106724721687,-1.0,-0.22255422051137352,0.14302724175112025
NewMedia4,0.6534185297985742,-0.8112602078529321,1.0,-0.22330276938780746,0.09816912402468914
NewMedia4,0.6532743245425809,-0.8114866523546488,1.0,-0.2205613306455424,0.15350552024900033
NewMedia4,0.6494139498396438,-0.7939402635324391,1.0,-0.21231811166934234,0.15354097973630276
NewMedia4,0.6541698391822985,-0.806212467503854,1.0,-0.21789442274378812,0.1279168344382542
NewMedia4,0.6614868138713919,-0.8037236180255263,-1.0,-0.26461283793727797,0.23320258425010887
NewMedia4,0.6691527652799889,-0.8035753750784566,1.0,-0.19097636751265468,0.21524422022021295
NewMedia4,0.669888212085554,-0.8042642287728681,1.0,-0.1690767222092453,0.1701901421692158
NewMedia4,0.6772080708797674,-0.8059350219882371,1.0,-0.24642191206711028,0.178668692212117
NewMedia4,0.6772253755104864,-0.8053114495916178,1.0,-0.24038059335730388,0.17593644540102127
NewMedia4,0.6756881474815994,-0.8048776009667072,1.0,-0.2310075300452452,0.17063245261609383
NewMedia4,0.6573351445513487,-0.7887109595738764,1.0,-0.12531145655135534,0.1626036781752922
NewMedia4,0.656608350061143,-0.7894079734305118,1.0,-0.19979531022787267,0.1555313767472548
NewMedia4,0.6639714704321544,-0.7921246274375935,-1.0,-0.21293650161415978,0.16557387680907576
NewMedia4,0.6647732516554763,-0.7915806166226584,1.0,-0.21495315493638556,0.18299195022981052
NewMedia4,0.6784338155557095,-0.7912474099985107,1.0,-0.19925577175200138,0.17782139709446843
NewMedia4,0.679666770494451,-0.7904388739248136,1.0,-0.23272443976976454,0.15300162227154424
NewMedia4,0.6972583696730579,-0.7888768828724315,1.0,-0.24883444296973,0.09124425941227754
NewMedia4,0.7020950139590689,-0.7912759705662948,1.0,-0.2568211246325779,0.07278479683813388
NewMedia4,0.7047123393553449,-0.7902273897205077,1.0,-0.2304777129833535,0.03714614581034503
NewMedia4,0.7181565953715883,-0.7908128813600814,1.0,-0.24798003869662844,0.052152974094511695
NewMedia4,0.7173822131469048,-0.7902797507614452,1.0,-0.2740679931896095,0.0008458954010444053
NewMedia4,0.6499071318151404,-0.7815354569248837,1.0,-0.28099774112144615,0.03201571788431923
NewMedia4,0.6512842920098754,-0.781113848543309,1.0,-0.2822874487094148,-0.030254874396430376
NewMedia4,0.6443436930389239,-0.7803998343487069,1.0,-0.2472266291132046,-0.018155724071066137
NewMedia4,0.6429232712673911,-0.7802638316449731,1.0,-0.2677064078970286,0.005924067240519415
NewMedia4,0.6390455919337348,-0.7782061107374815,1.0,-0.2736877778872938,0.0708307924588869
NewMedia4,0.6153440160586974,-0.8399975791518736,-1.0,-0.29430797709526857,-0.10195582401083181
NewMedia4,0.6153440160586974,-0.8399975791518736,-1.0,-0.29430797709526857,-0.10195582401083181
NewMedia4,0.6413745068180245,-0.7829383248138972,1.0,-0.2541342338243099,0.0852954638450869
NewMedia4,0.6411091691469972,-0.7797551815330088,1.0,-0.225881104406636,0.14867369853183754
NewMedia4,0.6410601393599595,-0.7797225408841127,1.0,-0.2023525821830786,0.17250993915431945
NewMedia4,0.6403434392376735,-0.778917404878009,1.0,-0.22543499952068036,0.20089619188434993
NewMedia4,0.6377160194734777,-0.7769385655386829,1.0,-0.23708071338976267,0.1605106352800436
NewMedia4,0.6391508617706096,-0.7773520137580335,1.0,-0.24844990703897885,0.07126190517293285
NewMedia4,0.6395546364873907,-0.7775573778406715,1.0,-0.24331862069337995,0.05378504365482817
NewMedia4,0.6400333979372881,-0.7774662560291699,1.0,-0.2530654183651013,0.03608796005768711
NewMedia4,0.6461087653722803,-0.7789826861758011,1.0,-0.24699223502058376,0.058816558274167985
NewMedia4,0.6446998800212269,-0.7787807221607566,1.0,-0.2374539076708707,0.09250027177830744
NewMedia4,0.6432736900394547,-0.778714080835927,1.0,-0.22613008062022621,0.1084673056528489
NewMedia4,0.6431366950462609,-0.7785569977131146,1.0,-0.24248473940534654,0.1018942364802542
NewMedia4,0.6425368011813295,-0.7770412475800019,1.0,-0.23799614653951418,0.10115052039130501
NewMedia4,0.642715615698761,-0.7774669360426885,1.0,-0.20658787820688518,0.12442407493896068
NewMedia4,0.6428482845342747,-0.7777505016799734,1.0,-0.20997579097879793,0.1468997910223111
NewMedia4,0.6415403428624169,-0.7779640259248354,1.0,-0.22176462566480304,0.18933733216814708
NewMedia4,0.6394911861747539,-0.7791261690282403,1.0,-0.20457068480610496,0.17724937957561537
NewMedia4,0.6420839966775109,-0.7796803800459553,1.0,-0.21139673765549194,0.1681101632956048
NewMedia4,0.6424300892918946,-0.7799326650613814,1.0,-0.232296157476105,0.15208900704570705
NewMedia4,0.5731106227359775,-0.7357426665642113,-1.0,-0.9156748349047369,-0.6347346207304561
NewMedia4,0.6497802311898664,-0.7865070357598709,-1.0,-0.9156748349047369,0.24001267210098876
NewMedia4,0.639844489051937,-0.779157449650099,-1.0,-0.22183645611254155,0.19173084756106418
NewMedia4,0.6415389008098566,-0.7794410152873839,1.0,-0.22437536539689706,0.19673530099272574
NewMedia4,0.642484887289172,-0.778722240998151,1.0,-0.20226346922159832,0.2169733367984097
NewMedia4,0.6425324750236496,-0.7787630418092711,1.0,-0.2228836684295732,0.17629943857367025
NewMedia4,0.6431092960476223,-0.7784223550364181,1.0,-0.27021345254667295,0.11240890760983935
NewMedia4,0.643139579151381,-0.7788453234450301,1.0,-0.25573016595263776,0.09068623905946538
NewMedia4,0.6396079924321083,-0.7764897566163615,1.0,-0.2620015581266296,0.12679986058822634
NewMedia4,0.6401444359844026,-0.7768970847140442,1.0,-0.24450031257046345,0.06765343576770522
NewMedia4,0.6449363766410556,-0.7784447954825342,1.0,-0.262097152030763,0.07649311269444992
NewMedia4,0.6470561939041555,-0.777515217002514,1.0,-0.24851147599418333,0.11764291456456455
NewMedia4,0.6426377448605247,-0.7802930722262759,1.0,-0.24780937387343005,0.14094166401109343
NewMedia4,0.6419441175791976,-0.7787514815794538,1.0,-0.24905965572692546,0.16952201077688467
NewMedia4,0.6428079070625967,-0.7791656098123231,1.0,-0.22545444234863965,0.14978600665985176
NewMedia4,0.6432881105650539,-0.7790690478926721,1.0,-0.2386939280318322,0.18467161015466393
NewMedia4,0.668010659652523,-0.8039160618513096,-1.0,-0.24951710226252422,0.1686999105581093
NewMedia4,0.6704188874276089,-0.804492033301622,1.0,-0.25334409889918497,0.17356812490697715
NewMedia4,0.6702876606446553,-0.8051910871988135,1.0,-0.24161143238284022,0.19744075816116458
NewMedia4,0.6654582266214439,-0.806432111870384,-1.0,-0.23984375527420465,0.17357465691779606
NewMedia4,0.6545361205325211,-0.8081287455994626,1.0,-0.21778424671868513,0.15247532882842352
NewMedia4,0.6534964006368105,-0.8086550760629121,-1.0,-0.23935768457522144,0.13346251162348022
NewMedia4,0.6582883412934635,-0.806982242806987,1.0,-0.24615835373255046,0.074072536113855
NewMedia4,0.6605379432869569,-0.8091773264452498,1.0,-0.2603516181428589,0.07841445701960215
NewMedia4,0.6751070002999469,-0.8073134093905787,1.0,-0.29286758759061515,0.03796451345150986
NewMedia4,0.6737269560000922,-0.8079832227064674,1.0,-0.2827605575230918,0.03235444930249809
NewMedia4,0.69045764980042,-0.8108494796876562,-1.0,-0.2862435241205834,0.04391144272989522
NewMedia4,0.6907157772086476,-0.8129446013386746,1.0,-0.31623894695483457,0.040029562014677555
NewMedia4,0.6840751251701622,-0.8089624421733504,1.0,-0.3202965571342353,0.058758703321201144
NewMedia4,0.6819163724879445,-0.8087305575634843,1.0,-0.2851401436338915,0.09901735228674036
NewMedia4,0.6523312221683855,-0.8116532556667226,1.0,-0.26724572089010346,0.03820433156300318
NewMedia4,0.6539246902471103,-0.8131866861513206,1.0,-0.24115506600435044,0.12427477183452917
NewMedia4,0.6511862324357998,-0.8161454249710485,1.0,-0.23093731983316979,0.15182679346854933
NewMedia4,0.6459256246971692,-0.8197406564442501,1.0,-0.2419019946451212,0.12757250415365906
NewMedia4,0.6508834013982141,-0.818932120370553,1.0,-0.2555287166518371,0.12767515003795582
NewMedia4,0.6510535636002861,-0.8170403227616165,1.0,-0.2452018746126624,0.16088855876313568
NewMedia4,0.6501537228028889,-0.8170675233023632,1.0,-0.21998344659230684,0.14081289008352127
NewMedia4,0.666937772547934,-0.8183996697854353,1.0,-0.24196842430731547,0.15152725411528345
NewMedia4,0.6663566253662814,-0.8184778713400822,1.0,-0.2353551624083723,0.1699521903465282
NewMedia4,0.6659557347546203,-0.8154817317768277,1.0,-0.2516579736522677,0.09758497562860136
NewMedia4,0.6694628065803743,-0.8182045059055774,-1.0,-0.24606600029974368,0.12305608524460743
NewMedia4,0.6731616713965991,-0.817706736009912,1.0,-0.2353616433510255,0.05209511914154463
NewMedia4,0.6736231282157772,-0.8178672192003177,1.0,-0.2497315134486312,0.12063737495281801
NewMedia4,0.6833497727325166,-0.817856338984019,1.0,-0.24917037183058277,0.12144734429435888
NewMedia4,0.6827599732355045,-0.817291927763524,1.0,-0.25412559256743905,0.1380909078608552
NewMedia4,0.682497519669597,-0.8171627251949769,1.0,-0.24607734194938657,0.08718881383815824
NewMedia4,0.6957788237465679,-0.8154987321147944,1.0,-0.24297567081131954,0.06694984488807165
NewMedia4,0.6966065619159687,-0.8156238546022295,1.0,-0.26175474222725703,0.07709499083418936
NewMedia4,0.7059597148196857,-0.814078863887814,-1.0,-0.25144248230905175,0.07050325877354036
NewMedia4,0.7106334071664244,-0.8169444408554842,1.0,-0.24521267618375087,0.025958677566415345
NewMedia4,0.7106838790060219,-0.8162936679181182,1.0,-0.24436529293185694,-0.015519591133448252
NewMedia4,0.7201956576913315,-0.8162637473232968,1.0,-0.2527856576739086,0.02419970036733221
NewMedia4,0.6441317113126142,-0.8007709993274666,-1.0,-0.3312930965808977,-0.025119780748391163
NewMedia4,0.6494211601024433,-0.8102918686023478,1.0,-0.2605957336494593,-0.01353106041130181
NewMedia4,0.6511227821231629,-0.8118837802495513,1.0,-0.29101025744194486,-0.013177398682679975
NewMedia4,0.6153440160586974,-0.8399975791518736,-1.0,-0.55363911680954,-0.3263863843033913
NewMedia4,0.6505546134145499,-0.8313627674918177,-1.0,-0.24139540096106982,0.11567584616367999
NewMedia4,0.6528388246694814,-0.8309703996915458,1.0,-0.23450075813527083,0.1026752783453111
NewMedia4,0.6522115318059114,-0.8316748936968867,1.0,-0.23998525585546426,0.1434564881763607
NewMedia4,0.6502907177960824,-0.8276186130580276,1.0,-0.21219659399459656,0.1361835607017432
NewMedia4,0.6594044899748508,-0.8279695000336607,-1.0,-0.25544068384746554,0.1427948887948487
NewMedia4,0.6605350591818371,-0.8275662520170901,1.0,-0.2856278345685379,0.1229599713711298
NewMedia4,0.6598587365312292,-0.8265278713740829,1.0,-0.27274426065271196,0.10389583122403834
NewMedia4,0.6563906001245934,-0.8279382194118019,1.0,-0.2483289294427875,0.1136406582213989
NewMedia4,0.657074133038001,-0.8275451715980113,1.0,-0.22949531009285307,0.12829662421015176
NewMedia4,0.6569919360420848,-0.8277688960456534,1.0,-0.2725692752010781,0.07160343602431984
NewMedia4,0.6719964929281743,-0.8287909563642125,1.0,-0.26159703928936473,0.1160761651124369
NewMedia4,0.6729222906716503,-0.8291976044483764,1.0,-0.2573298786308469,0.13872731234349445
NewMedia4,0.6736029394799381,-0.8290038005955558,1.0,-0.235317896988117,0.13659507738333243
NewMedia4,0.6800546826330727,-0.828933759203133,1.0,-0.21446924455161998,0.1396847185006609
NewMedia4,0.6864934473131676,-0.829385288179529,1.0,-0.21270210752153906,0.13955407828428346
NewMedia4,0.6870789206525001,-0.8286413533901054,1.0,-0.20706368741333425,0.17643007879004768
NewMedia4,0.6998237811771764,-0.8261912646823419,1.0,-0.20785166202424155,0.20619365265845846
NewMedia4,0.6986456242357122,-0.8269583199314002,1.0,-0.19293307211533917,0.14299924741903958
NewMedia4,0.6939892365196927,-0.8282999866037337,1.0,-0.21054071314672718,0.12879212388798345
NewMedia4,0.694235827507441,-0.8285957924843546,1.0,-0.2091186863129243,0.16003473163466841
NewMedia4,0.6589545695761518,-0.8225042313841199,-1.0,-0.1877191537509132,0.17313794533733406
NewMedia4,0.65582675757366,-0.8224301099105851,1.0,-0.18611566052282302,0.18094929713230723
NewMedia4,0.6553105027572046,-0.821853458446754,1.0,-0.17752733135034504,0.22094759880949444
NewMedia4,0.6508185090330174,-0.8237248556501303,1.0,-0.2142159477095943,0.21162548622655541
NewMedia4,0.6493130061604484,-0.8238717385701628,1.0,-0.19472397260181507,0.2169257464338723
NewMedia4,0.6503556101612791,-0.8199616608378175,1.0,-0.1997796479497943,0.19073891506099727
NewMedia4,0.6414278627627421,-0.7758029429625061,-1.0,-0.23693111163018654,0.17619679268937372
NewMedia4,0.641448051498581,-0.7761579100192512,1.0,-0.23277304683966293,0.14397251703105196
NewMedia4,0.6413471078193858,-0.7769474057144257,1.0,-0.2368441589829241,0.18717150400948834
NewMedia4,0.6416167716480932,-0.7780327072902209,1.0,-0.21728035342740604,0.14090527137938835
NewMedia4,0.6153440160586974,-0.8399975791518736,-1.0,-0.24140080174661405,0.07885116860006414
NewMedia4,0.6153440160586974,-0.8399975791518736,-1.0,-0.24140080174661405,0.07885116860006414
NewMedia4,0.6495105673611592,-0.7877276600258813,1.0,-0.24015592067866287,0.12057298798903204
NewMedia4,0.649095256223899,-0.7872060896570624,1.0,-0.23386832614803832,0.17233917372862595
NewMedia4,0.6514169608453888,-0.7890564064413601,1.0,-0.22322553815452462,0.17987244849159545
NewMedia4,0.6519087007683257,-0.789690859054278,1.0,-0.22537289048692144,0.2195450827722416
NewMedia4,0.6519663828707227,-0.7895908970670337,1.0,-0.17703910033714398,0.21603366038489424
NewMedia4,0.6520860732331972,-0.7893610524977237,1.0,-0.31761182664018484,0.040924447496863525
NewMedia4,0.6153440160586974,-0.8399975791518736,-1.0,-0.43787165843271914,-0.25083528088346363
NewMedia4,0.6153440160586974,-0.8399975791518736,-1.0,-0.43787165843271914,-0.25083528088346363
NewMedia4,0.6459775385893265,-0.78400458601117,1.0,-0.12921244394997256,0.2718254310777213
NewMedia4,0.6445715373433933,-0.7835673373186659,1.0,-0.16251692808719032,0.27637544318526963
NewMedia4,0.6153440160586974,-0.8399975791518736,-1.0,-0.5099780863126541,-0.46852480601094293
NewMedia4,0.6153440160586974,-0.8399975791518736,-1.0,-0.5099780863126541,-0.46852480601094293
NewMedia4,0.6515871230474608,-0.8330029600988468,1.0,-0.11438404715965933,0.3506845314052083
NewMedia4,0.6512338201702776,-0.8332212444383394,1.0,-0.12820087681753312,0.32268926617990745
NewMedia4,0.6410442767818001,-0.7756866606508137,1.0,-0.18846986294156498,0.21066621378058348
NewMedia4,0.6411870399852333,-0.7765223972652576,1.0,-0.20589765781432912,0.2496641846580796
NewMedia4,0.6386302807964743,-0.7760171472208868,1.0,-0.19268787645163,0.3095655233003827
NewMedia4,0.6340445536558919,-0.7792784920564221,-1.0,-0.17340383158730444,0.34013346764391783
NewMedia4,0.6400954061973652,-0.7784889963612477,1.0,-0.18600278410494808,0.26732394247911295
NewMedia4,0.6457468101797375,-0.77687872434904,1.0,-0.1854567646864237,0.28178674757650723
NewMedia4,0.6439053090607048,-0.7764639161026521,1.0,-0.20047148857801378,0.25358899001582147
NewMedia4,0.6294588265153089,-0.7289717719588265,-1.0,-0.1850506256134955,0.27663672361802494
NewMedia4,0.6300255531713621,-0.6980726376840372,1.0,-0.2313650620482749,0.23655537208899768
NewMedia4,0.62521198172631,-0.6907094513038919,-1.0,-0.15661602980153477,0.271672395395679
NewMedia4,0.6240352668374056,-0.6882389621905683,1.0,-0.10491809033623933,0.31959589248496845
NewMedia4,0.6245529637064211,-0.6885123276250732,1.0,-0.10666254406703468,0.3286987161332735
NewMedia4,0.6256071041277314,-0.688865934654781,-1.0,-0.39051541046645233,-0.012127611229646229
NewMedia4,0.6153440160586974,-0.8399975791518736,-1.0,-0.39051541046645233,-0.012127611229646229
NewMedia4,0.656589603377864,-0.818160305026864,1.0,-0.06714715655392078,0.46096540320469814
NewMedia4,0.6524191873745413,-0.8307296749059372,-1.0,0.04885523599407526,0.5936865316002355
NewMedia4,0.6510002076555688,-0.8322338648092324,1.0,0.014893476256121474,0.5850866727849837
